NAME    : E241-22k
COMMENT : KELLY ET ALL. 1998
TYPE    : HREAL
ROUTES  : 22
COST    : 747.229                          
SOLUTION_SECTION
 #R   SUMD        COST      LENGTH    #C   SEQUENCE
  1    200     44.1563     44.1563    11   19  79 139 198 199 200 187 205 204 203  84
  2    200     35.9869     35.9869    11   38  48 168 109  70 164 223 222 163 103  43 
  3    190     22.8997     22.8997     8   45   5  65 110  51  56  46   6
  4    190     22.1994     22.1994    10   14  74  23  83 134 122 141  62  21   2      
  5    200     32.6393     32.6393    10   24 143 194 182 146  87  93   8  92  32       
  6    190     28.1274     28.1274    13   29  89  34  94 149  95   9 101 100  41  40  39  37                
  7    200     43.1098     43.1098    11  170 225 230 231 232 191 237 131 172 171 111            
  8    200     43.0729     43.0729    12   26  81  86 201 206 207 208 188 213 128 148 147                     
  9    200     36.9410     36.9410    11  116 176 235 236 177  71 117 112  11  52  57                 
 10    200     37.2468     37.2468    14   27  28  33  88  68 153 212 211 152 202 151  91  82  31             
 11    190     26.5366     26.5366    10  106  55 115 226 175 186 126 166  66  53                    
 12    180     23.5182     23.5182     6   22   3 142 183 123  63                
 13    200     27.3981     27.3981    12  113  58 173 118  60  12  77  76  16  15  54   1
 14    200     43.3951     43.3951    11   35 154 209 214 215 216 189 221 129 156 155                               
 15    200     35.8138     35.8138    10   17 136 137 132 180  72 120 179 119  59                 
 16    200     45.6803     45.6803    12  135 234 181 195 196 197 192 240 239 238 233 178                    
 17    200     37.1340     37.1340    12   99 150 159 210 184 219 160 220 161  69  96  36                      
 18    200     26.3708     26.3708    11   30   4  90  97  64 124 162 217 102 157  42                    
 19    200     28.5754     28.5754    10   49  10 108 167 218 185 125 165  50 105                 
 20    180     27.3924     27.3924    12   13 114  73  61  75 174 121 193 138 133  78  18                  
 21    200     35.3285     35.3285    10   20  80 140 127 145  67 144  85   7  25                   
 22    200     43.7068     43.7068    13   47  98 158 107 227 228 229 190 224 130 169 104  44        
DEPOT_SECTION
241 
END