NAME    : E256-14k
COMMENT : KELLY ET ALL. 1998
TYPE    : HREAL
ROUTES  : 14
COST    : 587.092                          
SOLUTION_SECTION
 #R   SUMD        COST        LENGTH   #C  SEQUENCE
  1    985     64.5919       64.5919   26   83 111 142 170 182 193 203 213 222 230 237 238 244 239 232 225 233 226 217 207 197 186 173 159 144 113 
  2    979     19.7858       19.7858    9   13  25  32  41  33  26  19   9   5            
  3    994     64.6267       64.6267   26  129 145 160 174 198 208 218 227 234 240 245 249 252 248 243 231 224 216 206 196 185 172 158 128  98  72     
  4    997     71.9848       71.9848   30   96 141 155 168 180 191 201 211 220 228 235 241 246 250 253 255 254 251 247 242 236 229 221 212 202 192 181 169 156 126             
  5    992     17.7858       17.7858    8   11  17  24  31  23  16   6   3                 
  6    988     49.7733       49.7733   19   71  97 127 157 183 194 204 214 223 215 205 195 184 171 143 112  84  60  40                               
  7    986     47.4384       47.4384   22   69  81  94 108 123 138 152 165 151 136 120 105  91  78  66  55  45  36  28  21  15  10               
  8    981     52.7000       52.7000   23   50  85  99 114 130 146 161 187 199 209 219 210 200 188 175 162 147 131 115 100  86  73  61                    
  9    600      4.8284        4.8284    2    1   2                
 10    968     11.4049       11.4049    5    4   8  18  12   7              
 11    980     41.6969       41.6969   20   30  38  47  57  68  80  93 107 122 137 121 106  92  79  67  56  46  37  29  22                     
 12    986     47.9197       47.9197   21   39  48  58  82  95 109 124 139 153 166 178 190 179 167 154 140 125 110  70  59  49                
 13    994     50.4990       50.4990   24   27  35  44  54  65  77  90 104 119 135 150 164 177 189 176 163 148 132 116 101  87  74  62  51                        
 14    999     42.0570       42.0570   20   42  52  63  75  88 102 117 133 149 134 118 103  89  76  64  53  43  34  20  14                     
DEPOT_SECTION
256
END 