NAME    : E397-34k
COMMENT : KELLY ET ALL.1998
TYPE    : HREAL
ROUTES  : 34
COST    : 1364.229                          
SOLUTION_SECTION
 #R   SUMD        COST        LENGTH   #C  SEQUENCE
  1    976     20.9300       20.9300    6   28  29  30  58  59  31                
  2    924     22.4903       22.4903    6   21  45  44  43  20  19         
  3    900     10.3246       10.3246    3    9   8   7       
  4    916     16.2613       16.2613    5   32  60  33  13   1           
  5    964     29.2617       29.2617    8   37  36  66  65  64  63  34  14     
  6    993     49.2856       49.2856   15   70 108 154 208 270 341 342 343 344 274 212 158 112 111 73         
  7    999     48.2117       48.2117   13   35 101 102 148 147 200 201 202 203 149 103 104  67            
  8    965     56.7783       56.7783   16  100 145 146 198 199 259 260 261 262 263 264 265 266 204 150 105             
  9    986     65.5216       65.5216   19  144 196 197 258 326 327 328 329 330 331 332 333 334 335 336 337 267 205 151              
 10    960     15.0618       15.0618    4    3  16  15   2      
 11    816     20.1980       20.1980    6   23  47  79  78  46  22         
 12    916     16.2613       16.2613    5    4  18  40  39  17        
 13    980     38.2181       38.2181   12   42  72 110 156 210 272 271 209 155 109  71  41       
 14    600      9.4049        9.4049    2    5   6       
 15    938     48.1827       48.1827   13   75 114 161 160 214 215 216 217 218 162 163 115  76            
 16    988     56.4678       56.4678   16   74 113 159 213 275 276 277 278 279 280 281 282 283 219 164 116          
 17    986     66.5786       66.5786   19  157 211 273 345 346 347 348 349 350 351 352 353 354 355 356 284 220 221 165           
 18    974     48.1164       48.1164   15   54 130 180 181 239 238 304 305 379 378 377 303 237 179 129            
 19    956     45.8716       45.8716   13   50  83 124 174 232 298 299 300 301 235 177 128  86        
 20    964     50.2677       50.2677   15   81 121 169 225 290 291 364 363 362 361 289 224 168 120  80               
 21    997     50.5322       50.5322   16   77 117 118 166 222 286 285 357 358 359 360 288 287 223 167 119            
 22    900     10.3246       10.3246    3   10  11  12        
 23    957     38.7034       38.7034   11   52  85 127 126 176 234 233 175 125  84  51             
 24    962     63.1038       63.1038   17  170 226 227 228 292 293 365 366 367 368 369 295 294 230 229 171 122          
 25    993     58.4003       58.4003   17   82 123 172 173 231 297 296 370 371 372 373 374 375 376 302 236 178              
 26    998     29.5432       29.5432    9   55  90 132 131  89  88  87  53  27     
 27    996     55.5088       55.5088   15   94 188 248 247 246 245 313 312 311 310 244 186 185 135  92          
 28    796     19.6619       19.6619    5   26  25  49  48  24                
 29    965     48.1108       48.1108   15   96 140 192 191 251 252 320 319 395 396 321 253 193 141  61             
 30    993     43.4996       43.4996   14   69 107 153 207 269 340 339 338 268 206 152 106  68  38             
 31    997     52.5252       52.5252   16  137 189 249 317 316 315 391 392 393 394 318 250 190 138 139  95           
 32    992     45.8024       45.8024   13   57  91 134 184 242 243 309 308 307 241 183 133  56                      
 33   1000     63.4591       63.4591   18  182 240 306 380 381 382 383 384 385 386 387 388 389 390 314 187 136  93                    
 34    997     51.3606       51.3606   16   62  99 143 195 255 256 257 325 324 323 322 254 194 142  98  97               
DEPOT_SECTION
397
END 