NAME    : E421-41k
COMMENT : KELLY ET ALL.1998                                           
TYPE    : HREAL 
ROUTES  : 41
COST    : 1934.9555
 #R SUMD         COST       LENGTH  #C  SEQUENCE
 1   190      30.6694      30.6694  11  39 150  99 159 210 184 162 217 103  10  48
 2    60      13.5324      13.5324   3  54  13   1
 3   200      53.8411      53.8411  13 152 271 331 382 363 389 334 303 322 262 211 202 151
 4   170      28.9264      28.9264  11  29  89  34 149  94  36   9  96  69 101  41
 5   200      61.8258      61.8258  15 218 227 278 338 287 347 398 365 410 405 350 291 232 231 172
 6   200      89.3303      89.3303  12 258 313 318 373 378 379 307 380 367 385 384 383
 7   200      49.0476      49.0476  10 163 222 277 244 304 364 390 330 270 219
 8   200      43.1317      43.1317   8 104  70 130 224 190 288 228 168
 9   170      26.3237      26.3237  11  14  74  23  24  83 134 143  84   7  20  19
10   200      50.2507      50.2507  10 198 253 241 301 361 414 315 354 255 196
11   200      38.8949      38.8949  10  40 100 160 161 220 221 129 215 155  95
12   200      87.7534      87.7534  13 156 275 276 335 394 395 396 369 401 400 399 339 279
13   200      34.9306      34.9306  16  73 114  15  75 174 234 135 136 195 294 181 138 193 133  78  18
14   130      19.2965      19.2965   7  63 142  91  31  82  22   3
15   200      54.8510      54.8510  12  85 145 205 264 323 374 362 381 326 267 208 128
16   200      70.8562      70.8562  13 223 282 337 342 397 402 343 403 344 250 284 283 164
17   180      25.7757      25.7757   7  16  17  12  77  76 121  61
18   190      23.8939      23.8939  10  30  37   4  90  97  64 124 157 102  42
19   200      84.4717      84.4717  11 272 332 391 392 393 368 388 308 333 273 153
20   200      89.3710      89.3710  10 356 357 416 311 417 371 412 411 352 351
21   200      66.3961      66.3961  10 212 213 188 268 248 328 387 386 327 207
22   200      84.4716      84.4716  12 348 407 408 409 370 404 310 349 289 229 169 109
23   200      85.2584      85.2584  11 358 418 419 420 372 377 312 360 359 300 299
24    50      12.0325      12.0325   2  46   6
25   200      52.5848      52.5848   9 177 131 237 191 292 251 297 296 236
26   200      45.4920      45.4920  11  68 148 266 321 302 263 314 242 254 203 194
27   200      40.7537      40.7537   9  79 139 199 259 200 127  67 144  25
28   200      65.2061      65.2061  11  80 140 187 260 319 320 247 325 324 265 204
29   190      29.9071      29.9071   9  62 122 182 261 206 147 146 201 141
30   190      31.4083      31.4083  12  32  28  33  92  93  88   8  87  27  86  81  26
31   200      34.0094      34.0094  14  55  56  52  57 112 117  11 111 225 170  51  50 105  45
32   200      58.1223      58.1223  11 246 306 413 366 415 406 355 346 295 235 286
33   200      40.3076      40.3076  10 165 185 245 305 345 290 230 285 171 110
34   200      36.1382      36.1382  10 123 183 243 274 329 269 214 209 154  35
35   200      27.1707      27.1707  12  43  44  49 108 167 107 158 125  65  98  47  38
36   190      42.1260      42.1260  11  60 120 179  72 180 132 239 298 353 293 238
37   200      28.0304      28.0304  10   5  66 166 126 118 173  59 113  58  53
38   200      34.0526      34.0526  11 119 178 233 186 226 175 176  71 116 115 106
39    50      12.0324      12.0324   2  21   2
40   200      65.7310      65.7310   9 280 340 341 309 336 249 281 189 216
41   200      66.7503      66.7503  11 137 197 256 316 375 376 317 252 257 192 240
DEPOT_SECTION
421
END