NAME    : E481-38k
COMMENT : KELLY ET ALL. 1998
TYPE    : HREAL
ROUTES  : 38
COST    : 1656.662                          
SOLUTION_SECTION
 #R   SUMD        COST      LENGTH   #C   SEQUENCE
  1    990     53.5699     53.5699   17   132 182 240 306 307 381 382 464 463 462 380 379 305 239 181 131  89              
  2    964     50.2677     50.2677   15    76 116 163 219 283 282 353 354 355 356 284 220 164 117  77          
  3    916     17.3417     17.3417    5    22  46  45  21   5
  4    960     12.3246     12.3246    4    10  28  27   9       
  5    916     17.3417     17.3417    5    23  47  48  24   8        
  6    872     21.6619     21.6619    6    26  52  53  54  55  29     
  7    976     43.5022     43.5022   12    86 177 235 301 375 374 300 234 127  85  51  25   
  8    991     48.5422     48.5422   16    70 108 154 208 270 340 339 417 418 419 341 271 209 155 109  71     
  9    945     43.6262     43.6262   12    30  58  94 189 249 317 393 394 318 250 190 138     
 10    936     21.3417     21.3417    6    13  33  61  62  34   2    
 11    996     23.6619     23.6619    7    16  38  68  67  37  15  14   
 12    960     12.3246     12.3246    4     3  17  18   4
 13    600      8.3246      8.3246    2     6   7        
 14    977     62.8399     62.8399   19   156 210 272 342 420 421 422 423 424 425 347 346 345 344 343 273 211 157 110         
 15    977     68.5093     68.5093   19   123 172 229 293 294 366 446 447 448 449 450 451 452 453 371 297 298 232 175          
 16    989     49.3542     49.3542   14    63  99 144 196 197 198 199 200 201 202 148 149 104  66            
 17   1000     24.9020     24.9020    7    40  41  42  43  44  20  19           
 18    991     48.1108     48.1108   16    78 118 166 222 286 358 438 439 440 360 359 287 223 167 119  79         
 19    995     61.6247     61.6247   17    90 183 241 308 309 310 384 385 386 387 388 389 390 314 246 187  92      
 20    997     73.3710     73.3710   21    97 194 254 322 398 399 400 401 402 403 404 405 406 407 408 331 332 333 334 335 204        
 21    975     55.6319     55.6319   17   128 178 236 302 376 458 457 456 455 454 372 373 299 233 176 126  84    
 22    986     46.5258     46.5258   13    75 114 113 159 213 275 274 212 158 112 111  73  72     
 23    982     47.3012     47.3012   15    39  69 107 153 207 269 268 338 416 415 337 267 206 152 106       
 24    944     46.9392     46.9392   15    88 130 180 238 304 378 461 460 459 377 303 237 179 129  87             
 25    980     36.6868     36.6868   12    60  96 140 192 252 320 319 251 191 139  95  59               
 26    977     69.3990     69.3990   20   142 255 323 324 325 326 327 328 329 330 409 410 411 412 413 414 336 266 205 151         
 27    989     71.5345     71.5345   19    74 160 214 276 277 278 348 426 427 428 429 349 350 430 431 351 280 281 218                 
 28    940     56.7396     56.7396   14   125 174 231 296 370 369 368 367 295 230 173 124  83  50               
 29    959     69.0238     69.0238   19   133 184 242 383 465 466 467 468 469 470 471 472 473 474 475 391 315 247 136           
 30    300      6.3246      6.3246    1     1          
 31    940     56.7985     56.7985   16    98 143 195 256 257 258 259 260 261 262 263 264 265 203 150 105          
 32    978     62.0369     62.0369   18   165 221 285 357 437 436 435 434 433 432 352 279 215 216 217 161 162 115               
 33    983     59.2686     59.2686   18    93 137 188 248 316 392 476 477 478 479 395 396 480 397 321 253 193 141            
 34    958     47.3701     47.3701   14    49 122 170 226 227 291 363 362 290 289 225 169 121  81                
 35    992     51.1292     51.1292   13    56  91 134 185 243 244 311 312 313 245 186 135  57          
 36    987     40.9871     40.9871   11    35  64 100 101 145 146 147 102 103  65  36                  
 37    960     13.4049     13.4049    4    12  32  31  11            
 38    994     57.0176     57.0176   17    80 120 168 224 288 361 441 442 443 444 445 365 364 292 228 171  82         
DEPOT_SECTION
481
END 