NAME    : E484-19k
COMMENT : KELLY ET ALL. 1998
TYPE    : HREAL
ROUTES  : 19
COST    : 1137.176                          
SOLUTION_SECTION
 #R   SUMD        COST      LENGTH   #C   SEQUENCE
  1    999     70.5872     70.5872   27    85 162 200 221 242 264 285 304 322 339 340 356 371 385 398 370 354 337 320 302 283 262 241 219 199 127  97          
  2    993     77.1563     77.1563   32    99 146 164 183 223 245 267 287 307 325 343 359 374 388 401 413 424 434 412 400 387 373 358 342 324 306 266 244 202 182 163 129     
  3    995     92.7165     92.7165   40   203 224 246 288 308 326 344 360 375 389 402 414 425 435 444 453 445 436 437 427 416 404 391 377 362 346 329 311 292 272 251 229 208 188 152 135 119 104  90  77          
  4    999    107.9227    107.9227   45    89 134 151 169 170 189 209 230 252 273 293 312 330 347 363 378 392 405 417 428 438 447 455 462 468 473 477 480 476 472 467 461 454 446 426 415 403 390 376 361 345 328 310 291 270       
  5   1000    110.1331    110.1331   46   215 258 278 333 350 366 381 395 408 420 431 449 457 464 470 475 479 482 483 481 478 474 469 463 456 448 439 429 418 406 393 379 364 348 331 313 294 274 253 231 210 190 171 153 136 120      
  6    999     76.9117     76.9117   30   180 220 263 284 303 321 338 355 384 397 410 422 433 423 411 399 386 372 357 341 323 305 286 265 243 222 201 181 145 113          
  7   1000     77.1077     77.1077   33    67  79  92 106 138 156 174 214 236 257 277 296 315 297 316 334 351 367 382 368 383 369 353 336 319 301 282 240 218 198 179 160 126              
  8    997    101.3968    101.3968   41   122 155 173 192 234 255 295 314 332 349 365 380 394 407 419 430 440 441 450 458 465 471 466 460 452 443 459 451 442 432 421 409 396 352 335 317 298 279 216 196 177          
  9    900      5.6569      5.6569    3     2   4   1        
 10    928     21.3873     21.3873   10     3   6  10  15  21  28  37  29  22  16          
 11    999     39.1535     39.1535   18    30  38  47  57  68  94 108 123 140 124 109  95  81  69  58  48  39  23             
 12    999     63.0463     63.0463   27    46  56  80  93 107 139 157 195 237 259 238 260 280 299 318 300 281 261 239 217 197 178 159 142 110  96  59            
 13    995     68.6473     68.6473   31    36  45  55  66  78  91 105 121 137 154 172 191 212 233 211 232 254 275 276 256 235 213 193 194 175 176 158 141 125  82  70              
 14    976     13.0618     13.0618    6     5   8  12  17  11   7        
 15    996     23.4707     23.4707   10    13  19  25  33  51  50  41  32  24  18       
 16    930     29.8385     29.8385   14     9  14  20  27  35  44  54  65  76  64  53  43  34  26         
 17    999     37.7990     37.7990   15    31  49  71  83 111 143 161 144 128 112  98  84  72  60  40          
 18    999     52.2550     52.2550   24    61  73  86 100 115 131 148 166 185 205 226 206 186 167 133 118 103 117 102  88  75  63  52  42            
 19    998     68.9285     68.9285   31   114 130 147 165 184 204 225 247 268 289 327 309 290 269 248 227 249 271 250 228 207 187 168 150 149 132 116 101  87  74  62            
DEPOT_SECTION
484
END 