Description:

Following is a problem description of Graph Coloring Problem. It contains two section.

1. Problem's data description
2. The adjacency list representation of that specific problem.

Please calculate the best solution for this problem, which is the minimum number of colors needed to color the graph such that no two adjacent nodes have the same color.


[GCP_DATA_INFO]
Type: GCP, Graph Coloring Problem
Node: 500
Edge: 12458

[ADJACENCY_List]
6: [2]
8: [3, 4, 7]
9: [4]
10: [2, 5]
11: [7]
12: [3, 10]
13: [2, 5]
14: [7]
15: [5, 14]
16: [6, 11]
17: [1, 9]
20: [2, 9, 13]
22: [8]
24: [11]
25: [21]
26: [3, 9, 13, 25]
27: [25]
28: [13, 14]
29: [23]
30: [1, 4, 5, 11, 13, 20]
31: [1, 3, 7, 18, 20, 27, 28]
32: [4, 22, 29]
33: [13, 17, 18, 23, 29]
34: [10, 26, 27]
35: [11, 13, 22, 28]
36: [2, 12]
37: [1, 3, 12, 18, 22]
38: [9, 12, 14, 20, 25, 33]
39: [1, 21, 27, 31, 32]
40: [8, 14, 18, 24]
41: [5, 9, 19, 25, 35]
42: [9, 25, 27, 40]
43: [21, 22, 27, 28, 37]
44: [10]
45: [10, 18, 20, 24, 35]
46: [1, 3, 14, 43]
47: [4, 6, 11, 20, 30, 32, 35]
48: [2, 3, 6, 14, 16]
49: [22]
50: [3, 5, 10, 13, 31, 35, 38, 46]
51: [6, 32]
52: [1, 9, 13, 28, 50]
53: [21, 28, 33]
54: [9, 11, 13, 16, 18, 24, 27, 29, 36, 42, 48]
55: [7, 12, 23, 24, 28, 49]
56: [4, 5, 16, 21, 30, 31, 32, 38, 44, 46]
57: [12, 14, 18, 20, 28, 42, 47, 48, 51]
58: [11, 14, 19, 34, 36, 52]
59: [17, 18, 21, 24, 32, 48, 49, 51, 55]
60: [3, 20, 53]
61: [25, 27, 32, 48, 55, 56]
62: [5, 9, 21, 26, 31, 54]
63: [12, 23, 26, 41, 47]
64: [2, 33, 44, 63]
65: [5, 33, 38, 47, 51]
66: [37, 42, 51, 63, 64]
67: [7, 10, 17, 52, 64]
68: [10, 11, 19, 28, 44, 48, 50, 65]
69: [2, 13, 49, 56, 58, 60]
70: [7, 30, 39, 49, 56, 63]
71: [4, 7, 14, 28, 29, 34, 38, 45, 51, 67]
72: [2, 7, 13, 24, 31, 55, 59, 70]
73: [4, 8, 23, 37, 65, 68, 69]
74: [15, 25, 45, 56, 60, 64]
75: [32, 37, 43, 58, 67, 68, 69, 73]
76: [24, 31, 32, 37, 39, 42, 59]
77: [17, 39, 41, 43]
78: [33, 34, 46, 68]
79: [9, 11, 37, 40, 48, 52, 63, 69]
80: [2, 8, 11, 14, 19, 45, 51, 55, 63, 66, 75]
81: [8, 10, 18, 22, 49, 57, 61, 68, 78]
82: [2, 22, 33, 71, 75]
83: [14, 30, 47, 56, 63, 67, 72]
84: [7, 21, 32, 33, 36, 37, 46, 48, 67, 70, 73, 79]
85: [9, 16, 28, 35, 41, 59, 83]
86: [4, 8, 10, 11, 35, 42, 43, 55, 56, 57, 71, 74, 78]
87: [11, 14, 19, 23, 24, 31, 36, 38, 39, 46, 48, 61, 78]
88: [11, 23, 32, 47, 50, 62, 69, 75]
89: [2, 8, 11, 28, 32, 40, 51, 53, 70, 75, 79, 87]
90: [8, 17, 26, 31, 37, 38, 40, 41, 44, 52, 53, 59, 79, 80]
91: [28, 37, 49, 71, 73, 74]
92: [13, 15, 45, 58, 62, 65, 76, 78, 80]
93: [10, 14, 15, 40, 44, 47, 57, 61, 81]
94: [2, 22, 51, 56, 61, 70, 71]
95: [14, 26, 37, 59, 62, 82, 89, 90]
96: [24, 27, 39, 57, 76, 77, 87, 95]
97: [3, 14, 31, 44, 64, 80, 91]
98: [4, 5, 24, 40, 53, 54, 60, 66, 91, 96]
99: [27, 45, 68, 75, 82, 85]
100: [5, 16, 23, 32, 48, 55, 69, 73, 74, 75, 77, 79, 83]
101: [2, 4, 33, 34, 43, 47, 54, 62, 63, 81]
102: [6, 8, 17, 55, 69, 74, 80, 89]
103: [1, 8, 22, 63, 101]
104: [36, 49, 56, 62, 72, 84, 89]
105: [10, 16, 43, 55, 56, 60, 64, 68, 80, 81, 86, 96]
106: [12, 23, 30, 36, 46, 47, 64, 66, 81]
107: [3, 22, 52, 56, 62, 75, 83, 87]
108: [7, 29, 33, 40, 70, 72, 82, 83, 94, 102, 103]
109: [11, 21, 25, 42, 43, 49, 50, 55, 57, 67, 70, 77, 83, 104]
110: [8, 11, 18, 20, 23, 25, 27, 51, 53, 57, 60, 62, 69, 100, 101, 109]
111: [5, 26, 38, 46, 51, 55, 76, 82, 89, 94, 107]
112: [1, 18, 24, 38, 45, 63, 69, 79, 89, 98]
113: [6, 29, 41, 47, 48, 61, 63, 75, 78, 83, 89, 95]
114: [4, 30, 32, 35, 41, 46, 60, 62, 90, 99, 103]
115: [7, 24, 32, 52, 56, 84, 106]
116: [3, 7, 39, 41, 42, 51, 53, 54, 60, 80, 101]
117: [32, 34, 35, 42, 58, 80, 82, 86, 87, 112]
118: [17, 33, 45, 58, 75, 89, 95, 96, 103]
119: [10, 21, 38, 65, 76, 79, 80, 86, 96, 117]
120: [3, 11, 28, 29, 37, 44, 49, 69, 75, 81, 118]
121: [1, 2, 4, 9, 19, 55, 56, 58, 60, 61, 64, 73, 76, 98, 99, 101]
122: [29, 62, 77, 78, 81, 88, 89, 95, 103, 106, 113, 118]
123: [47, 48, 52, 68, 74, 78, 86, 87, 88, 95, 117]
124: [19, 25, 33, 63, 65, 74]
125: [13, 22, 57, 58, 63, 69, 78, 80, 82, 97, 112, 119]
126: [3, 34, 60, 65, 66, 72, 78, 81, 100, 123]
127: [5, 23, 30, 39, 45, 46, 47, 56, 68, 81, 85, 91, 103, 104, 106, 115, 125]
128: [1, 9, 11, 12, 15, 17, 32, 43, 86, 87, 101, 119, 121]
129: [2, 8, 33, 36, 38, 51, 52, 56, 60, 64, 67, 80, 122]
130: [31, 51, 59, 61, 69, 72, 73, 76, 94, 96, 108, 111, 113, 114]
131: [1, 16, 18, 32, 35, 66, 67, 77, 82, 97, 113, 116]
132: [16, 38, 42, 44, 48, 57, 68, 74, 84, 87, 96, 104, 114]
133: [1, 12, 39, 52, 71, 81, 98, 105, 120, 128]
134: [11, 30, 31, 42, 53, 70, 89, 92, 97, 111, 113]
135: [23, 25, 31, 35, 38, 46, 51, 55, 56, 64, 70, 78, 79, 86, 88, 91, 97, 108, 109, 118, 120, 123, 124, 132]
136: [1, 3, 16, 20, 28, 32, 60, 64, 65, 71, 73, 84, 89, 90, 92, 93, 94, 104, 111, 118, 119, 130]
137: [4, 5, 9, 13, 15, 28, 42, 53, 63, 74, 75, 77, 90, 98, 99, 129, 132, 133]
138: [20, 24, 30, 33, 44, 50, 52, 53, 56, 63, 64, 70, 73, 80, 103, 112, 123]
139: [3, 8, 32, 39, 63, 64, 95, 109, 116]
140: [31, 32, 42, 48, 52, 61, 62, 66, 68, 78, 81, 82, 86, 87, 94, 96, 102, 103, 109, 122, 129, 135]
141: [2, 21, 33, 35, 42, 45, 59, 61, 65, 85, 89, 92, 96, 109, 117]
142: [5, 6, 23, 77, 80, 95, 101, 105, 114, 117, 121, 134, 135, 137, 141]
143: [32, 36, 41, 43, 49, 52, 64, 72, 77, 78, 82, 94, 97, 110, 127, 131, 136]
144: [10, 50, 57, 88, 94, 96, 121, 142]
145: [6, 16, 23, 50, 65, 75, 98, 112, 126]
146: [5, 11, 24, 28, 32, 67, 73, 96, 97, 99, 134, 144]
147: [4, 9, 23, 37, 77, 78, 95, 104, 109, 130]
148: [11, 17, 26, 32, 47, 64, 68, 76, 84, 124]
149: [16, 17, 34, 35, 42, 75, 91, 98, 110, 118]
150: [1, 19, 21, 39, 55, 61, 71, 80, 88, 93, 111, 114, 118, 145]
151: [31, 36, 38, 42, 44, 60, 61, 71, 89, 105, 115, 120, 122, 131, 135, 144, 146]
152: [13, 16, 32, 41, 78, 81, 83, 104, 118, 120, 135, 139]
153: [12, 14, 37, 39, 58, 61, 63, 65, 82, 108, 127, 132, 138, 144]
154: [6, 38, 39, 41, 46, 79, 81, 89, 114, 141]
155: [10, 12, 16, 27, 32, 40, 50, 60, 75, 79, 85, 98, 103, 108, 111, 113, 129, 133, 148]
156: [14, 26, 29, 40, 51, 52, 55, 64, 69, 76, 92, 94, 102, 107, 144, 147]
157: [11, 17, 29, 38, 41, 45, 76, 87, 88, 90, 93, 96, 104, 111, 120, 123, 131, 134, 142, 145, 147, 153]
158: [18, 33, 45, 59, 60, 80, 115, 128, 133]
159: [15, 27, 37, 56, 64, 66, 73, 103, 106, 107, 136]
160: [11, 16, 46, 54, 62, 68, 81, 88, 98, 103, 108, 112, 121, 123, 137, 142, 150, 153]
161: [16, 19, 29, 35, 61, 62, 64, 71, 76, 87, 89, 118, 120, 123, 125, 132, 133, 150, 155]
162: [6, 11, 16, 27, 52, 57, 68, 71, 82, 87, 90, 98]
163: [4, 12, 16, 18, 42, 71, 83, 86, 102, 120, 127, 131, 132, 137]
164: [15, 18, 46, 61, 65, 91, 97, 105, 116, 125, 134, 142, 155, 157, 158]
165: [5, 13, 24, 26, 29, 48, 50, 79, 88, 93, 102, 109, 120, 130]
166: [2, 5, 17, 18, 58, 61, 69, 70, 72, 81, 101, 121, 127, 133, 134, 147, 156, 158, 159]
167: [10, 21, 27, 75, 135, 147, 148]
168: [2, 13, 40, 42, 61, 63, 76, 100, 128, 134, 137, 138, 144, 149, 165]
169: [2, 21, 25, 27, 40, 54, 62, 65, 73, 82, 92, 102, 116, 135, 137, 166]
170: [2, 14, 17, 24, 25, 27, 32, 35, 39, 42, 50, 58, 79, 88, 89, 91, 95, 106, 122, 125, 148, 149, 168]
171: [5, 8, 16, 19, 30, 32, 40, 65, 70, 72, 90, 94, 106, 115, 116, 117, 122, 123, 124, 132, 134, 138, 151, 161]
172: [3, 7, 22, 23, 29, 37, 44, 45, 51, 74, 77, 92, 96, 102, 120, 127, 149, 150, 156, 159, 162]
173: [8, 40, 42, 62, 75, 82, 87, 97, 100, 118, 141, 150, 160, 162, 167]
174: [21, 22, 34, 42, 44, 66, 70, 97, 111, 126, 128, 140, 141, 143, 151, 156, 167]
175: [7, 45, 67, 68, 76, 85, 88, 90, 92, 94, 114, 116, 117, 122, 128, 145, 150, 157, 159, 169, 170]
176: [14, 23, 24, 29, 40, 44, 47, 50, 52, 66, 67, 75, 79, 89, 106, 107, 111, 114, 132, 159]
177: [5, 31, 42, 45, 61, 101, 123, 126, 128, 153, 156, 175]
178: [23, 43, 44, 46, 74, 79, 83, 90, 100, 116, 146, 167]
179: [3, 15, 16, 26, 31, 32, 43, 48, 51, 58, 66, 67, 77, 80, 82, 100, 106, 121, 125, 126, 145, 149, 153, 156, 172]
180: [3, 4, 7, 9, 40, 43, 44, 58, 74, 75, 77, 81, 87, 88, 90, 100, 114, 128, 133, 156]
181: [3, 17, 22, 25, 35, 46, 52, 66, 98, 102, 113, 116, 123]
182: [3, 20, 27, 45, 65, 96, 97, 102, 115, 119, 137, 143, 150, 161, 171]
183: [13, 15, 20, 29, 36, 47, 51, 57, 76, 102, 108, 110, 129, 132, 133, 139, 142, 158, 167, 176]
184: [6, 23, 29, 46, 47, 58, 83, 124, 129, 137, 141, 144, 168, 170]
185: [4, 21, 44, 68, 76, 82, 84, 95, 97, 117, 120, 136, 140, 165, 172]
186: [16, 23, 37, 49, 55, 82, 87, 103, 104, 112, 115, 117, 119, 181]
187: [2, 9, 11, 16, 21, 46, 54, 55, 58, 69, 118, 129, 130, 148, 149, 153, 156, 163, 179]
188: [22, 24, 32, 36, 40, 42, 44, 54, 55, 63, 64, 68, 70, 72, 74, 85, 105, 107, 112, 117, 126, 136, 140, 141, 147, 182]
189: [10, 18, 34, 39, 40, 46, 57, 59, 64, 99, 103, 110, 116, 137, 148, 155, 163, 176, 182, 188]
190: [3, 10, 12, 14, 22, 27, 29, 50, 53, 55, 65, 83, 93, 98, 102, 114, 119, 121, 122, 136, 137, 147, 153, 162]
191: [5, 8, 26, 40, 47, 48, 69, 102, 112, 117, 125, 147, 148, 165, 175]
192: [7, 8, 13, 28, 32, 54, 58, 63, 72, 74, 93, 95, 98, 102, 103, 120, 139, 153, 154, 168, 176, 183]
193: [12, 13, 42, 61, 72, 73, 80, 85, 90, 111, 120, 133, 140, 142, 145, 146, 167, 173, 177, 183, 185, 192]
194: [2, 13, 30, 38, 43, 44, 47, 51, 54, 121, 126, 135, 145, 158, 164, 172, 174]
195: [6, 7, 9, 11, 32, 33, 39, 46, 51, 61, 65, 74, 91, 106, 120, 122, 146, 161, 174]
196: [5, 6, 8, 10, 12, 21, 31, 35, 47, 54, 61, 68, 73, 82, 91, 107, 124, 127, 135, 138, 159, 180, 191]
197: [29, 58, 67, 92, 116, 126, 133, 139, 148, 155, 158, 160, 165, 178]
198: [14, 33, 53, 59, 69, 73, 76, 81, 87, 97, 106, 107, 115, 151, 157, 160, 171, 183, 196]
199: [22, 36, 38, 49, 69, 84, 88, 94, 99, 102, 103, 132, 133, 135, 137, 138, 150, 164, 188, 190, 196]
200: [5, 8, 17, 21, 23, 27, 55, 63, 75, 94, 104, 116, 117, 120, 121, 124, 138, 164, 169, 176, 195]
201: [4, 5, 15, 80, 104, 105, 124, 125, 127, 130, 134, 146, 163, 180, 181, 185, 187]
202: [3, 13, 21, 30, 33, 57, 64, 65, 75, 89, 121, 142, 146, 149, 155, 166, 177, 186, 197, 198]
203: [23, 24, 32, 42, 75, 76, 80, 85, 88, 89, 92, 96, 99, 103, 111, 116, 134, 136, 139, 141, 147, 152, 158, 164, 168, 172, 186]
204: [8, 20, 26, 38, 39, 54, 73, 78, 80, 82, 85, 94, 97, 98, 119, 125, 132, 137, 154, 155, 169, 172, 185, 191, 194, 200, 202]
205: [2, 10, 15, 20, 36, 41, 44, 52, 87, 91, 94, 108, 139, 152, 158, 159, 174, 182]
206: [5, 12, 14, 21, 31, 39, 61, 66, 75, 78, 81, 95, 99, 101, 109, 118, 152, 153, 155, 161, 169, 181, 195, 197, 203]
207: [2, 14, 37, 50, 72, 80, 85, 87, 119, 126, 139, 145, 149, 153, 162, 170, 171, 179, 189, 191, 194, 204]
208: [14, 16, 17, 18, 27, 40, 58, 85, 102, 119, 122, 125, 131, 142, 157, 161, 178, 186, 187]
209: [3, 11, 13, 28, 37, 47, 56, 57, 87, 89, 90, 91, 96, 114, 118, 119, 122, 134, 149, 150, 152, 164, 165, 177, 179, 185, 190]
210: [16, 23, 24, 65, 68, 88, 90, 118, 121, 134, 154, 162, 179, 199, 206, 208]
211: [3, 9, 16, 34, 35, 45, 49, 57, 58, 77, 90, 95, 116, 120, 157, 178, 183, 191, 192, 200, 203, 209]
212: [9, 22, 60, 73, 109, 119, 145, 147, 161, 162, 163, 169, 178, 199]
213: [16, 18, 23, 25, 39, 44, 53, 59, 78, 95, 96, 111, 115, 116, 117, 119, 123, 146, 176, 180, 188]
214: [1, 7, 13, 17, 19, 27, 40, 48, 51, 58, 87, 106, 131, 136, 139, 144, 147, 158, 182, 188, 191, 199]
215: [2, 33, 53, 56, 67, 86, 90, 112, 115, 120, 134, 145, 161, 164, 171, 173, 188, 189, 190, 194, 206]
216: [19, 21, 26, 39, 48, 50, 81, 109, 117, 124, 127, 135, 139, 144, 145, 147, 172, 175, 182, 192, 214]
217: [1, 26, 29, 63, 67, 79, 83, 88, 94, 101, 102, 123, 128, 161, 165, 173, 182, 213, 216]
218: [33, 35, 43, 45, 58, 65, 77, 84, 92, 114, 115, 117, 122, 128, 134, 140, 148, 162, 167, 170, 177, 195, 199, 205, 213]
219: [1, 17, 23, 46, 49, 53, 65, 67, 71, 79, 101, 108, 111, 135, 146, 166, 167, 168, 182, 183]
220: [4, 22, 28, 32, 34, 42, 59, 89, 95, 101, 103, 105, 120, 139, 148, 149, 157, 173, 194, 209, 217, 219]
221: [2, 4, 15, 16, 24, 25, 40, 75, 80, 83, 84, 86, 102, 107, 120, 122, 130, 141, 142, 145, 161, 164, 169, 186, 192, 197]
222: [17, 19, 20, 56, 62, 63, 73, 108, 134, 143, 168, 172, 185, 187]
223: [29, 37, 39, 52, 56, 68, 78, 80, 89, 105, 108, 124, 159, 168, 173, 182, 192, 206, 215, 222]
224: [2, 21, 27, 32, 39, 59, 81, 91, 94, 104, 119, 126, 141, 148, 153, 216, 220]
225: [9, 19, 20, 22, 23, 28, 29, 54, 59, 69, 72, 99, 115, 120, 123, 125, 126, 150, 158, 182, 197, 212, 219]
226: [13, 14, 26, 41, 57, 65, 91, 111, 130, 135, 141, 143, 144, 151, 155, 159, 160, 163, 167, 176, 203, 213, 223]
227: [31, 43, 50, 53, 55, 69, 78, 80, 83, 96, 110, 114, 138, 152, 167, 174, 176, 177, 178, 181, 202, 210]
228: [6, 19, 25, 57, 67, 68, 88, 95, 97, 127, 165, 171, 173, 175, 184, 190, 194, 197, 202, 208, 215, 216, 222, 226]
229: [13, 19, 21, 22, 35, 37, 39, 44, 61, 74, 83, 84, 86, 118, 120, 126, 128, 132, 144, 153, 160, 161, 172, 177, 191, 197, 204, 207, 220]
230: [7, 10, 76, 98, 119, 129, 136, 140, 154, 155, 169, 172, 174, 175, 187, 222]
231: [14, 17, 19, 20, 22, 32, 43, 50, 51, 57, 60, 63, 95, 100, 104, 119, 123, 137, 165, 173, 174, 201, 212, 225]
232: [1, 9, 17, 40, 47, 60, 62, 64, 72, 88, 89, 90, 107, 126, 139, 140, 167, 170, 173, 179, 183, 188, 193, 216, 219, 225, 230]
233: [32, 51, 59, 61, 62, 80, 81, 87, 94, 95, 125, 130, 151, 156, 183, 210, 217, 222, 230]
234: [1, 4, 11, 14, 16, 34, 35, 37, 42, 55, 59, 62, 64, 67, 70, 75, 83, 86, 98, 131, 136, 174, 175, 211, 232, 233]
235: [6, 9, 12, 24, 35, 36, 53, 58, 59, 71, 77, 85, 101, 139, 140, 147, 155, 159, 161, 189, 202, 204, 206, 207, 211, 216, 220]
236: [27, 31, 55, 72, 78, 94, 97, 102, 108, 130, 156, 160, 166, 167, 186, 199, 226, 232]
237: [1, 2, 19, 38, 39, 45, 46, 52, 68, 87, 88, 93, 96, 108, 124, 148, 191, 192, 193, 198, 204, 206, 212]
238: [23, 28, 41, 44, 55, 64, 82, 84, 86, 127, 128, 139, 140, 158, 164, 170, 183, 188, 190, 200, 205, 220, 226]
239: [10, 38, 43, 67, 68, 77, 84, 97, 105, 110, 119, 121, 123, 131, 139, 148, 149, 157, 167, 174, 180, 184, 187, 196, 202, 220, 236]
240: [2, 13, 21, 33, 34, 40, 51, 54, 57, 61, 63, 71, 75, 82, 92, 93, 98, 104, 108, 117, 118, 131, 136, 151, 152, 155, 161, 163, 165, 176, 183, 184, 202, 225, 234]
241: [20, 40, 70, 81, 86, 92, 93, 108, 114, 125, 131, 147, 154, 174, 178, 181, 200, 213, 214, 231, 239]
242: [39, 88, 107, 112, 118, 120, 130, 137, 138, 148, 161, 193, 199, 209, 238]
243: [7, 12, 22, 31, 46, 50, 58, 70, 76, 78, 81, 82, 83, 99, 131, 136, 139, 158, 185, 188, 193, 202, 225, 231]
244: [1, 9, 34, 35, 39, 43, 51, 58, 59, 76, 96, 106, 107, 109, 116, 127, 134, 138, 148, 149, 151, 162, 165, 169, 188, 200, 203, 204, 210, 211, 223, 235]
245: [59, 66, 73, 76, 81, 83, 100, 101, 102, 148, 154, 179, 184, 190, 213, 222, 229]
246: [2, 3, 27, 30, 32, 37, 39, 41, 55, 63, 67, 76, 89, 90, 116, 119, 121, 148, 152, 153, 155, 160, 195, 210, 217, 225]
247: [4, 9, 11, 18, 20, 25, 30, 35, 38, 48, 49, 62, 96, 99, 116, 140, 147, 158, 159, 163, 167, 168, 180, 203, 207, 212, 229, 244]
248: [2, 19, 20, 21, 44, 51, 62, 68, 95, 100, 109, 117, 123, 130, 132, 133, 155, 172, 189, 205, 209, 213, 216, 219, 230, 236, 247]
249: [8, 24, 35, 36, 37, 55, 56, 85, 108, 125, 126, 162, 168, 175, 209, 215, 218, 227, 236, 239, 245, 246]
250: [1, 15, 23, 25, 34, 37, 44, 59, 65, 70, 72, 73, 84, 91, 98, 108, 134, 137, 146, 161, 171, 176, 181, 191, 193, 194, 197, 200, 201, 207, 230, 234, 243, 244]
251: [13, 23, 27, 57, 68, 71, 74, 78, 81, 86, 93, 129, 148, 151, 160, 161, 164, 165, 166, 169, 174, 185, 194, 217, 221, 225, 226, 242, 244, 250]
252: [10, 11, 37, 42, 64, 68, 81, 102, 107, 120, 125, 129, 149, 151, 153, 165, 184, 205, 218, 230, 241, 244]
253: [16, 20, 26, 29, 30, 37, 45, 47, 78, 80, 117, 124, 129, 149, 154, 160, 164, 181, 186, 188, 201, 204, 207, 210, 234, 252]
254: [3, 4, 7, 13, 19, 41, 49, 62, 63, 70, 94, 124, 127, 167, 182, 204, 216, 217, 238, 245]
255: [7, 17, 21, 22, 46, 56, 63, 70, 75, 80, 92, 93, 113, 136, 137, 143, 146, 147, 150, 152, 158, 162, 180, 183, 185, 194, 197, 198, 199, 208, 216, 221, 222, 233, 240]
256: [14, 16, 22, 24, 27, 49, 66, 75, 92, 95, 96, 97, 106, 111, 117, 118, 119, 122, 137, 161, 162, 163, 165, 184, 187, 190, 192, 194, 209, 211, 218, 245]
257: [7, 9, 16, 22, 28, 53, 58, 74, 81, 86, 97, 102, 112, 119, 126, 133, 144, 151, 154, 158, 167, 168, 179, 181, 182, 200, 204]
258: [23, 25, 33, 38, 42, 43, 44, 61, 71, 75, 98, 105, 108, 121, 129, 144, 166, 167, 180, 186, 193, 198, 218, 219, 221, 226, 231, 236, 242]
259: [9, 44, 46, 68, 69, 76, 92, 96, 101, 113, 114, 120, 124, 136, 137, 151, 155, 156, 165, 168, 189, 208, 220, 221, 231, 238, 239, 255]
260: [4, 38, 49, 67, 69, 80, 84, 94, 102, 108, 112, 114, 122, 125, 134, 153, 159, 182, 196, 197, 201, 204, 218, 234, 240, 245, 246, 247, 253, 258, 259]
261: [22, 29, 32, 42, 70, 74, 90, 108, 112, 127, 131, 137, 141, 151, 183, 187, 196, 200, 207, 222, 232, 236, 250, 252, 254]
262: [1, 3, 21, 45, 70, 95, 105, 109, 129, 170, 177, 191, 193, 199, 201, 209, 218, 225, 226, 230, 232, 237, 242, 260]
263: [4, 11, 24, 27, 32, 45, 50, 60, 61, 78, 90, 91, 95, 119, 147, 157, 195, 203, 207, 215, 218, 222, 237, 240]
264: [4, 10, 13, 15, 19, 32, 33, 43, 48, 57, 77, 82, 97, 106, 113, 127, 165, 170, 200, 207, 226, 230, 235, 246, 256]
265: [10, 11, 17, 19, 21, 51, 55, 90, 99, 104, 115, 128, 130, 141, 154, 183, 196, 210, 215, 231, 232, 236, 245, 252, 256, 263]
266: [5, 11, 23, 26, 38, 56, 60, 67, 68, 93, 94, 102, 105, 116, 134, 140, 160, 168, 209, 230, 240, 241, 243, 249]
267: [12, 13, 22, 39, 45, 49, 63, 67, 80, 100, 122, 142, 144, 153, 155, 158, 160, 168, 173, 197, 204, 257, 262]
268: [5, 12, 13, 15, 24, 25, 30, 37, 39, 43, 45, 52, 59, 64, 69, 96, 111, 113, 116, 118, 134, 149, 154, 171, 188, 191, 194, 213, 217, 219, 226, 255]
269: [1, 4, 8, 34, 51, 53, 64, 72, 86, 88, 91, 98, 110, 122, 123, 127, 134, 159, 176, 183, 188, 197, 201, 203, 204, 208, 216, 246, 259]
270: [1, 4, 9, 10, 39, 54, 57, 62, 67, 90, 107, 113, 119, 122, 137, 151, 163, 167, 181, 193, 198, 209, 223, 241, 251, 261, 265, 268]
271: [7, 12, 22, 54, 84, 85, 111, 145, 146, 147, 164, 177, 189, 191, 204, 220, 228, 232, 265]
272: [8, 29, 33, 47, 69, 96, 101, 112, 131, 141, 153, 174, 183, 198, 202, 203, 213, 265, 271]
273: [27, 30, 60, 80, 86, 94, 95, 103, 114, 149, 161, 175, 176, 184, 188, 190, 211, 218, 223, 242, 244]
274: [1, 19, 20, 23, 26, 28, 48, 66, 80, 99, 120, 133, 146, 149, 188, 196, 248, 249, 270]
275: [5, 16, 18, 21, 41, 51, 63, 85, 92, 119, 138, 148, 166, 190, 213, 217, 235, 240, 260, 262, 263]
276: [7, 33, 53, 90, 92, 96, 98, 116, 120, 126, 143, 150, 168, 170, 176, 177, 182, 189, 198, 205, 209, 219, 231, 239, 258]
277: [8, 15, 37, 57, 63, 72, 79, 91, 95, 98, 102, 132, 152, 157, 162, 163, 165, 191, 212, 215, 227, 246, 255, 268, 269, 270]
278: [3, 37, 43, 46, 90, 102, 104, 140, 144, 147, 150, 151, 155, 165, 172, 215, 220, 225, 228, 231, 233, 249, 256, 272]
279: [49, 56, 68, 115, 127, 131, 137, 145, 158, 166, 168, 188, 198, 212, 246, 258, 270, 276]
280: [11, 12, 36, 47, 52, 62, 74, 75, 90, 96, 103, 105, 114, 121, 141, 162, 195, 201, 222, 227, 230, 250, 264, 277]
281: [3, 17, 20, 25, 30, 47, 110, 117, 124, 129, 140, 142, 143, 144, 167, 176, 178, 184, 190, 191, 193, 195, 198, 206, 214, 237, 239, 241, 247, 268]
282: [4, 6, 29, 40, 43, 45, 47, 73, 84, 89, 101, 107, 110, 148, 156, 159, 167, 178, 183, 194, 207, 223, 233, 238, 244, 260]
283: [1, 16, 18, 23, 36, 71, 84, 102, 105, 107, 116, 132, 136, 152, 172, 178, 191, 203, 217, 225, 229, 235, 236, 242, 251, 261, 273, 278]
284: [1, 26, 28, 37, 52, 71, 75, 93, 111, 112, 124, 152, 155, 172, 210, 211, 212, 216, 227, 228, 230, 238, 256, 257, 277]
285: [3, 18, 31, 39, 45, 46, 47, 65, 78, 103, 108, 129, 150, 173, 181, 191, 195, 222, 232, 240, 247, 264, 277, 282, 283]
286: [4, 9, 21, 26, 40, 43, 46, 60, 62, 63, 64, 95, 97, 134, 135, 136, 146, 147, 151, 180, 188, 196, 200, 219, 222, 231, 244, 247, 278, 280]
287: [23, 28, 31, 39, 56, 57, 60, 63, 65, 79, 89, 108, 110, 125, 141, 160, 172, 185, 194, 196, 199, 201, 206, 224, 240, 247, 269]
288: [7, 16, 26, 32, 50, 51, 56, 64, 86, 90, 93, 94, 118, 120, 124, 127, 129, 132, 133, 135, 136, 140, 146, 159, 166, 170, 183, 195, 212, 213, 253, 257, 260]
289: [9, 24, 40, 43, 46, 56, 61, 76, 77, 97, 160, 171, 176, 177, 192, 203, 205, 218, 227, 231, 232, 240, 244, 250, 259, 288]
290: [30, 39, 77, 87, 112, 115, 122, 124, 135, 146, 150, 157, 166, 167, 176, 180, 188, 189, 194, 197, 217, 232, 235, 245, 249, 253, 277, 282]
291: [1, 14, 39, 41, 65, 71, 89, 90, 99, 101, 116, 142, 145, 156, 180, 181, 185, 194, 195, 242, 246, 264, 274, 283, 286]
292: [1, 4, 18, 33, 39, 73, 96, 101, 108, 115, 191, 195, 196, 203, 216, 232, 266, 267, 278]
293: [2, 7, 15, 61, 64, 65, 74, 86, 93, 113, 115, 120, 134, 137, 138, 143, 148, 188, 212, 225, 228, 233, 241, 271]
294: [26, 28, 44, 65, 70, 76, 78, 87, 98, 114, 115, 119, 126, 128, 135, 141, 144, 147, 155, 164, 178, 186, 202, 206, 226, 227, 232, 237, 241, 253, 261, 280]
295: [6, 27, 54, 58, 68, 80, 98, 106, 124, 125, 138, 141, 149, 162, 171, 172, 178, 180, 184, 195, 197, 203, 205, 207, 219, 228, 233, 252, 263, 280, 288, 290, 291]
296: [2, 16, 19, 37, 59, 67, 84, 107, 110, 113, 121, 125, 175, 184, 191, 194, 201, 223, 231, 235, 237, 242, 243, 246, 256, 262, 294]
297: [21, 37, 57, 75, 81, 85, 87, 96, 99, 111, 139, 148, 149, 153, 158, 161, 166, 168, 187, 194, 196, 198, 202, 205, 215, 234, 242, 255, 258, 282]
298: [12, 28, 57, 58, 70, 89, 91, 99, 108, 120, 150, 190, 193, 200, 203, 221, 232, 236, 256, 265, 271, 294]
299: [1, 5, 6, 8, 17, 36, 71, 82, 83, 88, 97, 99, 108, 112, 135, 138, 139, 142, 148, 212, 219, 227, 235, 242, 265, 280, 282, 283, 295]
300: [22, 44, 52, 71, 79, 89, 94, 121, 142, 167, 173, 188, 204, 206, 219, 220, 228, 235, 244, 247, 261, 269, 276]
301: [7, 18, 36, 37, 39, 42, 58, 63, 70, 93, 109, 121, 136, 161, 182, 193, 221, 229, 243, 244, 258, 274, 291, 293]
302: [1, 3, 12, 19, 33, 51, 91, 94, 105, 121, 123, 126, 140, 168, 170, 177, 191, 196, 211, 221, 236, 248, 251, 274, 286, 295, 298]
303: [12, 14, 27, 47, 68, 128, 141, 155, 157, 162, 170, 174, 178, 202, 203, 208, 211, 215, 233, 248, 276, 287]
304: [3, 19, 48, 61, 97, 106, 114, 124, 128, 136, 139, 146, 149, 163, 174, 178, 185, 208, 210, 216, 225, 234, 252, 259, 260, 273, 284, 293, 295, 298]
305: [14, 19, 25, 40, 53, 54, 60, 92, 101, 111, 136, 139, 148, 156, 177, 191, 192, 204, 208, 211, 219, 229, 233, 245, 284]
306: [7, 21, 30, 44, 49, 69, 70, 98, 99, 105, 112, 121, 124, 136, 137, 147, 171, 175, 181, 184, 186, 201, 212, 213, 218, 221, 230, 236, 243, 252, 258, 262, 278, 293, 304]
307: [7, 12, 25, 49, 70, 71, 79, 93, 104, 105, 107, 115, 123, 127, 156, 160, 178, 180, 185, 195, 199, 218, 232, 237, 248, 258, 263, 283, 288, 303]
308: [14, 37, 40, 62, 86, 90, 92, 102, 104, 115, 128, 150, 163, 183, 195, 197, 198, 205, 206, 210, 224, 226, 235, 240, 241, 247, 249, 253, 255, 280, 286, 287, 290, 304]
309: [8, 20, 33, 41, 62, 79, 89, 105, 122, 134, 140, 146, 149, 155, 162, 183, 220, 231, 246, 247, 248, 270, 286, 288, 292, 295, 298, 305]
310: [4, 21, 35, 44, 62, 78, 81, 94, 100, 108, 121, 132, 148, 153, 157, 178, 180, 196, 198, 201, 205, 215, 217, 228, 256, 270, 275, 286, 307]
311: [7, 25, 26, 27, 32, 46, 53, 64, 123, 148, 155, 164, 194, 202, 203, 208, 209, 220, 226, 227, 233, 240, 243, 283, 285, 303]
312: [1, 7, 14, 24, 25, 27, 31, 39, 43, 50, 56, 57, 60, 67, 68, 78, 87, 92, 107, 108, 115, 130, 133, 135, 143, 154, 160, 178, 185, 193, 215, 217, 233, 246, 279, 286, 290, 297]
313: [11, 39, 41, 44, 46, 52, 54, 65, 66, 69, 80, 94, 105, 109, 119, 125, 131, 134, 147, 150, 152, 157, 168, 179, 185, 209, 210, 218, 220, 229, 231, 238, 246, 260, 266, 295]
314: [3, 16, 19, 20, 21, 23, 36, 42, 44, 51, 53, 59, 61, 67, 70, 86, 97, 118, 124, 125, 140, 159, 166, 173, 189, 191, 199, 239, 244, 256, 263, 279, 297, 299, 303, 305]
315: [13, 18, 52, 67, 71, 79, 106, 120, 136, 141, 155, 167, 177, 190, 199, 217, 246, 266, 268, 293, 304, 305, 307, 312]
316: [21, 51, 54, 70, 73, 108, 109, 118, 122, 124, 142, 145, 151, 154, 170, 197, 210, 270, 277, 286, 290, 292, 315]
317: [11, 37, 40, 53, 66, 75, 94, 105, 115, 117, 118, 119, 121, 123, 145, 149, 167, 189, 200, 232, 239, 243, 246, 248, 253, 262, 266]
318: [11, 15, 37, 42, 51, 59, 66, 77, 78, 82, 97, 99, 117, 118, 142, 147, 149, 161, 166, 181, 196, 199, 203, 231, 265, 280, 281, 283, 295, 300]
319: [32, 36, 56, 59, 70, 76, 90, 94, 100, 106, 109, 110, 112, 131, 132, 140, 146, 149, 150, 187, 213, 214, 216, 233, 237, 263, 267, 289, 290, 299, 308]
320: [19, 24, 35, 65, 68, 72, 76, 85, 91, 96, 102, 133, 139, 143, 146, 151, 158, 162, 181, 182, 188, 193, 204, 206, 216, 221, 228, 231, 256, 257, 263, 268, 273, 276, 286, 290, 295]
321: [10, 14, 31, 34, 39, 54, 76, 91, 105, 112, 113, 165, 168, 169, 174, 199, 203, 211, 218, 224, 245, 253, 262, 275, 298, 307, 308]
322: [3, 9, 12, 32, 33, 35, 40, 45, 46, 52, 53, 67, 75, 82, 87, 145, 152, 166, 184, 196, 226, 229, 253, 259, 260, 267, 287, 288, 308, 314, 318]
323: [1, 8, 14, 16, 20, 31, 32, 38, 42, 58, 86, 122, 123, 136, 137, 140, 172, 177, 185, 188, 192, 202, 208, 219, 223, 227, 228, 235, 241, 242, 253, 259, 263, 264, 273, 276, 277, 290, 305, 313, 322]
324: [2, 9, 18, 21, 22, 30, 32, 38, 43, 47, 74, 95, 99, 114, 125, 154, 158, 166, 174, 210, 224, 227, 229, 230, 258, 259, 262, 275, 278, 285, 293, 304, 313, 321]
325: [21, 34, 39, 48, 62, 65, 69, 72, 75, 100, 108, 112, 114, 117, 124, 134, 143, 147, 149, 155, 165, 168, 174, 177, 188, 196, 201, 205, 206, 212, 215, 234, 244, 248, 249, 280]
326: [2, 11, 35, 38, 41, 53, 57, 67, 93, 95, 100, 102, 105, 110, 116, 120, 122, 127, 140, 161, 162, 166, 179, 198, 200, 231, 241, 251, 258, 269, 274, 278, 280, 289, 292]
327: [3, 4, 37, 47, 49, 55, 65, 70, 78, 87, 90, 100, 105, 122, 143, 145, 149, 163, 164, 171, 181, 193, 202, 203, 208, 213, 236, 260, 307, 311]
328: [4, 15, 16, 20, 26, 43, 49, 53, 54, 72, 82, 87, 90, 93, 98, 114, 153, 154, 165, 169, 177, 179, 185, 189, 196, 203, 205, 212, 214, 219, 249, 250, 287, 291, 302, 306, 316, 324, 325]
329: [9, 38, 42, 44, 50, 65, 66, 68, 73, 74, 102, 103, 109, 111, 118, 154, 160, 167, 171, 174, 175, 188, 198, 201, 215, 221, 223, 225, 226, 238, 268, 274, 278, 292, 298, 300, 316]
330: [24, 27, 31, 32, 34, 35, 36, 42, 56, 59, 71, 74, 80, 85, 86, 93, 106, 121, 129, 136, 137, 146, 183, 210, 213, 215, 216, 237, 261, 273, 274, 291, 308, 315, 324]
331: [1, 2, 7, 9, 40, 47, 63, 72, 97, 98, 105, 108, 134, 138, 154, 157, 169, 172, 188, 198, 221, 229, 244, 246, 256, 258, 271, 288, 290, 303, 306, 307, 311, 321]
332: [4, 5, 11, 17, 20, 27, 31, 37, 50, 60, 103, 123, 129, 131, 133, 136, 139, 143, 151, 153, 156, 158, 162, 163, 170, 179, 207, 225, 227, 232, 238, 245, 255, 262, 276, 277, 281, 283, 293, 294, 295, 297, 298, 305, 312, 314, 329]
333: [4, 13, 38, 47, 51, 69, 86, 90, 103, 109, 117, 140, 141, 155, 161, 170, 174, 182, 205, 217, 220, 222, 223, 233, 250, 251, 255, 276, 283, 291, 301, 328]
334: [3, 5, 12, 33, 41, 52, 60, 82, 89, 92, 96, 99, 104, 110, 116, 117, 126, 127, 130, 133, 165, 176, 184, 191, 192, 197, 198, 199, 217, 220, 253, 254, 256, 259, 280, 291, 295, 320, 324, 332]
335: [14, 25, 30, 43, 47, 66, 67, 68, 76, 104, 106, 113, 118, 124, 136, 150, 178, 188, 191, 193, 198, 199, 215, 257, 264, 279, 286]
336: [23, 31, 34, 73, 74, 78, 80, 89, 93, 94, 106, 124, 128, 132, 135, 136, 143, 144, 160, 162, 163, 173, 177, 179, 187, 189, 224, 240, 252, 258, 263, 266, 295, 296, 302, 327, 332]
337: [13, 23, 30, 38, 39, 59, 64, 68, 73, 86, 110, 114, 118, 128, 129, 139, 144, 148, 154, 171, 181, 190, 196, 202, 207, 212, 217, 244, 262, 268, 275, 300, 302, 307, 310, 319, 334]
338: [8, 11, 14, 24, 38, 44, 51, 60, 74, 91, 92, 94, 104, 120, 131, 135, 147, 151, 163, 164, 167, 181, 191, 193, 211, 230, 248, 254, 255, 258, 265, 267, 270, 288, 299, 313, 325]
339: [29, 34, 41, 47, 52, 71, 73, 88, 97, 112, 125, 147, 155, 156, 161, 168, 196, 199, 216, 225, 231, 234, 235, 278, 282, 283, 285, 286, 290, 316, 317, 321, 329, 332]
340: [10, 14, 24, 37, 62, 74, 77, 79, 81, 92, 100, 102, 115, 133, 135, 148, 155, 161, 172, 175, 208, 211, 229, 243, 251, 257, 262, 269, 293, 296, 300, 314, 327]
341: [3, 15, 20, 23, 34, 40, 51, 52, 55, 56, 67, 81, 87, 101, 103, 109, 119, 124, 127, 131, 135, 137, 140, 142, 143, 176, 179, 183, 184, 193, 211, 220, 242, 243, 246, 274, 291, 296, 314, 320, 324, 325, 330]
342: [5, 6, 25, 34, 46, 77, 78, 85, 102, 123, 128, 129, 137, 164, 168, 170, 178, 199, 201, 256, 262, 287, 288, 290, 298, 308, 318, 324, 333]
343: [1, 12, 27, 32, 44, 45, 50, 58, 61, 63, 69, 76, 94, 98, 104, 108, 111, 112, 117, 119, 123, 128, 132, 135, 146, 147, 149, 163, 166, 177, 181, 203, 213, 231, 245, 250, 258, 291, 300, 309, 324, 325, 340]
344: [23, 66, 80, 85, 96, 117, 159, 161, 172, 177, 187, 195, 208, 219, 237, 247, 265, 267, 271, 272, 274, 280, 285, 304, 307, 310, 312, 315, 317, 330, 339]
345: [4, 6, 8, 14, 17, 24, 33, 63, 64, 81, 86, 93, 103, 109, 110, 111, 132, 145, 150, 170, 185, 202, 213, 215, 250, 258, 270, 297, 303, 310, 318, 336, 338]
346: [8, 34, 38, 46, 50, 61, 67, 73, 82, 89, 94, 97, 111, 122, 125, 131, 145, 168, 177, 179, 183, 191, 193, 199, 214, 221, 230, 268, 269, 274, 284, 324, 331, 337, 341]
347: [1, 2, 12, 22, 29, 36, 42, 43, 50, 62, 99, 108, 118, 119, 120, 140, 162, 186, 208, 233, 268, 289, 293, 295, 315, 317, 326, 329, 342]
348: [10, 16, 53, 55, 66, 74, 82, 101, 127, 129, 136, 138, 139, 144, 163, 174, 185, 202, 206, 213, 235, 240, 245, 250, 270, 284, 289, 319, 332]
349: [17, 19, 32, 48, 51, 52, 99, 113, 114, 147, 152, 155, 165, 167, 180, 185, 191, 193, 199, 206, 207, 210, 216, 220, 230, 255, 267, 274, 296, 300, 343, 345]
350: [13, 19, 22, 28, 30, 33, 42, 47, 50, 60, 66, 112, 113, 117, 121, 123, 129, 132, 157, 160, 169, 177, 190, 241, 245, 271, 272, 289, 308, 315, 337, 347]
351: [1, 21, 51, 57, 59, 60, 69, 70, 81, 105, 106, 113, 119, 124, 128, 137, 147, 149, 154, 157, 162, 166, 186, 187, 204, 205, 206, 212, 220, 227, 231, 238, 252, 253, 255, 261, 300, 324, 326, 340]
352: [13, 31, 36, 43, 48, 51, 58, 66, 87, 100, 138, 150, 172, 173, 182, 184, 185, 186, 189, 200, 208, 211, 235, 240, 248, 259, 263, 305, 330, 332, 346, 347, 351]
353: [8, 16, 17, 21, 29, 38, 40, 44, 62, 63, 72, 83, 92, 99, 101, 104, 114, 117, 148, 162, 164, 165, 167, 177, 183, 189, 201, 220, 221, 233, 246, 253, 271, 275, 292, 298, 302, 304, 312, 317, 318, 319, 337, 340, 346]
354: [17, 22, 23, 36, 47, 71, 79, 81, 98, 101, 102, 115, 134, 162, 168, 184, 189, 197, 201, 211, 260, 276, 287, 295, 312, 322, 328, 330, 332, 334]
355: [23, 35, 41, 43, 51, 59, 62, 76, 84, 95, 114, 115, 118, 119, 150, 159, 162, 166, 171, 189, 191, 206, 210, 214, 238, 239, 248, 275, 290, 293, 299, 302, 304, 312, 316, 322, 329, 331, 344, 349]
356: [1, 11, 15, 25, 29, 30, 41, 45, 55, 66, 70, 97, 104, 112, 119, 130, 137, 167, 190, 200, 209, 211, 213, 215, 217, 223, 228, 251, 272, 273, 293, 311, 316, 321, 323, 344, 352]
357: [10, 17, 25, 80, 88, 97, 101, 115, 116, 124, 128, 140, 146, 156, 165, 166, 170, 171, 202, 213, 224, 231, 239, 272, 286, 302, 306, 319, 330, 332, 342, 352]
358: [3, 19, 20, 39, 51, 56, 74, 161, 170, 174, 189, 195, 207, 223, 228, 229, 238, 242, 246, 253, 260, 261, 272, 295, 321, 322, 337, 338, 341, 347, 353]
359: [6, 12, 14, 15, 89, 98, 125, 144, 153, 157, 158, 166, 178, 182, 215, 218, 225, 237, 240, 244, 247, 280, 287, 300, 306, 310, 312, 314, 336, 340, 345]
360: [9, 12, 15, 22, 26, 36, 54, 69, 109, 120, 130, 136, 154, 155, 170, 178, 188, 198, 217, 224, 249, 273, 274, 278, 304, 310, 321, 331, 337, 340, 349, 354]
361: [3, 4, 5, 6, 12, 13, 14, 18, 19, 20, 29, 30, 32, 33, 40, 41, 47, 60, 98, 101, 111, 159, 177, 181, 197, 202, 212, 214, 216, 232, 239, 242, 248, 271, 276, 290, 299, 301, 307, 315, 321, 327, 342, 345, 359, 360]
362: [1, 13, 17, 19, 26, 31, 53, 61, 63, 75, 82, 85, 90, 99, 104, 121, 122, 164, 191, 200, 207, 215, 220, 222, 228, 231, 254, 255, 271, 280, 281, 302, 304, 313, 326, 330, 335, 346, 347]
363: [3, 30, 55, 61, 70, 80, 81, 114, 118, 123, 141, 142, 149, 153, 165, 193, 210, 239, 242, 275, 286, 289, 296, 298, 313, 326, 329, 331, 336, 339, 341, 344, 349]
364: [6, 11, 19, 21, 26, 46, 56, 62, 64, 81, 100, 101, 120, 126, 138, 155, 172, 173, 192, 194, 195, 196, 199, 209, 225, 251, 253, 256, 260, 265, 268, 272, 274, 287, 302, 306, 307, 312, 319, 324, 330, 353, 358]
365: [16, 32, 33, 36, 55, 66, 72, 80, 104, 107, 115, 127, 161, 170, 172, 186, 206, 209, 245, 247, 256, 265, 269, 272, 287, 312, 330, 336, 351, 354, 359]
366: [12, 56, 67, 69, 72, 82, 94, 99, 102, 107, 110, 117, 119, 124, 126, 130, 136, 143, 160, 164, 165, 198, 211, 212, 240, 260, 272, 273, 278, 279, 281, 288, 297, 336, 339, 341]
367: [26, 33, 38, 50, 54, 57, 89, 90, 102, 112, 123, 141, 176, 188, 212, 227, 231, 262, 263, 271, 275, 294, 308, 322, 337, 361]
368: [5, 6, 11, 52, 58, 80, 82, 93, 114, 137, 156, 165, 180, 182, 205, 209, 215, 237, 251, 263, 277, 282, 292, 308, 314, 320, 324, 331, 340, 359, 364]
369: [10, 11, 17, 23, 26, 36, 46, 51, 52, 56, 63, 71, 77, 86, 87, 91, 98, 103, 134, 139, 154, 158, 166, 189, 197, 216, 226, 230, 250, 251, 264, 270, 285, 295, 309, 322, 325, 328, 339, 343, 349, 350, 352, 367]
370: [3, 24, 38, 48, 65, 67, 110, 132, 143, 146, 147, 159, 177, 191, 195, 212, 221, 224, 246, 256, 258, 266, 280, 291, 299, 306, 317, 321, 326, 336, 339, 351, 355, 361]
371: [26, 49, 58, 60, 66, 69, 83, 84, 94, 108, 118, 134, 137, 144, 147, 161, 180, 190, 206, 212, 222, 226, 227, 234, 268, 282, 288, 295, 349, 354, 355, 362]
372: [2, 24, 27, 41, 52, 53, 56, 61, 66, 68, 91, 107, 108, 115, 134, 139, 140, 147, 153, 179, 187, 192, 205, 228, 229, 237, 244, 251, 265, 278, 291, 294, 322, 324, 328, 337, 340, 353, 355]
373: [2, 8, 16, 18, 31, 36, 38, 51, 55, 61, 65, 68, 70, 74, 84, 93, 99, 105, 144, 154, 163, 167, 176, 180, 212, 240, 247, 248, 250, 263, 264, 291, 296, 305, 318, 345]
374: [8, 10, 44, 47, 50, 71, 89, 96, 101, 105, 112, 132, 140, 143, 149, 151, 167, 174, 190, 191, 203, 260, 277, 290, 292, 293, 294, 302, 303, 316, 318]
375: [8, 10, 18, 20, 41, 52, 55, 56, 73, 89, 118, 119, 126, 131, 138, 145, 160, 184, 191, 199, 207, 219, 231, 242, 246, 288, 291, 300, 309, 316, 332, 341, 343, 349, 352]
376: [4, 15, 19, 30, 31, 32, 55, 58, 60, 65, 70, 74, 89, 98, 115, 140, 147, 150, 174, 175, 179, 191, 204, 234, 236, 237, 238, 244, 289, 299, 313, 315, 324, 328, 335, 341, 342, 348, 363]
377: [2, 14, 18, 19, 22, 23, 34, 36, 40, 41, 55, 61, 68, 71, 90, 116, 125, 142, 151, 187, 194, 200, 217, 219, 224, 237, 239, 241, 242, 254, 282, 285, 295, 318, 334, 376]
378: [25, 28, 55, 60, 63, 71, 92, 127, 130, 139, 148, 153, 160, 167, 175, 177, 189, 192, 210, 219, 224, 234, 237, 244, 254, 260, 272, 281, 293, 297, 321, 322, 324, 369, 370]
379: [8, 9, 16, 23, 30, 43, 50, 54, 58, 65, 69, 85, 96, 123, 130, 139, 145, 149, 151, 156, 161, 163, 167, 191, 220, 232, 241, 245, 250, 268, 274, 288, 289, 296, 311, 313, 325, 349, 365]
380: [15, 30, 38, 56, 71, 80, 94, 95, 103, 110, 112, 117, 135, 138, 175, 179, 189, 202, 207, 208, 215, 226, 230, 232, 233, 247, 262, 271, 300, 305, 312, 331, 335, 338, 343, 346, 347, 349, 359, 360, 362]
381: [26, 28, 29, 30, 44, 47, 49, 51, 53, 61, 67, 71, 78, 85, 92, 100, 107, 109, 113, 116, 121, 150, 166, 183, 190, 196, 209, 211, 218, 220, 225, 229, 231, 255, 274, 285, 288, 293, 294, 302, 316, 327, 333, 353]
382: [3, 7, 28, 48, 49, 52, 61, 65, 76, 89, 106, 144, 185, 191, 194, 203, 206, 207, 220, 234, 249, 251, 265, 267, 284, 299, 326, 332, 335, 339, 359, 378, 379]
383: [9, 12, 25, 32, 37, 50, 75, 93, 98, 149, 153, 157, 167, 171, 180, 183, 184, 200, 202, 204, 220, 237, 247, 287, 307, 308, 333, 357, 372]
384: [5, 9, 24, 29, 35, 69, 85, 90, 93, 96, 105, 109, 127, 142, 156, 157, 161, 172, 187, 198, 237, 245, 254, 270, 295, 335, 344, 351, 365, 374]
385: [2, 15, 26, 40, 42, 51, 70, 82, 109, 147, 161, 163, 166, 176, 182, 201, 213, 216, 258, 260, 270, 315, 316, 325, 330, 341, 351, 361, 364, 375, 376, 378]
386: [3, 18, 30, 40, 50, 52, 63, 65, 69, 77, 83, 84, 86, 107, 114, 127, 148, 152, 158, 163, 165, 174, 176, 181, 182, 186, 195, 234, 240, 271, 276, 282, 295, 300, 317, 318, 330, 351, 352, 357, 380]
387: [7, 12, 44, 70, 87, 88, 94, 96, 97, 104, 115, 121, 122, 124, 137, 139, 158, 167, 191, 195, 212, 216, 224, 298, 305, 316, 326, 334, 349, 367, 375, 377, 381]
388: [8, 23, 58, 59, 65, 69, 82, 87, 89, 105, 125, 158, 162, 165, 177, 189, 190, 199, 201, 211, 230, 234, 241, 242, 245, 251, 264, 269, 271, 274, 288, 290, 310, 314, 321, 360, 364, 373, 378]
389: [10, 14, 30, 37, 48, 57, 67, 69, 75, 82, 87, 94, 104, 105, 109, 120, 127, 128, 137, 140, 158, 164, 171, 174, 175, 177, 181, 182, 187, 223, 229, 234, 253, 256, 263, 270, 279, 286, 288, 296, 299, 301, 306, 313, 316, 320, 323, 326, 327, 343, 347, 374, 381, 383]
390: [3, 11, 31, 40, 43, 53, 57, 58, 65, 70, 71, 77, 78, 98, 105, 106, 111, 123, 152, 158, 162, 184, 191, 196, 200, 204, 213, 231, 233, 258, 269, 270, 302, 317, 327, 328, 333, 336, 349, 350, 358, 362, 363, 381, 385, 386]
391: [2, 6, 8, 17, 32, 44, 54, 63, 89, 92, 96, 105, 111, 117, 157, 166, 172, 190, 202, 211, 215, 218, 243, 250, 254, 261, 263, 283, 292, 293, 303, 307, 318, 320, 335, 337, 365, 379, 382, 388, 390]
392: [12, 14, 19, 23, 40, 46, 55, 66, 97, 105, 114, 118, 125, 127, 140, 145, 157, 192, 208, 225, 238, 251, 256, 257, 262, 272, 285, 290, 300, 321, 323, 339, 351, 353, 359, 361, 375, 381, 385, 391]
393: [2, 5, 11, 17, 29, 51, 65, 67, 70, 77, 81, 100, 110, 154, 157, 165, 186, 190, 200, 207, 208, 223, 230, 235, 261, 263, 272, 287, 288, 298, 302, 320, 333, 347, 361, 363, 368, 373, 374, 375, 387]
394: [9, 32, 53, 60, 61, 63, 70, 74, 87, 93, 101, 103, 116, 126, 128, 145, 147, 150, 167, 178, 187, 189, 193, 196, 201, 217, 249, 250, 261, 271, 272, 281, 299, 314, 317, 321, 342, 346, 351, 353, 356, 367, 370]
395: [4, 5, 15, 20, 24, 28, 43, 48, 50, 59, 72, 75, 121, 124, 135, 143, 159, 166, 168, 169, 190, 191, 192, 200, 207, 245, 247, 256, 263, 272, 281, 307, 317, 322, 326, 328, 337, 349, 381, 384, 389]
396: [17, 44, 47, 55, 56, 64, 76, 82, 97, 112, 136, 141, 158, 161, 166, 173, 189, 216, 230, 233, 235, 238, 250, 258, 259, 262, 275, 293, 300, 305, 324, 344, 355, 371, 375, 378, 385, 394]
397: [63, 64, 71, 79, 103, 104, 124, 134, 143, 144, 145, 172, 175, 182, 188, 194, 203, 204, 207, 215, 216, 234, 240, 243, 259, 260, 270, 288, 293, 300, 302, 307, 308, 319, 327, 341, 364, 371, 384, 385]
398: [13, 18, 29, 50, 55, 70, 73, 74, 84, 86, 87, 90, 105, 112, 113, 114, 115, 146, 148, 149, 156, 164, 176, 184, 192, 201, 209, 212, 213, 234, 240, 246, 249, 265, 276, 297, 344, 360, 376, 393]
399: [10, 25, 38, 40, 48, 52, 54, 60, 75, 81, 86, 103, 113, 134, 136, 165, 173, 176, 188, 193, 194, 232, 233, 269, 282, 284, 293, 307, 325, 344, 347, 350, 354, 369, 372, 373, 379]
400: [12, 18, 32, 37, 42, 48, 49, 66, 68, 71, 101, 107, 110, 119, 141, 185, 196, 223, 235, 246, 253, 255, 256, 268, 271, 279, 288, 302, 322, 323, 326, 333, 334, 336, 355, 357, 363, 387, 396, 398]
401: [7, 24, 25, 28, 42, 53, 61, 65, 69, 75, 76, 98, 102, 125, 136, 141, 155, 158, 181, 200, 209, 216, 220, 235, 236, 245, 253, 262, 263, 265, 267, 283, 299, 302, 308, 311, 338, 347, 374, 379, 389, 396, 398]
402: [6, 13, 28, 51, 65, 76, 83, 85, 87, 107, 111, 142, 147, 152, 179, 184, 194, 202, 215, 217, 246, 252, 255, 298, 300, 302, 306, 316, 330, 368, 372, 390, 399, 400, 401]
403: [3, 11, 53, 59, 60, 63, 102, 103, 122, 124, 135, 155, 161, 164, 165, 170, 180, 190, 192, 199, 203, 215, 228, 236, 238, 257, 259, 262, 266, 269, 289, 308, 314, 317, 336, 339, 342, 349, 353, 363, 365, 370, 391, 393, 394]
404: [1, 11, 12, 23, 24, 27, 29, 34, 46, 50, 56, 63, 74, 79, 92, 105, 138, 145, 162, 167, 199, 206, 209, 223, 227, 230, 255, 258, 266, 273, 287, 294, 295, 300, 317, 322, 323, 324, 339, 343, 361, 368, 370, 384, 386, 390, 396]
405: [6, 21, 22, 28, 39, 41, 47, 50, 75, 77, 90, 92, 113, 121, 128, 139, 140, 144, 145, 152, 154, 176, 182, 189, 190, 215, 238, 239, 242, 246, 253, 268, 301, 326, 345, 348, 359, 370, 374, 379, 391, 404]
406: [1, 2, 9, 28, 32, 40, 43, 49, 72, 73, 74, 87, 101, 106, 109, 120, 121, 124, 126, 129, 131, 143, 156, 161, 171, 177, 186, 193, 198, 213, 214, 219, 220, 240, 269, 279, 321, 323, 326, 341, 344, 346, 355, 362, 374, 378, 392]
407: [35, 38, 40, 53, 56, 68, 69, 97, 107, 114, 130, 144, 155, 173, 184, 189, 200, 202, 203, 206, 221, 252, 258, 269, 271, 276, 287, 291, 297, 321, 328, 338, 344, 353, 359, 365, 366, 370, 372, 394, 405]
408: [5, 17, 27, 34, 37, 48, 54, 72, 75, 81, 91, 115, 122, 127, 128, 134, 145, 192, 206, 235, 240, 246, 255, 257, 264, 286, 347, 352, 356, 359, 390]
409: [9, 21, 22, 50, 53, 56, 57, 59, 69, 76, 83, 93, 103, 107, 150, 168, 183, 194, 207, 216, 220, 227, 230, 233, 239, 243, 244, 249, 255, 260, 263, 266, 273, 287, 290, 297, 299, 300, 301, 315, 318, 321, 332, 336, 337, 342, 356, 358, 365, 366, 377, 387, 388, 399, 404]
410: [2, 30, 37, 42, 68, 84, 92, 95, 99, 110, 111, 116, 120, 134, 135, 140, 143, 145, 146, 147, 170, 173, 183, 197, 202, 218, 242, 266, 272, 275, 276, 290, 292, 293, 320, 324, 332, 336, 340, 360, 361, 366, 371, 379, 380, 382, 409]
411: [17, 39, 44, 47, 55, 57, 58, 59, 67, 70, 75, 83, 93, 99, 102, 107, 114, 149, 151, 167, 170, 179, 182, 184, 201, 203, 213, 233, 245, 261, 277, 280, 282, 291, 292, 329, 331, 349, 357, 365, 373, 386, 396, 405]
412: [13, 18, 28, 32, 33, 37, 46, 58, 63, 74, 84, 106, 108, 121, 136, 143, 145, 150, 173, 191, 195, 216, 222, 223, 249, 260, 265, 274, 283, 285, 318, 323, 325, 330, 331, 335, 337, 348, 353, 358, 381, 393, 411]
413: [23, 28, 32, 35, 61, 63, 91, 94, 95, 103, 131, 142, 147, 149, 153, 166, 167, 184, 186, 190, 204, 205, 217, 223, 224, 229, 230, 231, 237, 256, 257, 258, 272, 282, 290, 294, 305, 313, 316, 317, 364, 365, 368, 370, 371, 410]
414: [2, 5, 16, 20, 49, 50, 54, 64, 66, 67, 77, 82, 83, 94, 98, 148, 149, 152, 172, 192, 195, 200, 205, 236, 237, 262, 264, 278, 282, 311, 316, 334, 336, 338, 339, 352, 353, 366, 372, 378, 387, 401, 407, 409, 413]
415: [10, 13, 28, 30, 39, 48, 49, 54, 55, 65, 77, 82, 86, 95, 107, 123, 129, 133, 134, 148, 154, 158, 159, 161, 168, 177, 179, 216, 219, 231, 235, 256, 257, 277, 281, 298, 309, 310, 315, 317, 326, 335, 336, 337, 342, 345, 355, 359, 364, 376, 388, 399, 413, 414]
416: [8, 12, 14, 15, 36, 40, 52, 70, 76, 89, 128, 134, 143, 147, 156, 161, 167, 173, 179, 186, 187, 189, 194, 201, 219, 227, 228, 230, 261, 267, 290, 303, 306, 308, 318, 343, 344, 347, 363, 390, 396]
417: [9, 17, 22, 48, 49, 68, 76, 102, 104, 107, 139, 148, 159, 175, 180, 187, 200, 204, 207, 216, 218, 224, 238, 247, 248, 250, 253, 264, 268, 289, 306, 321, 332, 340, 344, 359, 367, 369, 376, 386, 392]
418: [4, 11, 32, 47, 51, 53, 67, 79, 91, 92, 97, 101, 109, 117, 132, 153, 172, 174, 184, 186, 191, 192, 203, 204, 219, 228, 238, 241, 248, 257, 266, 275, 282, 284, 286, 290, 295, 332, 345, 348, 369, 372, 397, 410]
419: [4, 11, 21, 25, 31, 33, 42, 49, 52, 61, 88, 115, 119, 144, 145, 159, 181, 184, 205, 213, 230, 240, 244, 256, 264, 266, 276, 286, 306, 307, 313, 323, 334, 340, 349, 350, 384, 406, 410, 416]
420: [17, 26, 30, 55, 67, 74, 81, 82, 86, 96, 120, 125, 129, 131, 133, 139, 142, 146, 152, 159, 164, 178, 195, 202, 207, 217, 223, 227, 244, 260, 280, 285, 294, 299, 301, 302, 325, 330, 334, 344, 345, 348, 354, 362, 372, 387, 419]
421: [3, 7, 22, 46, 49, 50, 51, 57, 64, 69, 70, 84, 87, 91, 92, 143, 169, 178, 181, 203, 217, 240, 244, 260, 282, 284, 288, 292, 303, 305, 317, 319, 323, 324, 334, 402, 404, 405, 406, 418]
422: [20, 60, 69, 72, 75, 76, 81, 82, 89, 96, 112, 119, 155, 170, 176, 180, 211, 212, 218, 220, 223, 242, 252, 279, 285, 306, 324, 327, 360, 368, 371, 372, 374, 379, 386, 395, 414]
423: [18, 35, 52, 54, 72, 76, 78, 85, 101, 107, 128, 146, 147, 153, 163, 165, 188, 197, 204, 208, 210, 214, 229, 250, 259, 264, 272, 326, 364, 367, 369, 382, 383, 390, 401, 406, 418]
424: [4, 22, 37, 39, 41, 47, 58, 74, 130, 201, 204, 224, 240, 252, 274, 276, 288, 319, 341, 343, 345, 358, 369, 376, 378, 380, 382, 383, 385, 393, 395, 416]
425: [1, 4, 6, 9, 25, 33, 53, 65, 72, 73, 83, 85, 127, 129, 130, 143, 150, 157, 168, 185, 192, 197, 203, 204, 213, 220, 222, 224, 228, 234, 271, 287, 288, 292, 296, 301, 318, 324, 329, 334, 343, 346, 371, 374, 379, 380, 383, 394, 402, 412, 419]
426: [14, 16, 18, 52, 54, 71, 78, 79, 101, 112, 120, 145, 147, 151, 167, 168, 176, 182, 183, 215, 217, 220, 243, 260, 262, 278, 280, 281, 282, 297, 306, 311, 312, 317, 326, 341, 347, 375, 389, 395]
427: [2, 7, 8, 53, 62, 81, 87, 101, 111, 131, 136, 158, 173, 177, 192, 196, 198, 228, 235, 241, 242, 243, 281, 291, 309, 312, 332, 334, 338, 343, 353, 361, 365, 371, 372, 386, 395]
428: [9, 14, 42, 67, 74, 75, 86, 110, 115, 118, 120, 123, 152, 167, 185, 192, 208, 214, 244, 249, 252, 256, 257, 261, 268, 281, 283, 301, 310, 314, 319, 320, 330, 343, 345, 350, 366, 383, 393, 399, 404, 418, 423]
429: [2, 27, 37, 40, 44, 47, 50, 78, 93, 104, 106, 125, 129, 141, 158, 168, 190, 203, 221, 222, 230, 282, 283, 288, 307, 329, 335, 337, 338, 339, 352, 361, 366, 394, 406, 410, 411, 424, 426, 428]
430: [4, 15, 20, 43, 57, 65, 77, 83, 101, 110, 124, 126, 128, 136, 168, 182, 185, 214, 219, 220, 248, 280, 281, 282, 297, 310, 321, 326, 341, 348, 363, 366, 370, 376, 381, 386, 390, 394, 398, 400, 405, 411, 412, 414]
431: [7, 16, 17, 26, 46, 51, 54, 81, 87, 95, 106, 121, 149, 152, 158, 189, 213, 218, 223, 245, 246, 247, 248, 273, 276, 279, 285, 290, 294, 295, 305, 322, 327, 328, 339, 374, 375, 390, 395, 400, 404, 421, 428]
432: [1, 21, 34, 53, 57, 61, 62, 70, 101, 105, 115, 116, 117, 136, 137, 140, 153, 169, 170, 193, 194, 203, 208, 219, 221, 225, 244, 248, 253, 256, 259, 277, 278, 283, 289, 304, 315, 320, 331, 337, 341, 345, 350, 356, 363, 366, 394, 403, 404, 414, 420, 427, 431]
433: [11, 15, 43, 47, 52, 61, 69, 88, 91, 93, 97, 98, 100, 104, 119, 124, 129, 133, 134, 145, 173, 182, 204, 213, 241, 257, 258, 260, 262, 267, 275, 283, 289, 297, 308, 309, 313, 319, 320, 348, 358, 389, 392, 397, 412, 413, 425, 432]
434: [1, 7, 13, 15, 29, 30, 36, 40, 47, 57, 93, 104, 105, 106, 109, 110, 126, 138, 155, 177, 194, 196, 198, 217, 219, 224, 242, 248, 254, 258, 276, 279, 316, 319, 328, 342, 343, 345, 355, 357, 366, 386]
435: [4, 5, 10, 17, 24, 32, 33, 34, 35, 38, 59, 71, 78, 98, 131, 143, 144, 151, 162, 167, 168, 190, 197, 203, 204, 215, 241, 284, 293, 309, 315, 330, 331, 333, 342, 344, 347, 349, 357, 370, 378, 395, 400, 406, 411]
436: [1, 10, 28, 46, 60, 65, 86, 90, 104, 111, 121, 125, 129, 138, 150, 163, 174, 198, 232, 233, 244, 246, 257, 274, 285, 301, 303, 316, 322, 327, 336, 350, 353, 357, 360, 366, 374, 378, 385, 404, 411, 426]
437: [4, 23, 27, 53, 59, 67, 70, 74, 104, 140, 142, 145, 186, 206, 212, 222, 245, 262, 271, 287, 290, 301, 318, 319, 324, 344, 345, 386, 402, 405, 416, 434]
438: [3, 8, 17, 18, 30, 42, 44, 49, 59, 62, 97, 107, 109, 122, 128, 142, 148, 149, 150, 158, 200, 211, 216, 221, 231, 237, 247, 262, 274, 279, 282, 288, 292, 294, 295, 297, 304, 314, 315, 317, 325, 365, 368, 372, 402, 404]
439: [4, 15, 19, 21, 51, 58, 59, 73, 76, 81, 82, 84, 135, 163, 169, 175, 176, 183, 189, 190, 194, 211, 218, 227, 229, 232, 234, 247, 253, 262, 265, 268, 290, 295, 297, 335, 346, 347, 397, 418, 431]
440: [11, 15, 23, 31, 35, 38, 43, 56, 67, 68, 85, 88, 130, 131, 135, 147, 150, 160, 167, 172, 186, 197, 240, 258, 259, 279, 285, 289, 305, 326, 339, 341, 355, 377, 390, 399, 404, 411, 413, 418, 421, 427]
441: [13, 16, 17, 25, 31, 39, 41, 48, 58, 72, 83, 101, 105, 107, 109, 113, 130, 145, 148, 156, 162, 169, 188, 199, 219, 221, 226, 252, 256, 261, 267, 269, 271, 276, 279, 284, 291, 292, 301, 319, 331, 364, 366, 367, 383, 386, 408, 413, 438]
442: [6, 16, 26, 28, 32, 47, 69, 75, 122, 142, 145, 179, 191, 194, 199, 206, 219, 223, 244, 249, 253, 260, 276, 292, 293, 294, 296, 300, 307, 313, 316, 319, 345, 356, 360, 387, 398, 400, 401, 415, 425, 427]
443: [4, 18, 39, 45, 54, 72, 92, 111, 113, 140, 142, 150, 161, 191, 194, 201, 202, 203, 208, 216, 226, 230, 263, 264, 267, 287, 298, 327, 371, 380, 381, 382, 386, 400, 409, 410, 434]
444: [52, 54, 58, 59, 63, 64, 68, 73, 82, 87, 100, 112, 119, 124, 126, 135, 136, 143, 156, 160, 165, 174, 190, 214, 218, 223, 250, 255, 289, 290, 293, 299, 301, 309, 311, 322, 335, 337, 358, 359, 373, 390, 410, 421]
445: [21, 22, 23, 41, 42, 45, 52, 69, 70, 79, 85, 88, 92, 97, 104, 115, 128, 129, 155, 176, 187, 194, 236, 242, 246, 247, 248, 302, 303, 311, 315, 317, 321, 336, 355, 363, 376, 383, 408, 420, 423, 429, 436]
446: [11, 14, 37, 40, 42, 49, 50, 67, 89, 100, 112, 123, 136, 141, 143, 146, 147, 171, 175, 182, 195, 216, 218, 219, 223, 224, 236, 246, 249, 251, 273, 275, 277, 289, 303, 326, 342, 346, 350, 362, 368, 375, 383, 387, 399, 424, 433, 436]
447: [4, 27, 37, 41, 58, 60, 63, 88, 91, 96, 106, 125, 137, 185, 186, 187, 209, 213, 222, 226, 227, 228, 232, 244, 253, 261, 263, 269, 272, 295, 298, 302, 320, 336, 348, 360, 361, 379, 382, 399, 410, 426, 431, 432, 434, 440, 443]
448: [10, 13, 14, 30, 32, 44, 49, 55, 62, 87, 88, 94, 96, 101, 102, 110, 111, 128, 132, 161, 164, 173, 180, 206, 220, 222, 228, 232, 283, 285, 288, 291, 300, 301, 328, 334, 336, 339, 344, 361, 368, 375, 376, 391, 393, 404, 411, 414, 426, 429, 438, 443, 444, 447]
449: [9, 10, 11, 21, 26, 30, 34, 39, 40, 41, 51, 79, 84, 86, 105, 136, 138, 144, 146, 150, 167, 175, 191, 195, 212, 214, 232, 235, 244, 252, 262, 264, 266, 274, 292, 308, 313, 319, 325, 336, 346, 353, 360, 381, 388, 400, 403, 412, 439]
450: [7, 13, 46, 47, 56, 57, 65, 73, 74, 82, 83, 94, 97, 105, 114, 123, 125, 129, 132, 147, 155, 165, 166, 201, 226, 228, 229, 233, 234, 238, 245, 264, 298, 308, 326, 331, 349, 358, 364, 365, 374, 383, 391, 394, 428, 439, 443]
451: [11, 23, 30, 33, 40, 58, 61, 81, 96, 98, 111, 117, 120, 130, 136, 142, 150, 163, 193, 213, 215, 220, 225, 226, 240, 253, 260, 261, 262, 266, 323, 332, 339, 342, 349, 351, 355, 360, 366, 371, 379, 383, 391, 401, 404, 427, 433, 446, 447, 449]
452: [1, 6, 16, 20, 44, 45, 48, 87, 92, 98, 103, 108, 116, 119, 131, 135, 142, 148, 154, 178, 180, 189, 194, 206, 224, 231, 238, 253, 254, 273, 282, 301, 305, 323, 332, 340, 352, 406, 409, 418, 420, 424, 438, 442]
453: [5, 11, 19, 28, 42, 43, 48, 50, 57, 58, 61, 66, 72, 82, 90, 96, 117, 133, 137, 144, 155, 156, 165, 167, 173, 181, 204, 220, 222, 239, 243, 252, 253, 256, 269, 274, 277, 279, 288, 296, 298, 307, 317, 319, 329, 331, 346, 362, 372, 378, 381, 382, 391, 412, 415, 439, 448]
454: [9, 37, 44, 45, 64, 68, 69, 70, 73, 78, 80, 91, 110, 112, 141, 153, 164, 167, 170, 189, 205, 208, 211, 218, 237, 240, 256, 258, 278, 279, 282, 291, 300, 311, 315, 338, 362, 382, 383, 386, 419, 440, 448]
455: [3, 25, 29, 44, 45, 53, 86, 108, 143, 162, 178, 180, 182, 184, 221, 223, 226, 227, 241, 244, 246, 254, 259, 260, 261, 267, 273, 279, 305, 311, 312, 318, 347, 351, 352, 354, 367, 369, 377, 382, 388, 392, 393, 395, 403, 417, 424, 434, 442, 452]
456: [11, 17, 21, 38, 53, 58, 84, 103, 110, 114, 121, 151, 152, 154, 159, 185, 186, 189, 198, 201, 228, 234, 254, 275, 281, 283, 332, 339, 345, 421, 431, 447, 451]
457: [2, 6, 7, 8, 22, 31, 42, 63, 98, 102, 104, 106, 112, 126, 135, 157, 158, 170, 175, 199, 203, 206, 238, 240, 243, 256, 259, 260, 263, 269, 273, 274, 280, 284, 285, 321, 327, 331, 336, 340, 371, 382, 386, 391, 406, 427, 433]
458: [19, 60, 62, 81, 98, 101, 120, 127, 155, 161, 173, 179, 193, 204, 235, 240, 250, 255, 260, 286, 290, 292, 296, 313, 322, 335, 342, 344, 355, 356, 371, 383, 384, 390, 392, 409, 415, 425, 448, 452]
459: [6, 21, 32, 34, 42, 57, 61, 77, 84, 88, 119, 126, 148, 166, 167, 180, 183, 186, 189, 196, 198, 202, 205, 236, 238, 269, 277, 279, 296, 299, 319, 322, 326, 340, 358, 360, 370, 380, 382, 400, 406, 418, 421, 428, 435, 439, 440]
460: [3, 6, 18, 21, 27, 28, 52, 58, 59, 66, 70, 74, 79, 87, 90, 93, 112, 127, 161, 166, 169, 194, 208, 230, 235, 236, 242, 264, 267, 269, 273, 276, 282, 283, 294, 301, 311, 313, 314, 325, 326, 331, 353, 366, 400, 401, 402, 404, 417, 421, 430, 441, 444, 449, 454]
461: [5, 42, 54, 57, 62, 67, 76, 81, 83, 89, 91, 98, 99, 100, 114, 121, 136, 153, 159, 163, 166, 186, 200, 216, 223, 228, 233, 243, 253, 256, 269, 283, 289, 295, 296, 326, 348, 356, 370, 391, 399, 404, 413, 420, 448]
462: [2, 24, 28, 34, 36, 80, 86, 93, 97, 112, 113, 127, 172, 186, 204, 209, 211, 212, 216, 219, 220, 221, 265, 269, 275, 323, 343, 350, 354, 355, 362, 372, 385, 404, 406, 423, 442, 446, 450]
463: [39, 42, 63, 73, 74, 85, 89, 101, 129, 131, 142, 143, 151, 160, 161, 164, 167, 193, 205, 211, 229, 233, 237, 241, 265, 271, 280, 307, 315, 329, 331, 333, 356, 382, 390, 417, 448]
464: [13, 29, 40, 64, 74, 84, 88, 90, 94, 112, 121, 123, 124, 196, 216, 218, 230, 260, 267, 283, 291, 297, 307, 329, 340, 348, 350, 354, 369, 378, 386, 399, 404, 406, 414, 416, 423, 437, 438, 441, 447, 453, 457]
465: [14, 21, 24, 33, 43, 50, 55, 83, 90, 97, 108, 125, 136, 184, 195, 208, 209, 211, 213, 242, 249, 258, 298, 306, 309, 322, 330, 332, 339, 364, 366, 375, 390, 393, 401, 405, 443, 451, 452, 456, 464]
466: [13, 23, 29, 42, 45, 47, 51, 54, 60, 67, 74, 76, 91, 105, 136, 144, 175, 187, 200, 208, 246, 250, 264, 272, 298, 301, 309, 317, 339, 340, 341, 351, 381, 390, 391, 409, 417, 429, 430, 431, 434, 455, 462, 463]
467: [11, 71, 90, 108, 127, 149, 163, 168, 180, 182, 191, 207, 211, 224, 229, 240, 244, 251, 252, 270, 276, 289, 313, 321, 339, 349, 351, 376, 378, 393, 416, 425, 430, 438, 466]
468: [17, 31, 34, 40, 49, 57, 70, 81, 102, 120, 139, 145, 163, 167, 171, 185, 190, 202, 223, 225, 279, 305, 320, 327, 330, 354, 360, 369, 381, 388, 408, 416, 446, 451, 454, 463]
469: [6, 48, 62, 63, 67, 75, 100, 102, 111, 131, 145, 148, 150, 160, 167, 172, 181, 194, 201, 203, 225, 247, 253, 254, 255, 258, 268, 272, 274, 277, 280, 293, 294, 305, 311, 324, 336, 340, 359, 361, 364, 393, 415, 423, 448, 449, 453, 465]
470: [22, 24, 49, 64, 70, 73, 84, 86, 88, 91, 103, 118, 129, 140, 150, 158, 169, 189, 210, 216, 227, 234, 238, 248, 250, 258, 275, 276, 299, 305, 342, 348, 367, 399, 400, 419, 421, 433, 434, 448, 466, 467]
471: [6, 9, 16, 21, 22, 51, 61, 77, 93, 94, 95, 99, 112, 116, 122, 123, 137, 145, 150, 152, 156, 163, 171, 187, 189, 191, 199, 202, 205, 227, 229, 230, 238, 259, 261, 266, 277, 284, 334, 336, 338, 353, 365, 367, 369, 380, 387, 406, 407, 432, 440, 455, 456, 465]
472: [8, 17, 25, 31, 39, 73, 92, 99, 126, 137, 138, 142, 149, 153, 156, 180, 182, 184, 190, 192, 193, 198, 199, 203, 204, 239, 242, 243, 282, 286, 307, 312, 314, 317, 320, 326, 333, 343, 349, 356, 361, 367, 374, 376, 390, 394, 429, 430, 439, 448, 459, 466, 470]
473: [6, 11, 12, 18, 25, 27, 34, 43, 57, 79, 81, 83, 90, 99, 113, 122, 129, 139, 153, 157, 165, 169, 178, 180, 185, 191, 196, 217, 218, 223, 228, 242, 254, 279, 283, 291, 294, 295, 297, 298, 303, 304, 305, 306, 311, 340, 383, 384, 385, 386, 413, 414, 424, 442, 446, 454, 457]
474: [1, 16, 18, 22, 40, 45, 54, 68, 85, 88, 96, 120, 135, 150, 159, 172, 182, 185, 192, 195, 199, 201, 202, 206, 208, 239, 251, 264, 281, 282, 304, 306, 319, 321, 335, 339, 349, 352, 365, 366, 371, 378, 382, 401, 413, 420, 429, 462, 471]
475: [4, 20, 21, 28, 30, 42, 47, 49, 62, 65, 67, 73, 81, 96, 104, 105, 108, 129, 142, 150, 154, 155, 160, 165, 191, 210, 236, 249, 260, 261, 268, 279, 288, 293, 304, 307, 314, 320, 321, 325, 338, 348, 361, 363, 370, 374, 398, 400, 404, 413, 416, 427, 432, 434, 472, 473, 474]
476: [10, 11, 32, 34, 37, 42, 43, 48, 53, 82, 87, 90, 92, 127, 145, 153, 183, 192, 193, 198, 223, 226, 227, 269, 271, 275, 278, 282, 291, 295, 312, 320, 323, 325, 338, 341, 366, 388, 394, 430, 442, 451, 455, 469]
477: [2, 5, 9, 35, 84, 96, 102, 103, 123, 130, 162, 177, 183, 196, 205, 223, 228, 229, 233, 250, 267, 272, 283, 292, 297, 312, 314, 322, 323, 342, 352, 353, 358, 359, 364, 370, 396, 406, 414, 422, 430, 433, 436, 439, 446, 451, 452, 454, 464, 467, 470, 471]
478: [10, 22, 25, 26, 27, 51, 64, 78, 81, 92, 99, 104, 106, 117, 148, 150, 151, 153, 173, 198, 210, 220, 223, 230, 248, 274, 286, 291, 305, 309, 314, 327, 330, 335, 340, 346, 350, 366, 371, 382, 383, 395, 396, 399, 410, 423, 427, 430, 437, 438, 452, 461, 464, 471, 474]
479: [1, 5, 23, 27, 60, 71, 73, 77, 80, 99, 107, 126, 133, 140, 151, 154, 156, 170, 202, 205, 207, 217, 232, 250, 253, 255, 270, 304, 306, 326, 345, 349, 384, 386, 391, 395, 398, 399, 400, 402, 411, 420, 431, 436, 461, 462]
480: [33, 45, 77, 83, 88, 91, 101, 128, 147, 149, 150, 156, 170, 200, 213, 223, 228, 234, 249, 250, 251, 254, 273, 283, 287, 296, 302, 304, 306, 322, 335, 336, 358, 365, 383, 387, 391, 396, 399, 430, 439, 447, 449, 451, 454, 465, 479]
481: [11, 27, 33, 48, 55, 70, 86, 87, 91, 103, 110, 112, 131, 160, 170, 182, 192, 222, 254, 267, 279, 294, 295, 298, 307, 315, 329, 336, 356, 364, 373, 375, 382, 399, 400, 410, 413, 417, 426, 436, 438, 449, 453, 454, 461, 462, 471, 474]
482: [1, 5, 6, 11, 17, 26, 47, 52, 71, 72, 95, 104, 105, 111, 123, 127, 158, 160, 163, 173, 178, 183, 186, 187, 204, 206, 213, 232, 234, 237, 244, 249, 256, 271, 272, 276, 290, 296, 298, 301, 314, 317, 347, 355, 357, 371, 388, 396, 411, 412, 422, 425, 430, 447, 458, 470]
483: [10, 14, 18, 23, 42, 57, 74, 76, 77, 102, 124, 133, 147, 150, 155, 175, 176, 199, 200, 228, 242, 267, 273, 278, 281, 299, 323, 324, 339, 376, 386, 390, 394, 400, 410, 415, 417, 418, 419, 429, 455, 457, 481, 482]
484: [1, 5, 27, 40, 45, 67, 90, 93, 97, 98, 121, 134, 135, 136, 142, 178, 185, 206, 211, 229, 230, 251, 252, 255, 257, 292, 306, 332, 334, 349, 368, 375, 392, 395, 403, 407, 410, 429, 434, 436, 452, 463, 474]
485: [3, 18, 21, 38, 39, 52, 63, 64, 65, 71, 74, 78, 113, 115, 119, 122, 124, 141, 145, 150, 182, 190, 218, 219, 225, 251, 255, 270, 280, 295, 298, 302, 305, 306, 313, 326, 329, 339, 344, 348, 349, 362, 370, 374, 376, 377, 392, 402, 411, 417, 426, 439, 456, 460]
486: [7, 8, 20, 30, 42, 58, 61, 66, 75, 83, 99, 109, 119, 129, 163, 172, 179, 201, 206, 208, 214, 236, 242, 245, 253, 256, 282, 283, 288, 289, 304, 308, 330, 333, 341, 347, 370, 391, 394, 396, 404, 409, 424, 438, 450, 453, 484]
487: [7, 11, 25, 39, 40, 44, 45, 65, 79, 85, 98, 101, 114, 119, 122, 129, 136, 150, 153, 154, 177, 186, 187, 239, 242, 253, 263, 284, 290, 293, 305, 315, 316, 318, 331, 336, 339, 348, 350, 356, 374, 379, 385, 396, 397, 409, 413, 452, 459, 482]
488: [3, 10, 13, 57, 73, 79, 88, 97, 123, 124, 152, 159, 160, 161, 163, 168, 174, 183, 184, 187, 227, 233, 238, 239, 243, 250, 255, 257, 259, 267, 277, 283, 297, 298, 299, 304, 315, 335, 348, 352, 378, 394, 400, 407, 422, 430, 441, 450, 455, 474]
489: [8, 10, 49, 62, 79, 80, 86, 95, 114, 122, 146, 148, 152, 167, 168, 182, 193, 200, 210, 211, 215, 224, 251, 254, 258, 291, 305, 307, 319, 321, 331, 352, 353, 354, 359, 361, 364, 365, 366, 378, 422, 423, 436, 437, 444, 447, 448, 451, 454, 459, 463]
490: [13, 16, 21, 34, 52, 66, 75, 97, 113, 119, 128, 138, 149, 167, 180, 184, 185, 187, 191, 206, 211, 229, 238, 253, 260, 309, 343, 351, 352, 353, 358, 388, 405, 414, 446, 447, 464, 478]
491: [4, 5, 6, 20, 27, 28, 43, 57, 65, 70, 86, 90, 101, 106, 123, 124, 132, 148, 156, 160, 163, 168, 173, 231, 232, 240, 252, 254, 256, 257, 265, 267, 288, 292, 299, 313, 317, 321, 322, 325, 327, 328, 341, 349, 352, 354, 371, 374, 379, 391, 395, 414, 417, 419, 441, 448, 456, 460, 467, 469, 472, 476, 482]
492: [10, 12, 14, 39, 54, 70, 93, 94, 102, 107, 109, 110, 132, 135, 145, 182, 188, 195, 200, 207, 219, 265, 269, 296, 316, 322, 364, 371, 373, 375, 383, 400, 416, 420, 426, 428, 429, 434, 444, 464, 480]
493: [13, 14, 16, 34, 46, 58, 59, 62, 65, 68, 69, 72, 79, 110, 116, 127, 148, 150, 152, 158, 174, 180, 182, 200, 205, 217, 243, 247, 260, 263, 266, 274, 294, 308, 317, 328, 349, 351, 361, 378, 380, 383, 384, 413, 414, 443, 452, 473, 482]
494: [7, 13, 18, 36, 67, 73, 77, 78, 83, 84, 90, 93, 101, 126, 129, 139, 141, 157, 163, 165, 177, 180, 182, 186, 189, 200, 215, 217, 225, 227, 234, 237, 242, 244, 251, 258, 271, 273, 282, 285, 305, 309, 314, 320, 337, 346, 357, 360, 368, 370, 372, 374, 376, 399, 401, 406, 412, 419, 428, 436, 443, 458, 468, 490]
495: [3, 17, 18, 24, 29, 47, 49, 50, 55, 65, 69, 70, 80, 90, 116, 121, 140, 197, 232, 240, 249, 251, 255, 259, 285, 288, 295, 305, 308, 310, 312, 314, 328, 330, 349, 356, 357, 362, 364, 372, 373, 385, 386, 407, 436, 450, 452, 453, 454, 470]
496: [12, 17, 23, 25, 31, 38, 39, 50, 57, 72, 81, 115, 124, 151, 156, 167, 168, 183, 190, 191, 205, 219, 242, 248, 249, 286, 297, 306, 311, 325, 336, 355, 367, 376, 391, 399, 401, 410, 415, 431, 461, 475, 477, 480, 488, 489, 491, 494]
497: [6, 8, 27, 36, 38, 40, 55, 56, 87, 116, 122, 151, 152, 172, 177, 185, 187, 190, 192, 215, 221, 223, 226, 256, 268, 272, 274, 278, 286, 294, 310, 323, 328, 339, 348, 372, 377, 381, 393, 401, 407, 409, 418, 421, 439, 454, 459, 460, 469, 476, 491]
498: [6, 26, 35, 41, 45, 54, 73, 89, 103, 136, 142, 149, 150, 161, 193, 197, 201, 204, 206, 208, 218, 233, 237, 241, 248, 252, 253, 259, 288, 296, 315, 330, 340, 345, 354, 357, 368, 371, 372, 375, 382, 383, 395, 425, 426, 427, 433, 438, 452, 456, 481, 485]
499: [8, 11, 13, 18, 24, 27, 38, 55, 61, 70, 71, 73, 82, 98, 103, 104, 109, 112, 122, 160, 165, 166, 173, 175, 202, 207, 220, 226, 262, 272, 298, 310, 314, 317, 318, 319, 341, 351, 372, 379, 384, 392, 420, 426, 428, 430, 431, 441, 450, 464, 478, 481, 498]
500: [16, 20, 21, 22, 31, 33, 42, 45, 68, 73, 78, 83, 86, 92, 101, 122, 124, 146, 147, 152, 185, 195, 217, 225, 249, 310, 316, 326, 332, 350, 364, 389, 403, 410, 418, 424, 428, 432, 433, 434, 438, 449, 452, 453, 454, 458, 463, 467, 478, 485, 494]
