Description:

Following is a problem description of Graph Coloring Problem. It contains two section.

1. Problem's data description
2. The adjacency list representation of that specific problem.

Please calculate the best solution for this problem, which is the minimum number of colors needed to color the graph such that no two adjacent nodes have the same color.


[GCP_DATA_INFO]
Type: GCP, Graph Coloring Problem
Node: 500
Edge: 3555

[ADJACENCY_List]
12: [9]
16: [14]
18: [11]
23: [10]
24: [2]
28: [1, 11]
30: [6]
31: [3]
34: [24]
35: [18]
36: [7]
37: [5]
39: [35]
40: [4]
41: [5]
43: [17, 19]
44: [25]
46: [10, 23, 25]
48: [27]
49: [6, 30]
53: [9, 12]
54: [5, 37, 41]
55: [4]
56: [7, 36]
57: [50]
58: [52]
59: [11, 28]
60: [25, 44, 46]
61: [5, 37, 54]
62: [5, 37, 54, 61]
63: [20]
64: [17, 43]
66: [9, 12, 53]
67: [21, 65]
68: [6, 30, 49]
71: [21, 67]
73: [35, 39]
74: [22, 51]
75: [57]
76: [1, 9, 28, 53]
77: [17, 19, 43, 47]
78: [14, 16]
79: [12, 53]
80: [8, 55]
81: [13]
82: [5, 41, 54, 61]
83: [69]
84: [34]
85: [17, 43, 47, 64, 77]
86: [30, 49]
87: [40]
88: [4]
89: [2, 24, 38, 87]
90: [10, 23, 25, 46, 60]
91: [2, 24, 34, 57, 89]
92: [7, 56]
93: [19, 47, 77]
95: [17, 43, 64, 85]
96: [2, 34, 84]
97: [26, 81]
98: [26, 81, 97]
99: [80]
100: [52, 58]
101: [25, 44, 60, 90]
102: [69, 72, 83]
103: [94]
104: [21, 44, 71]
105: [69, 72, 83, 102, 103]
107: [32]
108: [33]
109: [79, 100]
110: [69, 83, 102, 105]
111: [16, 78]
112: [7, 8, 36, 56, 92]
113: [30, 49, 86]
114: [45, 49, 86, 113]
115: [14, 94, 103]
116: [14, 16, 17, 43, 64, 78, 95, 115]
117: [4, 88, 109]
118: [20]
119: [34, 84, 96]
120: [106]
121: [70]
122: [70, 121]
123: [52, 58, 100]
124: [45, 86, 114]
125: [18, 27, 48]
126: [4, 40, 87]
127: [5, 37, 61, 62, 118]
128: [41]
129: [22, 63]
130: [22, 51, 74]
131: [5, 15, 37, 54, 61, 62, 82, 127]
133: [8, 92, 112]
134: [21, 67, 104]
135: [12, 53, 79, 100, 109]
136: [2, 24, 34, 57, 89, 91]
137: [17, 64, 94, 95]
138: [5, 37, 61, 62, 127, 128]
139: [25, 44, 46, 60, 90, 101]
140: [55, 132]
141: [18, 27, 48, 125]
142: [69, 128]
143: [69, 83, 102, 105, 107]
144: [41, 47, 54, 77, 82, 85]
145: [19, 43]
146: [20, 63, 118]
147: [4, 40, 87, 126]
148: [51, 74, 130]
149: [1, 9, 28, 53, 59, 66]
150: [106]
151: [1, 11, 28, 42, 59]
152: [35, 39, 128, 142]
153: [69, 128, 142, 152]
154: [6, 30, 49, 68, 86, 113, 114, 124]
155: [120]
156: [69, 83, 102, 105, 110, 143]
157: [1, 11, 28, 42, 59, 149, 151]
158: [35, 39, 128, 142, 152]
159: [10, 23, 75]
160: [12, 79, 135]
161: [65, 106, 120]
162: [2, 24, 38, 40, 87, 89, 147]
163: [3, 27, 33, 48, 125, 141]
164: [72, 102, 105, 107]
165: [63, 129]
166: [9, 12, 53, 66, 79, 109, 135, 160]
167: [72, 94, 103]
168: [4, 40, 87, 126, 147, 162]
169: [45, 124]
170: [41, 47, 54, 77, 82, 85, 144]
172: [11, 28, 42, 59, 151, 157]
173: [22, 25, 44, 46, 60, 90, 101, 139]
174: [25]
175: [3, 11, 18, 59]
176: [70, 101, 174]
177: [5, 37, 41, 61, 62, 128, 138, 142]
178: [48, 83, 125, 141, 143, 156, 158]
179: [26, 81, 97, 98]
180: [94, 95, 110, 137]
181: [50, 129, 165]
182: [25, 60, 101, 139, 174, 176]
183: [41, 128, 138, 142, 152, 153, 177]
184: [72, 94, 103, 105, 167]
185: [38, 87, 162]
186: [51, 118, 127, 146]
187: [21, 67, 71]
188: [69, 83, 102, 105, 107, 143, 156, 164, 178]
189: [4, 55, 88, 132, 140]
190: [47, 93, 155]
191: [1, 9, 28, 53, 66, 76, 149]
192: [25, 44, 60, 101, 104, 139, 173, 176, 182]
193: [7, 36, 56, 112]
194: [45, 86, 114, 124, 154, 169]
195: [18, 27, 35, 48, 125, 141, 163, 178]
196: [80, 99, 140]
197: [72, 94, 103, 105, 110, 167, 180, 184]
198: [2, 24, 89, 91, 136, 162]
199: [5, 15, 54, 61, 82, 131, 144, 170]
201: [69, 83, 102, 105, 110, 143, 153, 156, 178, 188]
202: [21, 67, 71, 104, 187]
203: [65, 134, 150, 161]
204: [1, 9, 28, 53, 76, 149, 191]
205: [70, 174, 176, 182]
206: [3, 11, 18, 125, 141, 163, 175, 195]
207: [13, 30, 49, 81, 200]
208: [6, 30, 49, 68, 113, 154, 207]
209: [69, 83, 102, 143, 156, 178, 188, 201]
210: [27, 33, 48, 108, 163]
211: [14, 16, 78, 111, 116]
212: [12, 45, 124, 160, 169, 194]
213: [4, 40, 88, 117, 126, 189]
214: [52, 58, 79, 100, 123, 135, 169]
215: [32, 72, 107, 164]
216: [13, 30, 81, 98, 200, 207, 208]
217: [17, 19, 43, 64, 77, 95, 116, 145]
218: [14, 94, 103, 115, 137, 167, 180, 184, 197]
219: [50, 75, 181]
220: [94, 103, 115, 137, 167, 180, 184, 197, 218]
221: [1, 11, 28, 59, 76, 149, 151, 157, 172, 191, 204]
222: [69, 83, 142, 143, 152, 153, 156, 158, 178, 201, 209]
223: [28, 42, 151, 157, 172, 221]
224: [20, 22, 63, 129, 148, 165]
225: [14, 78, 94, 115, 218]
226: [7, 36, 56, 92, 112, 193]
227: [2, 24, 38, 89, 162, 185, 198]
228: [27, 48, 108, 125, 141, 163, 195, 210]
229: [20, 118, 146, 186]
230: [42]
231: [69, 83, 110, 142, 143, 152, 153, 156, 201, 209, 222]
232: [38, 162, 185, 227]
233: [51, 148, 150, 186]
234: [27, 33, 48, 108, 125, 141, 163, 210, 228]
235: [9, 12, 31, 66, 149]
236: [95, 137, 180, 220]
237: [29, 38, 185, 232]
238: [6, 45, 68, 114, 124, 154, 160, 169, 194, 212]
239: [55, 80, 99, 140, 196]
240: [21, 74, 104, 130, 134]
241: [10, 23, 25, 46, 60, 90, 101, 139, 173, 182]
242: [10, 46, 60, 90, 139, 173, 181, 219, 241]
243: [16, 78, 111, 116, 211]
244: [72, 83, 102, 105, 107, 110, 143, 156, 164, 188, 201, 209, 215]
245: [20, 63, 129, 146, 165, 224]
246: [17, 64, 94, 95, 115, 137, 180, 218, 220, 236]
247: [17, 43, 64, 85, 95, 137, 180, 236, 246]
248: [17, 85, 95, 137, 180, 220, 236, 246, 247]
249: [237]
250: [17, 19, 43, 64, 77, 95, 116, 145, 217]
251: [76, 237, 249]
252: [4, 40, 87, 88, 117, 126, 147, 168, 213]
253: [55, 132, 140, 189, 196, 239]
254: [18, 35, 39, 73, 152, 158, 195, 206]
255: [200]
256: [47, 77, 93, 155, 190]
257: [4, 40, 55, 87, 88, 126, 147, 168, 189, 213, 252]
258: [51, 74, 130, 134, 148, 203, 233, 240]
259: [69, 110, 153, 156, 180, 201, 231, 236, 248]
260: [5, 15, 41, 54, 61, 62, 82, 131, 144, 170, 199]
261: [18, 35, 39, 125, 141, 152, 158, 178, 195, 206, 222, 254]
262: [29, 237, 245]
263: [5, 41, 54, 61, 82, 144, 170, 199, 260]
264: [17, 19, 43, 47, 64, 77, 85, 93, 145, 217, 250, 256]
265: [27, 48, 108, 125, 141, 163, 210, 228, 234]
266: [22, 25, 44, 46, 60, 90, 101, 139, 173, 192, 241, 242]
267: [50, 63, 129, 165, 181, 219]
268: [57, 75, 91, 136, 171]
269: [109, 117, 213]
270: [10, 23, 46, 90, 159]
271: [3, 31, 33, 163, 175, 210]
272: [21, 65, 67, 134, 161, 203]
273: [1, 9, 28, 53, 66, 76, 149, 191, 204]
274: [22, 129, 130, 148, 165, 181, 224]
275: [7, 8, 56, 92, 112, 133, 193, 226]
276: [1, 9, 12, 53, 66, 76, 79, 149, 166, 191, 204, 273]
277: [52, 58, 88, 100, 123, 132, 140, 189, 253]
278: [21, 65, 67, 71, 187, 202, 272]
279: [70, 71, 187, 202]
280: [70, 121, 122, 279]
281: [5, 37, 41, 54, 61, 62, 82, 127, 128, 131, 138, 177, 183, 260, 263]
282: [4, 55, 88, 117, 132, 140, 189, 213, 252, 253, 257, 277]
283: [35, 39, 128, 142, 152, 153, 158, 183, 222, 231, 254, 261]
284: [134, 150, 203, 233, 258]
285: [50, 165, 181, 219, 242, 267]
286: [52, 58, 100, 123, 214]
287: [8, 96, 133]
288: [34, 84, 171]
289: [5, 37, 54, 61, 62, 127, 131, 138, 186, 281]
290: [32, 108, 265]
291: [50, 57, 75, 136, 181, 219, 267, 268, 285]
292: [29, 38, 232, 237, 262]
293: [1, 76, 204, 223, 237, 249, 251]
294: [11, 28, 59, 149, 151, 157, 172, 221, 223]
295: [3, 9, 31, 66, 149, 235]
296: [5, 37, 41, 54, 61, 62, 127, 128, 138, 177, 183, 263, 281, 289]
297: [7, 36, 56, 92, 112, 193, 226, 275]
298: [2, 40, 87, 89, 96, 126, 147, 162, 168]
299: [29, 38, 185, 232, 237, 249, 251, 262, 292, 293]
300: [27, 32, 48, 108, 125, 210, 228, 234, 265, 290]
301: [10, 23, 46, 159, 270]
302: [15, 131, 150, 199]
303: [24, 50, 57, 91, 136, 198, 227, 291]
304: [6, 13, 31, 271]
305: [13, 33, 81, 97, 98, 210, 271, 304]
306: [65, 67, 161, 187, 272, 278]
307: [2, 24, 38, 87, 89, 162, 168, 185, 198, 227, 232, 298]
308: [1, 9, 28, 53, 59, 66, 76, 149, 157, 191, 204, 221, 273, 276, 294, 295]
309: [21, 74, 104, 130, 134, 240, 258]
310: [132, 140, 189, 196, 253, 277, 282]
311: [200, 207, 255]
312: [4, 55, 80, 88, 132, 140, 189, 196, 239, 253, 257, 282, 310]
313: [32, 48, 83, 102, 107, 143, 156, 164, 178, 188, 209, 244, 300]
314: [5, 37, 41, 54, 61, 62, 82, 128, 144, 170, 177, 183, 260, 263, 281, 296]
315: [34, 57, 91, 136, 171, 268, 288]
316: [17, 19, 43, 64, 77, 85, 95, 116, 145, 217, 247, 250, 264]
317: [72, 102, 103, 105, 110, 156, 164, 167, 184, 188, 197, 244]
318: [21, 44, 71, 104, 134, 192, 202, 240, 309]
319: [16, 111, 116, 145, 211, 243, 250]
320: [26, 33, 81, 97, 98, 108, 179, 305]
321: [41, 142, 144, 153, 170, 183, 236, 247, 248, 263, 314]
322: [30, 49, 86, 113, 114, 154, 208]
323: [69, 72, 83, 102, 105, 110, 143, 156, 164, 184, 188, 197, 201, 244, 317]
324: [5, 41, 54, 61, 82, 144, 170, 177, 183, 199, 260, 263, 281, 296, 314, 321]
325: [45, 52, 58, 100, 123, 169, 214, 286]
326: [50, 181, 219, 267, 285, 291]
327: [32, 48, 107, 143, 164, 178, 188, 209, 215, 244, 300, 313]
328: [4, 88, 117, 213, 252, 269, 282]
329: [14, 16, 78, 111, 116, 211, 243, 319]
330: [70, 121, 122, 280]
331: [12, 45, 79, 124, 135, 160, 166, 212, 238]
332: [57, 75, 91, 136, 171, 268, 291, 315]
333: [22, 60, 129, 173, 181, 224, 242, 266, 274, 285]
334: [47, 77, 82, 85, 144, 170, 256, 264]
335: [29, 38, 185, 232, 237, 249, 251, 292, 299]
336: [16, 17, 19, 43, 64, 95, 116, 145, 211, 217, 250, 316, 319, 329]
337: [27, 33, 48, 108, 163, 210, 228, 234, 265, 300]
338: [8, 92, 119, 133, 275, 287]
339: [26, 97, 98, 179, 320]
340: [57, 75, 171, 268, 315, 332]
341: [5, 41, 54, 61, 82, 144, 170, 183, 260, 263, 281, 296, 314, 321, 324]
342: [32, 108, 290, 300]
343: [128, 142, 152, 153, 158, 177, 183, 222, 231, 283, 296]
344: [76, 204, 237, 249, 251, 293, 299, 335]
345: [20, 29, 63, 146, 245, 262]
346: [47, 77, 93, 155, 190, 256]
347: [4, 40, 88, 117, 126, 213, 252, 257, 269, 328]
348: [11, 28, 42, 59, 151, 157, 172, 221, 223, 294]
349: [10, 25, 46, 60, 90, 101, 139, 173, 182, 192, 241, 242, 266]
350: [35, 39, 73, 128, 152, 158, 254, 261, 283, 343]
351: [27, 32, 48, 107, 125, 141, 210, 228, 234, 265, 290, 300, 313, 327, 337]
352: [1, 9, 12, 53, 66, 76, 79, 109, 166, 191, 204, 273, 276, 308]
353: [24, 50, 57, 89, 91, 136, 198, 227, 268, 291, 303, 332]
354: [15, 54, 82, 131, 199, 260, 302]
355: [29, 38, 162, 185, 198, 227, 232, 292, 299, 303, 307, 335]
356: [45, 49, 86, 114, 124, 154, 169, 194, 238, 322]
357: [3, 27, 33, 108, 163, 210, 234, 265, 271, 305, 337]
358: [11, 42, 73, 151, 157, 172, 221, 223, 294, 348]
359: [70, 121, 122, 280, 330]
360: [50, 165, 181, 219, 267, 285, 291, 326]
361: [58, 79, 100, 109, 117, 123, 135, 166, 214, 286]
362: [79, 109, 117, 135, 166, 269, 328, 352, 361]
363: [47, 93, 155, 190, 256, 346]
364: [117, 213, 249, 251, 269, 328, 344, 347, 362]
365: [21, 65, 67, 71, 104, 134, 187, 202, 272, 278, 306, 318]
366: [44, 60, 71, 101, 104, 139, 192, 202, 240, 318]
367: [9, 28, 31, 53, 59, 66, 149, 191, 221, 235, 295, 308]
368: [26, 81, 97, 98, 179, 200, 320, 339]
369: [50, 63, 165, 267, 291, 292, 303, 326, 355, 360]
370: [32, 107, 290, 300, 342, 351]
371: [2, 24, 34, 84, 91, 96, 119, 136, 288]
372: [45, 52, 58, 79, 100, 123, 135, 160, 166, 169, 212, 214, 286, 325, 331, 361]
373: [21, 65, 67, 134, 150, 203, 240, 258, 272, 284, 309, 365]
374: [20, 118, 146, 186, 229]
375: [2, 24, 34, 84, 89, 91, 96, 119, 136, 198, 227, 298, 371]
376: [3, 27, 33, 48, 108, 125, 141, 163, 210, 228, 234, 265, 271, 337, 357]
377: [5, 37, 54, 61, 62, 127, 131, 138, 186, 260, 281, 289, 354]
378: [15, 51, 150, 203, 233, 258, 284, 302]
379: [4, 40, 55, 80, 88, 126, 140, 147, 168, 189, 213, 252, 253, 257, 282, 312]
380: [32, 107, 108, 265, 290, 300, 327, 342, 351, 370]
381: [14, 16, 78, 94, 115, 116, 137, 211, 218, 220, 225, 246]
382: [3, 18, 27, 125, 141, 163, 175, 195, 206, 228, 234, 261, 376]
383: [33, 81, 108, 210, 234, 271, 305, 320, 337, 357, 376]
384: [65, 134, 150, 203, 258, 272, 284, 309, 373, 378]
385: [22, 46, 129, 173, 181, 219, 242, 266, 274, 285, 326, 333, 360]
386: [5, 41, 128, 142, 153, 177, 183, 263, 281, 296, 314, 321, 324, 341, 343]
387: [25, 90, 101, 174, 182, 241, 270, 349]
388: [22, 129, 165, 181, 219, 224, 242, 267, 274, 285, 326, 333, 360, 385]
389: [38, 185, 232, 237, 249, 251, 293, 299, 335, 344, 347, 364]
390: [18, 27, 35, 48, 125, 141, 158, 178, 195, 206, 254, 261, 382]
391: [29, 38, 232, 237, 249, 262, 292, 299, 335, 355]
392: [8, 55, 80, 99, 112, 239, 287]
393: [27, 33, 48, 108, 125, 141, 163, 195, 210, 228, 234, 265, 300, 337, 351, 357, 376, 382, 383]
394: [70, 176, 182, 192, 205, 279, 280]
395: [65, 106, 120, 150, 161, 203]
396: [35, 39, 73, 128, 142, 152, 158, 177, 183, 254, 261, 283, 343, 350]
397: [50, 129, 165, 181, 219, 267, 285, 291, 326, 360, 369, 385, 388]
398: [14, 16, 78, 111, 115, 116, 211, 225, 243, 329, 381]
399: [10, 23, 46, 90, 173, 181, 219, 241, 242, 266, 285, 333, 360, 385, 388]
400: [22, 60, 129, 173, 181, 219, 224, 242, 266, 274, 285, 333, 360, 385, 388, 399]
401: [6, 30, 49, 68, 86, 113, 114, 124, 154, 208, 238, 322, 356]
402: [9, 12, 31, 53, 66, 149, 160, 235, 276, 295, 308, 367]
403: [8, 55, 80, 287, 392]
404: [24, 50, 57, 75, 91, 136, 198, 268, 291, 303, 315, 326, 332, 353]
405: [45, 58, 79, 100, 123, 135, 160, 166, 169, 212, 214, 286, 325, 331, 361, 372]
406: [7, 8, 36, 56, 92, 112, 133, 193, 226, 275, 287, 297, 392]
407: [15, 131, 150, 233, 284, 302, 354, 377, 378]
408: [69, 83, 110, 142, 153, 156, 201, 231, 236, 248, 259]
409: [30, 49, 68, 86, 113, 154, 207, 208, 216, 322, 401]
410: [51, 148, 186, 233, 258, 378, 407]
411: [14, 16, 78, 115, 116, 211, 225, 329, 381, 398]
412: [5, 41, 54, 82, 85, 144, 170, 199, 260, 263, 281, 314, 321, 324, 334, 341]
413: [1, 28, 59, 76, 149, 151, 157, 172, 191, 204, 221, 223, 273, 294, 308, 348, 367]
414: [2, 38, 40, 87, 89, 126, 147, 162, 168, 185, 227, 232, 298, 307]
415: [75, 159, 171, 268, 315, 340]
416: [84, 96, 119, 133, 338]
417: [185, 237, 249, 251, 293, 299, 335, 344, 364, 389]
418: [28, 42, 151, 157, 172, 221, 223, 230, 294, 348, 358, 413]
419: [1, 9, 28, 53, 66, 76, 149, 157, 191, 204, 221, 273, 276, 308, 352, 413]
420: [70, 121, 122, 176, 205, 279, 280, 330, 359, 394]
421: [15, 54, 82, 131, 144, 170, 199, 260, 263, 302, 354, 412]
422: [14, 16, 78, 111, 115, 116, 211, 225, 329, 381, 398, 411]
423: [4, 40, 88, 117, 126, 213, 252, 257, 269, 282, 328, 347, 362, 364, 379]
424: [51, 134, 150, 203, 233, 258, 284, 373, 378, 384, 407]
425: [6, 30, 49, 68, 154, 208, 238, 304, 401]
426: [1, 76, 204, 237, 249, 251, 269, 273, 293, 344, 352, 364, 389, 417]
427: [14, 16, 78, 111, 115, 116, 211, 225, 329, 381, 398, 411, 422]
428: [27, 32, 48, 107, 228, 265, 290, 300, 313, 327, 351, 370, 380]
429: [17, 41, 77, 85, 95, 144, 170, 236, 247, 248, 263, 264, 316, 321, 334, 341, 412]
430: [40, 55, 87, 126, 147, 168, 252, 257, 298, 379, 403, 414]
431: [5, 37, 41, 54, 61, 62, 82, 128, 131, 138, 144, 170, 177, 183, 260, 263, 281, 296, 314, 321, 324, 341, 386, 412]
432: [15, 106, 120, 155, 190, 302, 395]
433: [14, 16, 43, 64, 78, 95, 111, 116, 211, 243, 250, 319, 329, 336, 381, 398, 411, 422, 427]
434: [35, 39, 73, 254, 350, 358, 396]
435: [3, 13, 31, 33, 271, 295, 304, 305, 357, 376, 383]
436: [37, 62, 118, 127, 138, 186, 229, 230, 289, 374]
437: [27, 48, 107, 125, 141, 143, 178, 195, 209, 228, 234, 265, 300, 313, 327, 351, 393, 428]
438: [51, 150, 186, 233, 258, 284, 377, 378, 407, 410, 424]
439: [4, 55, 88, 117, 132, 140, 189, 213, 252, 253, 257, 277, 282, 312, 328, 347, 379, 423]
440: [65, 67, 106, 150, 161, 203, 272, 278, 306, 373, 384, 395]
441: [6, 31, 68, 208, 235, 295, 304, 401, 402, 425]
442: [3, 31, 33, 163, 175, 271, 304, 357, 376, 382, 435]
443: [33, 108, 210, 265, 290, 320, 337, 339, 342, 357, 380, 383]
444: [2, 24, 87, 89, 96, 162, 198, 227, 298, 307, 375, 414]
445: [69, 83, 102, 143, 156, 178, 188, 201, 209, 222, 231, 244, 283, 313, 327]
446: [42, 223, 230, 245, 262, 345]
447: [47, 93, 155, 190, 256, 346, 363]
448: [1, 11, 28, 42, 59, 151, 157, 172, 221, 223, 294, 348, 358, 413, 418, 419]
449: [25, 101, 174, 176, 182, 192, 205, 387, 394, 420]
450: [7, 8, 56, 92, 112, 133, 275, 287, 338, 406, 416]
451: [27, 48, 108, 125, 141, 163, 210, 228, 234, 265, 290, 300, 337, 351, 376, 380, 393, 428, 437, 443]
452: [2, 40, 87, 89, 96, 126, 147, 162, 168, 227, 257, 298, 307, 414, 430, 444]
453: [2, 24, 34, 84, 89, 91, 96, 119, 288, 371, 375, 444]
454: [32, 72, 102, 105, 107, 143, 164, 188, 215, 244, 313, 317, 323, 327]
455: [37, 62, 118, 127, 138, 186, 229, 289, 296, 374, 377, 436]
456: [51, 118, 127, 131, 186, 233, 289, 377, 378, 407, 410, 438]
457: [22, 25, 44, 60, 90, 101, 139, 173, 192, 241, 266, 333, 349, 366, 400]
458: [14, 16, 78, 111, 115, 116, 211, 225, 243, 329, 336, 381, 398, 411, 422, 427, 433]
459: [14, 16, 17, 43, 64, 94, 95, 115, 116, 137, 211, 218, 220, 225, 246, 336, 381, 398, 411, 422, 427, 433, 458]
460: [3, 13, 31, 271, 304, 305, 357, 435, 441, 442]
461: [5, 15, 37, 54, 61, 62, 127, 131, 199, 260, 281, 289, 302, 354, 377, 407, 421, 431, 438, 456]
462: [22, 44, 60, 74, 104, 130, 139, 173, 192, 240, 309, 318, 366, 457]
463: [4, 40, 55, 87, 126, 147, 168, 252, 257, 298, 379, 430, 452]
464: [69, 83, 105, 110, 153, 156, 180, 201, 231, 236, 248, 259, 408]
465: [179, 200, 311, 368]
466: [8, 55, 80, 147, 168, 287, 298, 392, 403, 430, 463]
467: [20, 118, 146, 186, 229, 230, 245, 374, 436, 446, 455]
468: [11, 28, 42, 59, 151, 157, 172, 221, 223, 294, 348, 358, 413, 418, 448]
469: [57, 75, 91, 136, 171, 268, 315, 332, 340, 404, 415]
470: [34, 84, 171, 288, 315, 371]
471: [32, 48, 107, 143, 178, 188, 209, 228, 244, 265, 300, 313, 327, 351, 380, 428, 437, 445, 451, 454]
472: [16, 17, 43, 64, 78, 95, 111, 116, 145, 211, 217, 243, 250, 316, 319, 329, 336, 381, 398, 411, 422, 427, 433, 458, 459]
473: [6, 13, 30, 49, 68, 154, 208, 304, 401, 425, 441, 460]
474: [2, 24, 34, 89, 91, 96, 119, 136, 162, 198, 227, 298, 307, 353, 371, 375, 444, 453]
475: [200, 255, 311, 465]
476: [29, 237, 262, 292, 293, 299, 345, 391, 446]
477: [2, 24, 34, 89, 91, 96, 136, 162, 198, 227, 307, 353, 371, 375, 444, 453, 474]
478: [35, 69, 83, 142, 143, 152, 153, 156, 158, 178, 201, 209, 222, 231, 283, 343, 396, 408, 445, 464]
479: [1, 29, 223, 237, 249, 251, 262, 293, 299, 344, 389, 391, 417, 426, 476]
480: [35, 39, 128, 142, 152, 153, 158, 177, 183, 222, 254, 261, 283, 343, 350, 386, 396, 478]
481: [58, 79, 100, 109, 123, 135, 166, 214, 286, 361, 362, 372, 405]
482: [55, 80, 99, 140, 189, 196, 239, 253, 310, 312, 392]
483: [4, 40, 55, 87, 88, 126, 147, 168, 213, 252, 257, 282, 347, 379, 423, 430, 439, 452, 463]
484: [37, 62, 118, 127, 138, 186, 229, 289, 374, 377, 436, 455, 467]
485: [29, 63, 232, 237, 262, 292, 299, 335, 345, 355, 369, 391, 476]
486: [14, 94, 103, 115, 167, 184, 197, 218, 220, 225, 381]
487: [7, 8, 36, 56, 92, 112, 133, 193, 226, 275, 297, 338, 406, 450]
488: [4, 40, 87, 126, 147, 168, 213, 252, 257, 328, 347, 379, 414, 423, 430, 452, 463, 483]
489: [18, 35, 39, 152, 158, 178, 195, 222, 254, 261, 283, 350, 390, 396, 478, 480]
490: [1, 76, 204, 249, 251, 269, 273, 293, 328, 344, 347, 352, 364, 389, 417, 426]
491: [4, 88, 109, 117, 213, 252, 269, 282, 328, 347, 362, 364, 423, 439]
492: [38, 50, 227, 232, 267, 291, 292, 303, 335, 353, 355, 369, 391, 485]
493: [106, 120, 161, 395, 432, 440]
494: [200, 255, 311, 465, 475]
495: [3, 11, 28, 31, 59, 149, 175, 221, 235, 294, 295, 308, 367, 413]
496: [21, 67, 74, 104, 134, 203, 240, 258, 284, 309, 318, 365, 373, 384, 424]
497: [11, 42, 151, 157, 172, 221, 223, 230, 294, 348, 358, 418, 448, 468]
498: [8, 96, 133, 287, 338, 392, 403, 406, 450, 466]
499: [38, 162, 185, 232, 237, 249, 251, 292, 299, 307, 335, 344, 355, 389, 391, 414, 417]
500: [2, 24, 87, 89, 91, 96, 136, 162, 198, 227, 298, 307, 371, 375, 414, 444, 452, 453, 474, 477]
