Description:

Following is a problem description of Graph Coloring Problem. It contains two section.

1. Problem's data description
2. The adjacency list representation of that specific problem.

Please calculate the best solution for this problem, which is the minimum number of colors needed to color the graph such that no two adjacent nodes have the same color.


[GCP_DATA_INFO]
Type: GCP, Graph Coloring Problem
Node: 561
Edge: 3258

[ADJACENCY_List]
30: [25]
35: [1, 32]
40: [35]
44: [6, 18]
49: [11, 17]
53: [17, 49]
57: [25]
60: [54]
61: [8, 12, 31, 35, 38]
62: [12, 45, 61]
64: [2]
66: [62]
69: [32, 35]
73: [62]
74: [72]
76: [11, 49]
78: [11, 17, 49, 53, 76]
83: [11, 49, 76, 78]
85: [1, 12, 35]
86: [1, 35, 85]
88: [5]
99: [1, 35, 72, 74, 85, 86]
103: [78]
104: [46]
108: [34]
114: [10, 61, 64]
119: [1, 35, 85, 86, 99]
120: [62]
123: [35, 40]
130: [62, 66]
132: [115]
134: [44]
135: [1, 35, 85, 86, 99, 119]
136: [61]
137: [102]
141: [49]
145: [61]
147: [34, 108]
150: [17, 26, 44, 114, 118, 123, 125, 126, 131, 147]
151: [2, 61]
152: [1, 32, 35, 50, 69, 99, 150]
154: [44, 61, 64, 81, 114]
155: [50, 152]
157: [152]
159: [15, 35, 61, 123, 151]
160: [35, 40, 123]
161: [35, 40, 44, 61, 123, 134, 154, 160]
162: [80, 150]
163: [160]
164: [1, 12, 35, 85, 86, 99, 119, 135]
165: [6, 34, 43, 44, 94, 99, 108, 117, 131, 147, 150, 161]
168: [39]
169: [61, 62, 66]
171: [147, 152]
174: [61, 145]
177: [12, 85, 164]
178: [1, 12, 35, 85, 86, 99, 119, 135, 164, 177]
180: [152]
183: [50, 152, 155]
184: [19, 39, 168]
185: [125, 150]
186: [61]
188: [152]
189: [64, 114]
192: [46, 104]
196: [35, 152]
198: [154, 172]
201: [150]
202: [14, 23, 37, 41, 50, 61, 89, 95, 108, 110, 117, 121, 124, 132, 154, 165, 166, 193, 195, 196]
203: [42, 50, 75, 87, 114, 152, 154, 155, 183]
204: [17, 49, 53, 78]
207: [17, 49, 53, 78, 152, 202, 204]
208: [150, 196]
209: [19]
211: [2, 61, 134, 150, 151, 159, 161]
212: [59]
215: [156]
217: [165]
218: [12, 44, 46, 61, 159]
219: [11, 49, 76, 78, 83]
222: [30, 32, 35, 69, 152, 171]
223: [165]
225: [211]
226: [202]
227: [25, 57]
228: [114]
230: [165, 202]
231: [126, 150]
234: [38]
235: [78]
239: [27]
240: [179]
242: [150]
243: [15]
244: [2, 5, 6, 15, 17, 35, 44, 54, 60, 61, 64, 88, 95, 101, 102, 105, 107, 108, 117, 123, 132, 137, 138, 150, 161, 165, 196, 202, 218, 230]
245: [165]
247: [25, 30, 203]
249: [61]
251: [167]
253: [125, 185]
254: [35]
255: [207, 244]
258: [150]
259: [2, 12, 61, 114, 128, 134, 150, 151, 154, 161, 202, 203, 208, 211, 218, 244]
260: [112]
261: [35, 196]
262: [7, 17, 49, 53, 78, 204, 207]
263: [64, 139]
264: [115, 127, 132, 202, 244]
265: [203]
267: [42, 104, 114, 152, 154, 171, 203, 222, 244, 259]
268: [233]
269: [140]
273: [244]
274: [79, 98]
275: [202]
276: [2, 24, 44, 61, 62, 66, 150, 152, 159, 169, 186, 211, 218, 244, 246, 259]
277: [64, 114, 189, 202]
279: [202]
280: [58]
281: [61, 111, 154, 218, 256, 276]
283: [150]
285: [5, 25, 44, 51, 55, 61, 64, 87, 114, 117, 123, 144, 147, 150, 154, 161, 165, 189, 202, 203, 213, 218, 220, 224, 244, 247, 250, 252, 259, 277, 278]
286: [61, 62, 66, 170, 218, 239, 259, 274]
287: [154, 281]
288: [203]
290: [154]
291: [35, 244, 261]
292: [25, 57, 227]
294: [202]
295: [5, 285]
296: [285]
297: [34, 48, 72, 108, 147, 161, 165, 203, 259, 285]
298: [114]
299: [74]
300: [32, 35, 69, 152, 222]
301: [150]
302: [165]
303: [221]
304: [165]
306: [187, 202]
307: [211]
308: [131, 150, 165]
309: [152]
310: [10, 61, 154]
311: [49]
312: [33]
313: [126, 231]
314: [64, 114, 189, 277, 285]
316: [61, 244]
317: [10, 176, 310]
318: [62]
319: [61, 218, 286]
320: [77]
321: [10, 61, 67, 100, 176, 184, 310, 317]
322: [297]
323: [35]
326: [150]
327: [35, 261]
328: [285]
329: [44, 165, 259]
330: [46, 104, 192, 203, 218, 324]
331: [150, 242]
332: [139, 263]
333: [202]
334: [277]
335: [1, 35, 85, 86, 99, 119, 135, 164, 178]
336: [17, 49, 53, 78, 204, 207, 262]
337: [202]
340: [35, 40, 74, 96, 123, 160, 161, 299]
341: [35, 40]
342: [49]
344: [211, 321]
345: [44, 55, 154, 161, 165, 220, 262, 271, 285]
346: [165]
348: [50, 152, 155, 183, 203]
349: [11, 49, 76, 78, 83, 219]
350: [150, 165]
351: [19]
352: [165]
353: [64, 114, 189, 277, 285, 314]
355: [297]
356: [15, 95, 244]
357: [147, 152, 171, 211, 222, 267]
359: [300]
360: [165]
361: [21, 22, 25, 46, 61, 114, 129, 154, 191, 200, 205, 218, 220, 229, 236, 237, 241, 247, 248, 254, 266, 284, 285, 330, 345, 347]
362: [48, 297]
363: [102, 137, 244]
364: [259]
365: [61, 95, 132, 202, 218, 244, 276]
366: [162]
367: [34, 46, 108, 112, 147, 150, 165, 218, 285, 297, 330, 361]
368: [32, 35, 69, 152, 222, 259, 267, 300]
369: [32, 35, 69, 152, 222, 300, 368]
370: [244]
372: [165, 329]
373: [202]
374: [133]
375: [315]
376: [29, 150, 162]
377: [162]
378: [34, 108, 147, 165, 171, 297, 357, 367]
379: [244]
380: [108, 123, 202, 207, 244, 285]
381: [64, 114, 189, 277, 285, 314, 353]
382: [244]
383: [165]
384: [19, 209]
385: [147, 171, 211, 357, 378]
386: [132, 365]
387: [63, 64, 114, 189, 277, 285, 314, 353, 381]
389: [162, 179, 240]
390: [318]
391: [2, 61, 109, 126, 159, 218, 232, 276, 289]
392: [33, 312]
393: [170, 184]
395: [165]
396: [160, 244]
397: [140, 165, 202, 218, 230, 244, 269, 306, 365]
398: [15, 98, 117, 165, 202, 244, 274, 285, 356, 397]
400: [44, 55, 95, 147, 150, 153, 161, 165, 202, 218, 244, 262, 285, 345, 367]
401: [61, 67, 321]
402: [61]
403: [165]
405: [42, 87, 112, 203, 260, 267, 293, 330]
406: [8, 61, 249]
408: [32, 35, 69, 152, 222, 300, 368, 369]
410: [46, 147, 152, 171, 218, 222, 267, 330, 357, 361, 367, 368, 378, 385]
411: [4]
412: [159]
413: [269]
414: [78]
415: [108, 117, 165, 202, 244, 285, 380, 398]
416: [11, 13, 17, 25, 30, 34, 46, 47, 91, 108, 147, 150, 152, 165, 171, 183, 199, 216, 218, 219, 222, 244, 247, 267, 285, 297, 330, 357, 361, 367, 371, 378, 409, 410]
417: [330]
418: [26, 150]
419: [150]
420: [211, 357, 385]
421: [244]
422: [10, 211, 310, 317, 321, 344]
423: [71, 321]
424: [44, 61, 109, 202, 218, 232, 244, 276, 289, 391, 397]
425: [50, 152, 155, 183, 203, 348]
426: [102, 137, 244, 363]
427: [271, 345]
428: [61, 276]
429: [16]
430: [361]
431: [159, 215]
432: [239, 286]
433: [25, 57, 227, 292]
434: [188, 416]
436: [165]
437: [152]
438: [202]
440: [165]
441: [61]
442: [297]
443: [211, 276]
445: [2, 17, 61, 108, 151, 184, 210, 211, 259, 276, 310]
446: [378]
447: [1, 2, 61, 86, 111, 119, 150, 151, 152, 160, 211, 259, 276, 435, 445]
448: [244, 370]
449: [2]
450: [35, 323]
451: [19, 209, 384]
452: [1, 28, 35, 36, 40, 42, 44, 46, 50, 51, 52, 58, 61, 64, 77, 84, 95, 96, 114, 123, 143, 150, 152, 154, 155, 158, 159, 160, 161, 163, 165, 175, 181, 182, 183, 189, 197, 199, 202, 203, 211, 244, 259, 262, 267, 272, 277, 280, 285, 286, 297, 314, 320, 340, 345, 347, 348, 350, 353, 354, 358, 361, 365, 368, 372, 380, 381, 387, 394, 396, 400, 405, 416, 419, 425, 444, 447]
453: [309]
456: [452]
457: [4, 9, 196, 202, 244, 411]
458: [202]
459: [244]
460: [150]
461: [211]
462: [61, 170, 286, 316, 365]
463: [202]
464: [146, 152, 218, 267]
465: [15, 68]
466: [267, 371, 416]
467: [165]
468: [107, 244]
469: [321, 429]
470: [244]
471: [101, 244]
472: [112, 347]
473: [38, 61, 234]
474: [202]
475: [95, 244, 365]
476: [90, 285, 452]
477: [382]
478: [416, 434]
479: [102, 137, 244, 363, 426]
480: [115, 132, 161, 259, 264, 285, 297, 452]
481: [202]
482: [61, 246, 276]
483: [61, 218, 246, 276, 286, 319, 482]
484: [202]
485: [1, 35, 85, 86, 99, 119, 135, 164, 178, 335]
487: [15, 68, 159, 465]
488: [254]
489: [95, 452]
491: [64, 114, 189, 277, 285, 314, 353, 381, 387, 452, 489]
492: [20, 25, 44, 57, 62, 70, 73, 147, 150, 152, 165, 167, 202, 207, 227, 230, 244, 251, 255, 285, 292, 325, 375, 376, 397, 398, 400, 416, 433, 452, 454, 486]
493: [452]
494: [285]
495: [118, 150]
496: [17, 34, 46, 82, 97, 108, 142, 147, 148, 150, 152, 161, 165, 171, 188, 202, 218, 219, 222, 267, 285, 297, 330, 357, 361, 367, 378, 385, 400, 405, 410, 416, 492]
497: [1, 35, 61, 115, 132, 218, 244, 259, 264, 276, 447, 452, 480]
498: [3, 17, 49, 53, 78, 150, 152, 165, 202, 204, 207, 262, 285, 336, 361, 367, 400, 439, 455, 496]
499: [202]
500: [343]
501: [161, 211, 452]
502: [50, 152, 155, 183, 203, 348, 425, 452]
503: [452]
504: [61, 402]
505: [347, 472]
506: [149, 218, 492]
507: [162, 179, 240, 389]
508: [15, 244, 269, 356, 398, 413]
509: [285]
510: [17, 19, 24, 44, 61, 74, 148, 150, 152, 159, 161, 165, 208, 209, 211, 218, 244, 259, 276, 285, 299, 305, 340, 368, 376, 384, 391, 424, 447, 451, 452, 492, 497]
511: [38, 234, 473]
512: [44, 176, 177, 482]
513: [339, 407]
514: [46]
515: [400]
516: [211, 307]
517: [11, 49, 76, 78, 83, 219, 222, 349, 368, 416]
518: [79, 106]
519: [70, 461]
521: [31, 61, 170, 274, 286, 462]
522: [393]
523: [424]
524: [13, 416]
525: [61, 194, 424, 441]
526: [13, 42, 44, 61, 65, 87, 114, 122, 150, 151, 152, 154, 161, 171, 202, 203, 204, 208, 218, 222, 244, 259, 267, 285, 357, 368, 400, 405, 410, 416, 445, 447, 452, 489, 491, 496, 524]
527: [271, 345, 427, 452]
528: [5, 25, 27, 35, 44, 56, 57, 88, 99, 108, 114, 123, 125, 136, 147, 150, 156, 165, 190, 202, 203, 218, 221, 227, 233, 244, 270, 276, 282, 285, 292, 303, 329, 338, 345, 361, 367, 376, 380, 398, 400, 432, 433, 452, 490, 492, 496, 498, 510, 526]
529: [244]
530: [128, 259]
531: [19]
532: [397, 424, 452]
533: [150, 207, 376, 492, 528]
534: [49]
535: [452]
536: [147]
537: [259, 445]
538: [61, 62, 186, 194, 259, 276, 365, 391, 397, 424, 443, 473, 510, 512, 526]
539: [202]
540: [202]
541: [61, 285, 361, 424, 496, 498, 528]
542: [102, 137, 244, 363, 426, 479]
543: [492]
544: [452]
545: [64, 114, 189, 214, 277, 285, 314, 353, 381, 387, 452, 491]
546: [150, 326]
547: [285]
548: [347, 472, 505]
549: [1, 13, 17, 28, 44, 64, 89, 99, 114, 123, 125, 147, 150, 152, 161, 165, 188, 189, 202, 206, 208, 210, 211, 244, 257, 277, 285, 314, 322, 329, 353, 361, 368, 380, 381, 387, 388, 398, 400, 404, 416, 434, 447, 452, 478, 491, 492, 496, 498, 510, 524, 526, 528, 541, 545]
550: [285]
551: [146, 447, 464, 526]
552: [165]
553: [46, 104, 192, 330]
554: [102, 137, 244, 363, 426, 479, 542]
555: [1, 30, 83, 113, 147, 150, 152, 161, 165, 171, 173, 202, 218, 222, 244, 259, 267, 285, 297, 341, 354, 357, 361, 367, 398, 400, 410, 416, 452, 464, 480, 492, 496, 498, 517, 526, 528, 541, 549]
556: [452]
557: [92]
558: [15, 244, 356, 398, 508]
559: [202]
560: [32, 35, 69, 152, 222, 300, 368, 369, 408]
561: [44, 244, 528]
