Description:

Following is a problem description of Graph Coloring Problem. It contains two section.

1. Problem's data description
2. The adjacency list representation of that specific problem.

Please calculate the best solution for this problem, which is the minimum number of colors needed to color the graph such that no two adjacent nodes have the same color.


[GCP_DATA_INFO]
Type: GCP, Graph Coloring Problem
Node: 74
Edge: 602

[ADJACENCY_List]
4: [1, 2]
5: [1]
9: [1, 3, 4, 8]
10: [1, 9]
11: [1, 5]
12: [4]
13: [1, 5, 11]
14: [8, 9]
17: [6]
18: [8, 9, 14]
19: [4]
20: [6, 17]
21: [6, 17, 20]
22: [1, 4, 9, 15, 18]
23: [6, 17, 20, 21]
24: [18]
25: [1, 5, 11, 13]
26: [22]
27: [4, 19]
28: [17]
29: [1, 5, 11, 13, 25]
30: [17, 23]
31: [8, 9, 14, 18, 24]
32: [4]
34: [6, 17, 20, 21, 23]
38: [8, 9, 14, 18, 31]
39: [6, 17, 20, 21, 23, 34]
40: [1, 5, 11, 13, 25, 29]
41: [2, 4, 12, 19, 22, 27, 36]
42: [22, 24]
43: [2, 4, 12, 41]
44: [1, 8, 9, 14, 18, 22, 31, 38]
45: [4]
46: [2, 4, 41]
47: [4, 12, 41, 43]
48: [35]
49: [1, 4, 5, 9, 10, 11, 13, 22, 25, 29, 33, 37, 40, 44]
50: [1, 5, 11, 13, 25, 29, 40, 49]
51: [2, 41, 43]
52: [3, 8, 9, 14, 18, 31, 38, 44]
53: [3, 9, 52]
55: [1, 2, 3, 4, 5, 6, 9, 10, 11, 12, 13, 15, 16, 17, 18, 19, 20, 21, 22, 23, 24, 25, 27, 29, 30, 31, 34, 36, 39, 40, 41, 42, 44, 46, 47, 49, 50, 52, 53, 54]
56: [4, 19, 27, 41, 55]
57: [2, 4, 12, 19, 22, 27, 36, 41, 43, 46, 47, 51, 55, 56]
58: [35, 48]
59: [1, 5, 11, 13, 25, 29, 40, 49, 50, 55]
60: [4, 19, 27, 36, 41, 55, 56, 57]
61: [22]
62: [2, 4, 12, 27, 41, 46, 47, 55, 57]
63: [1, 4, 22]
64: [6, 17, 20, 21, 23, 34, 39, 55]
65: [16, 55]
66: [9, 22, 55]
67: [4, 12, 41, 43, 47, 55, 57, 62]
68: [4, 19, 27, 41, 55, 56, 57, 60]
69: [1, 4, 9, 22, 49, 55]
70: [7]
71: [4, 32, 45]
72: [1, 9, 10, 37, 49, 55]
73: [4, 12, 19, 27, 41, 43, 47, 55, 56, 57, 60, 67, 68]
74: [2, 41, 43, 51, 57]
