Description:

Following is a problem description of Graph Coloring Problem. It contains two section.

1. Problem's data description
2. The adjacency list representation of that specific problem.

Please calculate the best solution for this problem, which is the minimum number of colors needed to color the graph such that no two adjacent nodes have the same color.


[GCP_DATA_INFO]
Type: GCP, Graph Coloring Problem
Node: 864
Edge: 18707

[ADJACENCY_List]
2: [1]
3: [1, 2]
4: [1, 2, 3]
5: [1, 2, 3, 4]
6: [1, 2, 3, 4, 5]
7: [1, 2, 3, 4, 5, 6]
8: [1, 2, 3, 4, 5, 6, 7]
9: [1, 2, 3, 4, 5, 6, 7, 8]
10: [1, 2, 3, 4, 5, 6, 7, 8, 9]
11: [1, 2, 3, 4, 5, 6, 7, 8, 9, 10]
12: [1, 2, 3, 4, 5, 6, 7, 8, 9, 10, 11]
13: [1, 2, 3, 4, 5, 6, 7, 8, 9, 10, 11, 12]
14: [1, 2, 3, 4, 5, 6, 7, 8, 9, 10, 11, 12, 13]
15: [1, 2, 3, 4, 5, 6, 7, 8, 9, 10, 11, 12, 13, 14]
16: [1, 2, 3, 4, 5, 6, 7, 8, 9, 10, 11, 12, 13, 14, 15]
18: [17]
19: [17, 18]
20: [17, 18, 19]
21: [17, 18, 19, 20]
22: [17, 18, 19, 20, 21]
23: [17, 18, 19, 20, 21, 22]
24: [17, 18, 19, 20, 21, 22, 23]
25: [17, 18, 19, 20, 21, 22, 23, 24]
26: [17, 18, 19, 20, 21, 22, 23, 24, 25]
27: [17, 18, 19, 20, 21, 22, 23, 24, 25, 26]
28: [17, 18, 19, 20, 21, 22, 23, 24, 25, 26, 27]
29: [17, 18, 19, 20, 21, 22, 23, 24, 25, 26, 27, 28]
30: [17, 18, 19, 20, 21, 22, 23, 24, 25, 26, 27, 28, 29]
31: [17, 18, 19, 20, 21, 22, 23, 24, 25, 26, 27, 28, 29, 30]
32: [17, 18, 19, 20, 21, 22, 23, 24, 25, 26, 27, 28, 29, 30, 31]
33: [1, 2, 3, 17, 18, 19, 20, 21, 22, 23, 24, 25, 26, 27, 28, 29, 30, 31, 32]
34: [1, 2, 3, 17, 18, 19, 20, 21, 22, 23, 24, 25, 26, 27, 28, 29, 30, 31, 32, 33]
36: [1, 2, 17, 18, 19, 20, 21, 22, 23, 24, 25, 26, 27, 28, 29, 30, 31, 32]
37: [1, 2, 3, 17, 18, 19, 20, 21, 22, 23, 24, 25, 26, 27, 28, 29, 30, 31, 32]
38: [1, 2, 3, 17, 18, 19, 20, 21, 22, 23, 24, 25, 26, 27, 28, 29, 30, 31, 32]
39: [1, 2, 3, 4, 5, 6, 7, 8, 9, 10, 11, 12, 13, 14, 15, 16, 17]
40: [1, 2, 3, 11, 12, 13, 14, 15, 16, 17, 18, 19, 20, 21, 22, 23, 24, 25, 26, 27, 28, 29, 30, 31, 32, 37, 38]
41: [1, 2, 3, 11, 12, 13, 14, 15, 16, 17, 18, 19, 20, 21, 22, 23, 24, 25, 26, 27, 28, 29, 30, 31, 32, 38, 40]
42: [1, 2, 3, 17, 18, 19, 20, 21, 22, 23, 24, 25, 26, 27, 28, 29, 30, 31, 32, 40, 41]
43: [1, 2, 3, 11, 12, 13, 14, 15, 16, 17, 18, 19, 20, 21, 22, 23, 24, 25, 26, 27, 28, 29, 30, 31, 32, 40, 41, 42]
44: [1, 2, 3, 17, 18, 19, 20, 21, 22, 23, 24, 25, 26, 27, 28, 29, 30, 31, 32, 40, 41, 42, 43]
45: [1, 2, 3, 17, 18, 19, 20, 21, 22, 23, 24, 25, 26, 27, 28, 29, 30, 31, 32, 40, 41, 42, 43]
46: [1, 2, 3, 17, 18, 19, 20, 21, 22, 23, 24, 25, 26, 27, 28, 29, 30, 31, 32, 40, 41, 43]
47: [1, 2, 17, 18, 19, 20, 21, 22, 23, 24, 25, 26, 27, 28, 29, 30, 31, 32, 36]
48: [1, 2, 17, 18, 19, 20, 21, 22, 23, 24, 25, 26, 27, 28, 29, 30, 31, 32, 38, 40]
49: [1, 2, 17, 18, 19, 20, 21, 22, 23, 24, 25, 26, 27, 28, 29, 30, 31, 32, 38, 40]
50: [1, 2, 3, 17, 18, 19, 20, 21, 22, 23, 24, 25, 26, 27, 28, 29, 30, 31, 32, 40, 41]
51: [1, 2, 3, 17, 18, 19, 20, 21, 22, 23, 24, 25, 26, 27, 28, 29, 30, 31, 32, 40]
52: [1, 2, 3, 17, 18, 19, 20, 21, 22, 23, 24, 25, 26, 27, 28, 29, 30, 31, 32, 33, 34]
53: [1, 2, 3, 17, 18, 19, 20, 21, 22, 23, 24, 25, 26, 27, 28, 29, 30, 31, 32, 33, 34, 52]
54: [1, 2, 3, 11, 12, 13, 14, 15, 16, 17, 18, 19, 20, 21, 22, 23, 24, 25, 26, 27, 28, 29, 30, 31, 32, 33, 34, 37, 38, 40, 41, 42, 43, 44, 45, 46, 50, 51, 52, 53]
55: [1, 2, 3, 11, 12, 13, 14, 15, 16, 17, 18, 19, 20, 21, 22, 23, 24, 25, 26, 27, 28, 29, 30, 31, 32, 33, 34, 37, 40, 41, 43, 46, 51, 52, 53, 54]
56: [1, 2, 3, 11, 12, 13, 14, 15, 16, 17, 18, 19, 20, 21, 22, 23, 24, 25, 26, 27, 28, 29, 30, 31, 32, 33, 34, 37, 40, 41, 43, 46, 51, 52, 53, 54, 55]
57: [1, 2, 3, 17, 18, 19, 20, 21, 22, 23, 24, 25, 26, 27, 28, 29, 30, 31, 32, 40, 54, 55, 56]
58: [1, 2, 3, 17, 18, 19, 20, 21, 22, 23, 24, 25, 26, 27, 28, 29, 30, 31, 32, 40, 54, 55, 56, 57]
59: [1, 2, 3, 17, 18, 19, 20, 21, 22, 23, 24, 25, 26, 27, 28, 29, 30, 31, 32, 40, 54, 55, 56, 57, 58]
60: [1, 2, 3, 17, 18, 19, 20, 21, 22, 23, 24, 25, 26, 27, 28, 29, 30, 31, 32, 40, 51, 54, 55, 56]
61: [1, 2, 3, 17, 18, 19, 20, 21, 22, 23, 24, 25, 26, 27, 28, 29, 30, 31, 32, 40, 51, 54, 55, 56, 60]
62: [1, 2, 3, 17, 18, 19, 20, 21, 22, 23, 24, 25, 26, 27, 28, 29, 30, 31, 32, 40, 41, 54, 55, 56]
63: [1, 2, 3, 17, 18, 19, 20, 21, 22, 23, 24, 25, 26, 27, 28, 29, 30, 31, 32, 40, 41, 43, 46, 54, 55, 56]
64: [1, 2, 3, 17, 18, 19, 20, 21, 22, 23, 24, 25, 26, 27, 28, 29, 30, 31, 32, 40, 41, 43, 46, 54, 55, 56, 63]
65: [1, 2, 3, 11, 12, 13, 14, 15, 16, 17, 18, 19, 20, 21, 22, 23, 24, 25, 26, 27, 28, 29, 30, 31, 32, 40, 41, 42, 43, 44, 45, 46, 54, 55, 56, 63, 64]
66: [1, 2, 3, 17, 18, 19, 20, 21, 22, 23, 24, 25, 26, 27, 28, 29, 30, 31, 32, 40, 41, 42, 43, 54, 65]
67: [1, 2, 3, 17, 18, 19, 20, 21, 22, 23, 24, 25, 26, 27, 28, 29, 30, 31, 32, 40, 41, 42, 43, 44, 54, 65]
68: [1, 2, 3, 17, 18, 19, 20, 21, 22, 23, 24, 25, 26, 27, 28, 29, 30, 31, 32, 40, 41, 54]
69: [1, 2, 3, 17, 18, 19, 20, 21, 22, 23, 24, 25, 26, 27, 28, 29, 30, 31, 32, 40, 41, 54, 68]
70: [1, 2, 3, 17, 18, 19, 20, 21, 22, 23, 24, 25, 26, 27, 28, 29, 30, 31, 32, 40, 41, 54, 68, 69]
71: [1, 2, 3, 17, 18, 19, 20, 21, 22, 23, 24, 25, 26, 27, 28, 29, 30, 31, 32, 40, 41, 50, 54]
72: [1, 2, 3, 17, 18, 19, 20, 21, 22, 23, 24, 25, 26, 27, 28, 29, 30, 31, 32, 40, 41, 50, 54, 71]
73: [1, 2, 3, 5, 6, 7, 8, 9, 10, 11, 12, 13, 14, 15, 16, 17, 18, 19, 20, 21, 22, 23, 24, 25, 26, 27, 28, 29, 30, 31, 32, 33, 34, 36, 37, 38, 40, 41, 42, 43, 44, 45, 46, 47, 48, 49, 50, 51, 52, 53, 54, 55, 56, 57, 58, 59, 60, 61, 62, 63, 64, 65, 66, 67, 68, 69, 70, 71, 72]
74: [1, 2, 3, 6, 7, 8, 9, 10, 11, 12, 13, 14, 15, 16, 17, 18, 19, 20, 21, 22, 23, 24, 25, 26, 27, 28, 29, 30, 31, 32, 33, 34, 36, 37, 38, 40, 41, 42, 43, 44, 45, 46, 47, 48, 49, 50, 51, 52, 53, 54, 55, 56, 57, 58, 59, 60, 61, 62, 63, 64, 65, 66, 67, 68, 69, 70, 71, 72, 73]
75: [1, 2, 3, 7, 8, 9, 10, 11, 12, 13, 14, 15, 16, 17, 18, 19, 20, 21, 22, 23, 24, 25, 26, 27, 28, 29, 30, 31, 32, 33, 34, 36, 37, 38, 40, 41, 42, 43, 44, 45, 46, 47, 48, 49, 50, 51, 52, 53, 54, 55, 56, 57, 58, 59, 60, 61, 62, 63, 64, 65, 66, 67, 68, 69, 70, 71, 72, 73, 74]
76: [1, 2, 3, 8, 9, 10, 11, 12, 13, 14, 15, 16, 17, 18, 19, 20, 21, 22, 23, 24, 25, 26, 27, 28, 29, 30, 31, 32, 33, 34, 36, 37, 38, 40, 41, 42, 43, 44, 45, 46, 47, 48, 49, 50, 51, 52, 53, 54, 55, 56, 57, 58, 59, 60, 61, 62, 63, 64, 65, 66, 67, 68, 69, 70, 71, 72, 73, 74, 75]
77: [1, 2, 3, 9, 10, 11, 12, 13, 14, 15, 16, 17, 18, 19, 20, 21, 22, 23, 24, 25, 26, 27, 28, 29, 30, 31, 32, 33, 34, 36, 37, 38, 40, 41, 42, 43, 44, 45, 46, 47, 48, 49, 50, 51, 52, 53, 54, 55, 56, 57, 58, 59, 60, 61, 62, 63, 64, 65, 66, 67, 68, 69, 70, 71, 72, 73, 74, 75, 76]
78: [1, 2, 3, 10, 11, 12, 13, 14, 15, 16, 17, 18, 19, 20, 21, 22, 23, 24, 25, 26, 27, 28, 29, 30, 31, 32, 33, 34, 36, 37, 38, 40, 41, 42, 43, 44, 45, 46, 47, 48, 49, 50, 51, 52, 53, 54, 55, 56, 57, 58, 59, 60, 61, 62, 63, 64, 65, 66, 67, 68, 69, 70, 71, 72, 73, 74, 75, 76, 77]
79: [1, 2, 3, 11, 12, 13, 14, 15, 16, 17, 18, 19, 20, 21, 22, 23, 24, 25, 26, 27, 28, 29, 30, 31, 32, 33, 34, 36, 37, 38, 40, 41, 42, 43, 44, 45, 46, 47, 48, 49, 50, 51, 52, 53, 54, 55, 56, 57, 58, 59, 60, 61, 62, 63, 64, 65, 66, 67, 68, 69, 70, 71, 72, 73, 74, 75, 76, 77, 78]
80: [1, 2, 3, 11, 12, 13, 14, 15, 16, 17, 18, 19, 20, 21, 22, 23, 24, 25, 26, 27, 28, 29, 30, 31, 32, 33, 34, 36, 37, 38, 40, 41, 42, 43, 44, 45, 46, 47, 48, 49, 50, 51, 52, 53, 54, 55, 56, 57, 58, 59, 60, 61, 62, 63, 64, 65, 66, 67, 68, 69, 70, 71, 72, 73, 74, 75, 76, 77, 78, 79]
81: [1, 2, 3, 4, 5, 6, 7, 8, 9, 10, 11, 12, 13, 14, 15, 16, 17, 19, 20, 21, 22, 23, 24, 25, 26, 27, 28, 29, 30, 31, 32, 39]
82: [1, 2, 3, 4, 5, 6, 7, 8, 9, 10, 11, 12, 13, 14, 15, 16, 17, 20, 21, 22, 23, 24, 25, 26, 27, 28, 29, 30, 31, 32, 39, 81]
83: [1, 2, 3, 4, 5, 6, 7, 8, 9, 10, 11, 12, 13, 14, 15, 16, 17, 21, 22, 23, 24, 25, 26, 27, 28, 29, 30, 31, 32, 39, 81, 82]
84: [1, 2, 3, 4, 5, 6, 7, 8, 9, 10, 11, 12, 13, 14, 15, 16, 17, 22, 23, 24, 25, 26, 27, 28, 29, 30, 31, 32, 39, 81, 82, 83]
85: [1, 2, 3, 4, 5, 6, 7, 8, 9, 10, 11, 12, 13, 14, 15, 16, 17, 23, 24, 25, 26, 27, 28, 29, 30, 31, 32, 39, 81, 82, 83, 84]
86: [1, 2, 3, 4, 5, 6, 7, 8, 9, 10, 11, 12, 13, 14, 15, 16, 17, 24, 25, 26, 27, 28, 29, 30, 31, 32, 39, 81, 82, 83, 84, 85]
87: [1, 2, 3, 4, 5, 6, 7, 8, 9, 10, 11, 12, 13, 14, 15, 16, 17, 25, 26, 27, 28, 29, 30, 31, 32, 39, 81, 82, 83, 84, 85, 86]
88: [1, 2, 3, 4, 5, 6, 7, 8, 9, 10, 11, 12, 13, 14, 15, 16, 17, 26, 27, 28, 29, 30, 31, 32, 39, 81, 82, 83, 84, 85, 86, 87]
89: [1, 2, 3, 4, 5, 6, 7, 8, 9, 10, 11, 12, 13, 14, 15, 16, 17, 27, 28, 29, 30, 31, 32, 39, 81, 82, 83, 84, 85, 86, 87, 88]
90: [1, 2, 3, 11, 12, 13, 14, 15, 16, 17, 18, 19, 20, 21, 22, 23, 24, 25, 26, 27, 28, 29, 30, 31, 32, 33, 34, 37, 38, 40, 41, 42, 43, 44, 45, 46, 49, 50, 51, 52, 53, 54, 55, 56, 57, 58, 59, 60, 61, 62, 63, 64, 65, 66, 67, 68, 69, 70, 71, 72, 73, 74, 75, 76, 77, 78, 79, 80]
91: [1, 2, 3, 4, 5, 6, 7, 8, 9, 10, 11, 12, 13, 14, 15, 16, 17, 27, 28, 29, 30, 31, 32, 39, 81, 82, 83, 84, 85, 86, 87, 88, 89]
95: [1, 2, 3, 11, 12, 13, 14, 15, 16, 17, 18, 19, 20, 21, 22, 23, 24, 25, 26, 27, 28, 29, 30, 31, 32, 33, 34, 37, 38, 40, 41, 42, 43, 44, 45, 46, 50, 51, 52, 53, 54, 55, 56, 57, 58, 59, 60, 61, 62, 63, 64, 65, 66, 67, 68, 69, 70, 71, 72, 73, 74, 75, 76, 77, 78, 79, 80, 90]
96: [1, 2, 3, 17, 18, 19, 20, 21, 22, 23, 24, 25, 26, 27, 28, 29, 30, 31, 32, 73, 74, 75, 76, 77, 78, 79, 80, 90, 95]
98: [1, 2, 3, 17, 18, 19, 20, 21, 22, 23, 24, 25, 26, 27, 28, 29, 30, 31, 32, 52, 53, 54, 55, 56, 73, 74, 75, 76, 77, 78, 79, 80, 90, 95, 96]
99: [1, 2, 3, 17, 18, 19, 20, 21, 22, 23, 24, 25, 26, 27, 28, 29, 30, 31, 32, 73, 74, 75, 76, 77, 78, 79, 80, 90, 95, 98]
100: [1, 2, 3, 17, 18, 19, 20, 21, 22, 23, 24, 25, 26, 27, 28, 29, 30, 31, 32, 73, 74, 75, 76, 77, 78, 79, 80, 90, 95, 98]
102: [1, 2, 3, 11, 12, 13, 14, 15, 16, 17, 18, 19, 20, 21, 22, 23, 24, 25, 26, 27, 28, 29, 30, 31, 32, 33, 34, 36, 37, 38, 40, 41, 42, 43, 44, 45, 46, 47, 48, 49, 50, 51, 52, 53, 54, 55, 56, 57, 58, 59, 60, 61, 62, 63, 64, 65, 66, 67, 68, 69, 70, 71, 72, 73, 74, 75, 76, 77, 78, 79, 80, 90, 95, 98, 100]
103: [1, 2, 3, 17, 18, 19, 20, 21, 22, 23, 24, 25, 26, 27, 28, 29, 30, 31, 32, 73, 74, 75, 76, 77, 78, 79, 80, 90, 95, 98, 102]
105: [1, 2, 3, 11, 12, 13, 14, 15, 16, 17, 18, 19, 20, 21, 22, 23, 24, 25, 26, 27, 28, 29, 30, 31, 32, 33, 34, 37, 40, 41, 43, 46, 51, 52, 53, 54, 55, 56, 57, 58, 59, 60, 61, 62, 63, 64, 65, 73, 74, 75, 76, 77, 78, 79, 80, 90, 95, 98, 102, 103]
106: [1, 2, 3, 17, 18, 19, 20, 21, 22, 23, 24, 25, 26, 27, 28, 29, 30, 31, 32, 73, 74, 75, 76, 77, 78, 79, 80, 90, 95, 98, 102, 105]
108: [1, 2, 3, 11, 12, 13, 14, 15, 16, 17, 18, 19, 20, 21, 22, 23, 24, 25, 26, 27, 28, 29, 30, 31, 32, 33, 34, 37, 38, 40, 41, 42, 43, 44, 45, 46, 48, 49, 50, 51, 52, 53, 54, 55, 56, 57, 58, 59, 60, 61, 62, 63, 64, 65, 66, 67, 68, 69, 70, 71, 72, 73, 74, 75, 76, 77, 78, 79, 80, 90, 95, 98, 102, 105]
109: [1, 2, 3, 11, 12, 13, 14, 15, 16, 17, 18, 19, 20, 21, 22, 23, 24, 25, 26, 27, 28, 29, 30, 31, 32, 33, 34, 37, 38, 40, 41, 42, 43, 44, 45, 46, 50, 51, 52, 53, 54, 55, 56, 57, 58, 59, 60, 61, 62, 63, 64, 65, 66, 67, 68, 69, 70, 71, 72, 73, 74, 75, 76, 77, 78, 79, 80, 90, 95, 98, 102, 105, 108]
112: [1, 2, 3, 4, 5, 6, 7, 8, 9, 10, 11, 12, 13, 14, 15, 16, 17, 27, 28, 29, 30, 31, 32, 39, 81, 82, 83, 84, 85, 86, 87, 88, 89, 91]
113: [1, 2, 3, 4, 5, 6, 7, 8, 9, 10, 11, 12, 13, 14, 15, 16, 17, 39, 81, 82, 83, 84, 85, 86, 87, 88, 89, 91, 112]
115: [1, 2, 3, 4, 5, 6, 7, 8, 9, 10, 11, 12, 13, 14, 15, 16, 17, 39, 81, 82, 83, 84, 85, 86, 87, 88, 89, 91, 112, 113]
116: [1, 2, 3, 4, 5, 6, 7, 8, 9, 10, 11, 12, 13, 14, 15, 16, 17, 39, 81, 82, 83, 84, 85, 86, 87, 88, 89, 91, 112, 113, 115]
117: [1, 2, 3, 4, 5, 6, 7, 8, 9, 10, 11, 12, 13, 14, 15, 16, 17, 39, 81, 82, 83, 84, 85, 86, 87, 88, 89, 91, 112, 113]
119: [1, 2, 3, 17, 18, 19, 20, 21, 22, 23, 24, 25, 26, 27, 28, 29, 30, 31, 32, 54, 55, 56, 73, 74, 75, 76, 77, 78, 79, 80, 90, 95, 98, 102, 105, 108, 109]
121: [1, 2, 3, 17, 18, 19, 20, 21, 22, 23, 24, 25, 26, 27, 28, 29, 30, 31, 32, 73, 74, 75, 76, 77, 78, 79, 80, 90, 95, 98, 102, 105, 108, 109, 119]
130: [1, 2, 3, 17, 18, 19, 20, 21, 22, 23, 24, 25, 26, 27, 28, 29, 30, 31, 32, 33, 34, 52, 53, 54, 55, 56, 73, 74, 75, 76, 77, 78, 79, 80, 90, 95, 98, 102, 105, 108, 109]
132: [1, 2, 3, 17, 18, 19, 20, 21, 22, 23, 24, 25, 26, 27, 28, 29, 30, 31, 32, 33, 34, 52, 53, 54, 55, 56, 73, 74, 75, 76, 77, 78, 79, 80, 90, 95, 98, 102, 105, 108, 109, 130]
133: [1, 2, 3, 17, 18, 19, 20, 21, 22, 23, 24, 25, 26, 27, 28, 29, 30, 31, 32, 33, 34, 52, 53, 54, 55, 56, 73, 74, 75, 76, 77, 78, 79, 80, 90, 95, 98, 102, 105, 108, 109, 130, 132]
134: [1, 2, 3, 17, 18, 19, 20, 21, 22, 23, 24, 25, 26, 27, 28, 29, 30, 31, 32, 33, 34, 52, 53, 54, 55, 56, 73, 74, 75, 76, 77, 78, 79, 80, 90, 95, 98, 102, 105, 108, 109, 130, 132, 133]
137: [1, 2, 3, 17, 18, 19, 20, 21, 22, 23, 24, 25, 26, 27, 28, 29, 30, 31, 32, 33, 34, 52, 53, 54, 55, 56, 73, 74, 75, 76, 77, 78, 79, 80, 90, 95, 102, 105, 108, 109, 130, 132, 133, 134]
139: [1, 2, 3, 4, 5, 6, 7, 8, 9, 10, 11, 12, 13, 14, 15, 16, 17, 81, 82, 83, 84, 85, 86, 87, 88, 89, 91, 112, 113, 117]
141: [1, 2, 3, 4, 5, 6, 7, 8, 9, 10, 11, 12, 13, 14, 15, 16, 17, 81, 82, 83, 84, 85, 86, 87, 88, 89, 91, 112, 113, 117, 139]
142: [1, 2, 3, 4, 5, 6, 7, 8, 9, 10, 11, 12, 13, 14, 15, 16, 17, 81, 82, 83, 84, 85, 86, 87, 88, 89, 91, 112, 113, 117, 139, 141]
143: [1, 2, 3, 4, 5, 6, 7, 8, 9, 10, 11, 12, 13, 14, 15, 16, 17, 81, 82, 83, 84, 85, 86, 87, 88, 89, 91, 112, 113, 117, 139]
145: [1, 2, 3, 17, 18, 19, 20, 21, 22, 23, 24, 25, 26, 27, 28, 29, 30, 31, 32, 33, 52, 53, 54, 55, 56, 73, 74, 75, 76, 77, 78, 79, 80, 90, 95, 102, 105, 108, 109, 130, 132, 133, 134, 137]
152: [1, 2, 3, 17, 18, 19, 20, 21, 22, 23, 24, 25, 26, 27, 28, 29, 30, 31, 32, 33, 52, 53, 54, 55, 56, 73, 74, 75, 76, 77, 78, 79, 80, 90, 95, 102, 105, 108, 109, 130, 132, 133, 134]
159: [1, 2, 3, 4, 5, 6, 7, 8, 9, 10, 11, 12, 13, 14, 15, 16, 17, 81, 82, 83, 84, 85, 86, 87, 88, 89, 91, 112, 113, 117, 139, 143]
162: [1, 2, 3, 4, 5, 6, 7, 8, 9, 10, 11, 12, 13, 14, 15, 16, 17, 81, 82, 83, 84, 85, 86, 87, 88, 89, 91, 112, 113, 117, 139, 143, 159]
163: [1, 2, 3, 4, 5, 6, 7, 8, 9, 10, 11, 12, 13, 14, 15, 16, 17, 81, 82, 83, 84, 85, 86, 87, 88, 89, 91, 112, 113, 117, 139, 143, 159]
165: [1, 2, 3, 4, 5, 6, 7, 8, 9, 10, 11, 12, 13, 14, 15, 16, 17, 81, 82, 83, 84, 85, 86, 87, 88, 89, 91, 112, 113, 117, 139, 143, 159]
166: [1, 2, 3, 4, 5, 6, 7, 8, 9, 10, 11, 12, 13, 14, 15, 16, 17, 81, 82, 83, 84, 85, 86, 87, 88, 89, 91, 112, 113, 117, 139, 143, 159]
168: [1, 2, 3, 4, 5, 6, 7, 8, 9, 10, 11, 12, 13, 14, 15, 16, 17, 81, 82, 83, 84, 85, 86, 87, 88, 89, 91, 112, 113, 117, 139, 143, 159, 166]
170: [1, 2, 3, 4, 5, 6, 7, 8, 9, 10, 11, 12, 13, 14, 15, 16, 17, 81, 82, 83, 84, 85, 86, 87, 88, 89, 91, 112, 113, 117, 139, 143, 159, 166, 168]
173: [1, 2, 3, 17, 18, 19, 20, 21, 22, 23, 24, 25, 26, 27, 28, 29, 30, 31, 32, 33, 34, 52, 53, 54, 55, 56, 73, 74, 75, 76, 77, 78, 79, 80, 90, 95, 102, 105, 108, 109, 130, 132, 133, 134, 137]
174: [1, 2, 3, 4, 5, 6, 7, 8, 9, 10, 11, 12, 13, 14, 15, 16, 17, 81, 82, 83, 84, 85, 86, 87, 88, 89, 91, 112, 113, 117, 139, 143, 159, 168]
175: [1, 2, 3, 4, 5, 6, 7, 8, 9, 10, 11, 12, 13, 14, 15, 16, 17, 81, 82, 83, 84, 85, 86, 87, 88, 89, 91, 112, 113, 117, 139, 143, 159]
180: [1, 2, 3, 4, 5, 6, 7, 8, 9, 10, 11, 12, 13, 14, 15, 16, 17, 39, 81, 82, 83, 84, 85, 86, 87, 88, 89, 91, 112]
182: [1, 2, 3, 4, 5, 6, 7, 8, 9, 10, 11, 12, 13, 14, 15, 16, 17, 39, 81, 82, 83, 84, 85, 86, 87, 88, 89, 91, 112]
183: [1, 2, 3, 4, 5, 6, 7, 8, 9, 10, 11, 12, 13, 14, 15, 16, 17, 39, 81, 82, 83, 84, 85, 86, 87, 88, 89, 91, 112, 182]
185: [1, 2, 3, 4, 5, 6, 7, 8, 9, 10, 11, 12, 13, 14, 15, 16, 17, 39, 81, 82, 83, 84, 85, 86, 87, 88, 89, 91, 112, 182]
186: [1, 2, 3, 4, 5, 6, 7, 8, 9, 10, 11, 12, 13, 14, 15, 16, 17, 39, 81, 82, 83, 84, 85, 86, 87, 88, 89, 91, 112]
187: [1, 2, 3, 4, 5, 6, 7, 8, 9, 10, 11, 12, 13, 14, 15, 16, 17, 39, 81, 82, 83, 84, 85, 86, 87, 88, 89, 91, 112]
188: [1, 2, 3, 17, 18, 19, 20, 21, 22, 23, 24, 25, 26, 27, 28, 29, 30, 31, 32, 54, 55, 56, 73, 74, 75, 76, 77, 78, 79, 80, 90, 95, 102, 105, 108, 109]
190: [1, 2, 3, 4, 5, 6, 7, 8, 9, 10, 11, 12, 13, 14, 15, 16, 17, 39, 81, 82, 83, 84, 85, 86, 87, 88, 89, 91, 112, 187]
191: [1, 2, 3, 4, 5, 6, 7, 8, 9, 10, 11, 12, 13, 14, 15, 16, 17, 39, 81, 82, 83, 84, 85, 86, 87, 88, 89, 91, 112]
192: [1, 2, 3, 4, 5, 6, 7, 8, 9, 10, 11, 12, 13, 14, 15, 16, 17, 27, 28, 29, 30, 31, 32, 39, 81, 82, 83, 84, 85, 86, 87, 88, 89, 91, 112, 191]
193: [1, 2, 3, 4, 5, 6, 7, 8, 9, 10, 11, 12, 13, 14, 15, 16, 17, 27, 28, 29, 30, 31, 32, 39, 81, 82, 83, 84, 85, 86, 87, 88, 89, 91, 112, 192]
196: [1, 2, 3, 4, 5, 6, 7, 8, 9, 10, 11, 12, 13, 14, 15, 16, 17, 81, 82, 83, 84, 85, 86, 87, 88, 89, 91, 112, 192, 193]
197: [1, 2, 3, 4, 5, 6, 7, 8, 9, 10, 11, 12, 13, 14, 15, 16, 17, 81, 82, 83, 84, 85, 86, 87, 88, 89, 91, 112, 192, 193]
199: [1, 2, 3, 4, 5, 6, 7, 8, 9, 10, 11, 12, 13, 14, 15, 16, 17, 81, 82, 83, 84, 85, 86, 87, 88, 89, 91, 112, 192, 193, 197]
200: [1, 2, 3, 4, 5, 6, 7, 8, 9, 10, 11, 12, 13, 14, 15, 16, 17, 81, 82, 83, 84, 85, 86, 87, 88, 89, 91, 112, 192, 193]
201: [1, 2, 3, 4, 5, 6, 7, 8, 9, 10, 11, 12, 13, 14, 15, 16, 17, 81, 82, 83, 84, 85, 86, 87, 88, 89, 91, 112, 192, 193]
202: [1, 2, 3, 4, 5, 6, 7, 8, 9, 10, 11, 12, 13, 14, 15, 16, 17, 81, 82, 83, 84, 85, 86, 87, 88, 89, 91, 112, 192, 193, 201]
204: [1, 2, 3, 4, 5, 6, 7, 8, 9, 10, 11, 12, 13, 14, 15, 16, 17, 81, 82, 83, 84, 85, 86, 87, 88, 89, 91, 112, 192, 193]
205: [1, 2, 3, 17, 18, 19, 20, 21, 22, 23, 24, 25, 26, 27, 28, 29, 30, 31, 32, 54, 55, 56, 73, 74, 75, 76, 77, 78, 79, 80, 90, 95, 102, 105, 108, 109]
207: [1, 2, 3, 4, 5, 6, 7, 8, 9, 10, 11, 12, 13, 14, 15, 16, 17, 81, 82, 83, 84, 85, 86, 87, 88, 89, 91, 112, 192, 193, 204]
208: [1, 2, 3, 4, 5, 6, 7, 8, 9, 10, 11, 12, 13, 14, 15, 16, 17, 81, 82, 83, 84, 85, 86, 87, 88, 89, 91, 112, 192, 193]
209: [1, 2, 3, 11, 12, 13, 14, 15, 16, 17, 18, 19, 20, 21, 22, 23, 24, 25, 26, 27, 28, 29, 30, 31, 32, 37, 38, 40, 41, 42, 43, 44, 45, 46, 50, 51, 54, 55, 56, 57, 58, 59, 60, 61, 62, 63, 64, 65, 66, 67, 68, 69, 70, 71, 72, 73, 74, 75, 76, 77, 78, 79, 80, 90, 95, 102, 105, 108, 109]
210: [1, 2, 3, 4, 5, 6, 7, 8, 9, 10, 11, 12, 13, 14, 15, 16, 17, 81, 82, 83, 84, 85, 86, 87, 88, 89, 91, 112, 192, 193]
212: [1, 2, 3, 4, 5, 6, 7, 8, 9, 10, 11, 12, 13, 14, 15, 16, 17, 81, 82, 83, 84, 85, 86, 87, 88, 89, 91, 112, 192, 193, 210]
214: [1, 2, 3, 4, 5, 6, 7, 8, 9, 10, 11, 12, 13, 14, 15, 16, 17, 81, 82, 83, 84, 85, 86, 87, 88, 89, 91, 112, 192, 193]
215: [1, 2, 3, 4, 5, 6, 7, 8, 9, 10, 11, 12, 13, 14, 15, 16, 17, 81, 82, 83, 84, 85, 86, 87, 88, 89, 91, 112, 192, 193]
217: [1, 2, 3, 4, 5, 6, 7, 8, 9, 10, 11, 12, 13, 14, 15, 16, 17, 81, 82, 83, 84, 85, 86, 87, 88, 89, 91, 112, 192, 193, 215]
219: [1, 2, 3, 4, 5, 6, 7, 8, 9, 10, 11, 12, 13, 14, 15, 16, 17, 81, 82, 83, 84, 85, 86, 87, 88, 89, 91, 112, 192, 193]
220: [1, 2, 3, 4, 5, 6, 7, 8, 9, 10, 11, 12, 13, 14, 15, 16, 17, 81, 82, 83, 84, 85, 86, 87, 88, 89, 91, 112, 192, 193]
222: [1, 2, 3, 4, 5, 6, 7, 8, 9, 10, 11, 12, 13, 14, 15, 16, 17, 81, 82, 83, 84, 85, 86, 87, 88, 89, 91, 112, 192, 193, 220]
224: [1, 2, 3, 4, 5, 6, 7, 8, 9, 10, 11, 12, 13, 14, 15, 16, 17, 81, 82, 83, 84, 85, 86, 87, 88, 89, 91, 112, 192, 193]
225: [1, 2, 3, 4, 5, 6, 7, 8, 9, 10, 11, 12, 13, 14, 15, 16, 17, 81, 82, 83, 84, 85, 86, 87, 88, 89, 91, 112, 192, 193]
227: [1, 2, 3, 4, 5, 6, 7, 8, 9, 10, 11, 12, 13, 14, 15, 16, 17, 81, 82, 83, 84, 85, 86, 87, 88, 89, 91, 112, 192, 193, 225]
229: [1, 2, 3, 4, 5, 6, 7, 8, 9, 10, 11, 12, 13, 14, 15, 16, 17, 81, 82, 83, 84, 85, 86, 87, 88, 89, 91, 112, 192, 193]
230: [1, 2, 3, 17, 18, 19, 20, 21, 22, 23, 24, 25, 26, 27, 28, 29, 30, 31, 32, 54, 55, 56, 73, 74, 75, 76, 77, 78, 79, 80, 90, 95, 102, 105, 108, 109, 209]
232: [1, 2, 3, 4, 5, 6, 7, 8, 9, 10, 11, 12, 13, 14, 15, 16, 17, 81, 82, 83, 84, 85, 86, 87, 88, 89, 91, 112, 192, 193]
233: [1, 2, 3, 4, 5, 6, 7, 8, 9, 10, 11, 12, 13, 14, 15, 16, 17, 81, 82, 83, 84, 85, 86, 87, 88, 89, 91, 112, 192, 193]
234: [1, 2, 3, 4, 5, 6, 7, 8, 9, 10, 11, 12, 13, 14, 15, 16, 17, 81, 82, 83, 84, 85, 86, 87, 88, 89, 91, 112, 192, 193, 233]
236: [1, 2, 3, 4, 5, 6, 7, 8, 9, 10, 11, 12, 13, 14, 15, 16, 17, 81, 82, 83, 84, 85, 86, 87, 88, 89, 91, 112, 192, 193]
238: [1, 2, 3, 11, 12, 13, 14, 15, 16, 17, 18, 19, 20, 21, 22, 23, 24, 25, 26, 27, 28, 29, 30, 31, 32, 37, 38, 40, 41, 42, 43, 44, 45, 46, 50, 51, 54, 55, 56, 57, 58, 59, 60, 61, 62, 63, 64, 65, 66, 67, 68, 69, 70, 71, 72, 73, 74, 75, 76, 77, 78, 79, 80, 90, 95, 102, 105, 108, 109, 209]
239: [1, 2, 3, 4, 5, 6, 7, 8, 9, 10, 11, 12, 13, 14, 15, 16, 17, 81, 82, 83, 84, 85, 86, 87, 88, 89, 91, 112, 192, 193, 236]
240: [1, 2, 3, 4, 5, 6, 7, 8, 9, 10, 11, 12, 13, 14, 15, 16, 17, 81, 82, 83, 84, 85, 86, 87, 88, 89, 91, 112, 192, 193, 236]
241: [1, 2, 3, 4, 5, 6, 7, 8, 9, 10, 11, 12, 13, 14, 15, 16, 17, 81, 82, 83, 84, 85, 86, 87, 88, 89, 91, 112, 192, 193]
242: [1, 2, 3, 11, 12, 13, 14, 15, 16, 17, 18, 19, 20, 21, 22, 23, 24, 25, 26, 27, 28, 29, 30, 31, 32, 37, 40, 41, 51, 54, 55, 56, 57, 58, 59, 60, 61, 62, 73, 74, 75, 76, 77, 78, 79, 80, 90, 95, 102, 105, 108, 109, 209, 238]
245: [1, 2, 3, 17, 18, 19, 20, 21, 22, 23, 24, 25, 26, 27, 28, 29, 30, 31, 32, 37, 54, 55, 56, 73, 74, 75, 76, 77, 78, 79, 80, 90, 95, 102, 105, 108, 109, 209, 238, 242]
251: [1, 2, 3, 17, 18, 19, 20, 21, 22, 23, 24, 25, 26, 27, 28, 29, 30, 31, 32, 40, 54, 55, 56, 57, 58, 59, 73, 74, 75, 76, 77, 78, 79, 80, 90, 95, 102, 105, 108, 109, 209, 238, 242]
253: [1, 2, 3, 17, 18, 19, 20, 21, 22, 23, 24, 25, 26, 27, 28, 29, 30, 31, 32, 40, 54, 55, 56, 57, 58, 59, 73, 74, 75, 76, 77, 78, 79, 80, 90, 95, 102, 105, 108, 109, 209, 238, 242, 251]
254: [1, 2, 3, 17, 18, 19, 20, 21, 22, 23, 24, 25, 26, 27, 28, 29, 30, 31, 32, 40, 54, 55, 56, 57, 58, 59, 73, 74, 75, 76, 77, 78, 79, 80, 90, 95, 102, 105, 108, 109, 209, 238, 242, 251, 253]
255: [1, 2, 3, 17, 18, 19, 20, 21, 22, 23, 24, 25, 26, 27, 28, 29, 30, 31, 32, 40, 54, 55, 56, 57, 58, 59, 73, 74, 75, 76, 77, 78, 79, 80, 90, 95, 102, 105, 108, 109, 209, 238, 242, 251, 253, 254]
256: [1, 2, 3, 17, 18, 19, 20, 21, 22, 23, 24, 25, 26, 27, 28, 29, 30, 31, 32, 40, 54, 55, 56, 57, 58, 59, 73, 74, 75, 76, 77, 78, 79, 80, 90, 95, 102, 105, 108, 109, 209, 238, 242, 251, 253, 254, 255]
257: [1, 2, 3, 17, 18, 19, 20, 21, 22, 23, 24, 25, 26, 27, 28, 29, 30, 31, 32, 40, 54, 55, 56, 57, 58, 59, 73, 74, 75, 76, 77, 78, 79, 80, 90, 95, 102, 105, 108, 109, 209, 238, 242, 251, 253, 254, 255, 256]
258: [1, 2, 3, 17, 18, 19, 20, 21, 22, 23, 24, 25, 26, 27, 28, 29, 30, 31, 32, 40, 54, 55, 56, 57, 58, 59, 73, 74, 75, 76, 77, 78, 79, 80, 90, 95, 102, 105, 108, 109, 209, 238, 242, 251, 253, 254, 255, 256, 257]
261: [1, 2, 3, 17, 18, 19, 20, 21, 22, 23, 24, 25, 26, 27, 28, 29, 30, 31, 32, 40, 54, 55, 56, 57, 58, 73, 74, 75, 76, 77, 78, 79, 80, 90, 95, 102, 105, 108, 109, 209, 238, 242, 251, 253, 254, 255, 256, 257, 258]
262: [1, 2, 3, 17, 18, 19, 20, 21, 22, 23, 24, 25, 26, 27, 28, 29, 30, 31, 32, 40, 54, 55, 56, 57, 58, 73, 74, 75, 76, 77, 78, 79, 80, 90, 95, 102, 105, 108, 109, 209, 238, 242, 251, 253, 254, 255, 256, 257, 258, 261]
264: [1, 2, 3, 4, 5, 6, 7, 8, 9, 10, 11, 12, 13, 14, 15, 16, 17, 81, 82, 83, 84, 85, 86, 87, 88, 89, 91, 112, 192, 193]
266: [1, 2, 3, 4, 5, 6, 7, 8, 9, 10, 11, 12, 13, 14, 15, 16, 17, 81, 82, 83, 84, 85, 86, 87, 88, 89, 91, 112, 192, 193, 264]
267: [1, 2, 3, 4, 5, 6, 7, 8, 9, 10, 11, 12, 13, 14, 15, 16, 17, 81, 82, 83, 84, 85, 86, 87, 88, 89, 91, 112, 192, 193, 266]
268: [1, 2, 3, 4, 5, 6, 7, 8, 9, 10, 11, 12, 13, 14, 15, 16, 17, 81, 82, 83, 84, 85, 86, 87, 88, 89, 91, 112, 192, 193, 266, 267]
270: [1, 2, 3, 4, 5, 6, 7, 8, 9, 10, 11, 12, 13, 14, 15, 16, 17, 81, 82, 83, 84, 85, 86, 87, 88, 89, 91, 112, 192, 193, 266, 268]
271: [1, 2, 3, 4, 5, 6, 7, 8, 9, 10, 11, 12, 13, 14, 15, 16, 17, 81, 82, 83, 84, 85, 86, 87, 88, 89, 91, 112, 192, 193, 266, 268, 270]
272: [1, 2, 3, 4, 5, 6, 7, 8, 9, 10, 11, 12, 13, 14, 15, 16, 17, 81, 82, 83, 84, 85, 86, 87, 88, 89, 91, 112, 192, 193, 266, 268, 271]
274: [1, 2, 3, 4, 5, 6, 7, 8, 9, 10, 11, 12, 13, 14, 15, 16, 17, 81, 82, 83, 84, 85, 86, 87, 88, 89, 91, 112, 192, 193, 266, 268, 271, 272]
276: [1, 2, 3, 4, 5, 6, 7, 8, 9, 10, 11, 12, 13, 14, 15, 16, 17, 81, 82, 83, 84, 85, 86, 87, 88, 89, 91, 112, 192, 193, 266, 268, 271, 272]
277: [1, 2, 3, 4, 5, 6, 7, 8, 9, 10, 11, 12, 13, 14, 15, 16, 17, 81, 82, 83, 84, 85, 86, 87, 88, 89, 91, 112, 192, 193, 266, 271, 272]
278: [1, 2, 3, 4, 5, 6, 7, 8, 9, 10, 11, 12, 13, 14, 15, 16, 17, 81, 82, 83, 84, 85, 86, 87, 88, 89, 91, 112, 192, 193, 266, 271, 272]
280: [1, 2, 3, 4, 5, 6, 7, 8, 9, 10, 11, 12, 13, 14, 15, 16, 17, 81, 82, 83, 84, 85, 86, 87, 88, 89, 91, 112, 192, 193, 266, 271, 272, 278]
282: [1, 2, 3, 4, 5, 6, 7, 8, 9, 10, 11, 12, 13, 14, 15, 16, 17, 81, 82, 83, 84, 85, 86, 87, 88, 89, 91, 112, 192, 193, 271, 272, 278]
283: [1, 2, 3, 4, 5, 6, 7, 8, 9, 10, 11, 12, 13, 14, 15, 16, 17, 81, 82, 83, 84, 85, 86, 87, 88, 89, 91, 112, 192, 193, 271, 272, 278]
285: [1, 2, 3, 17, 18, 19, 20, 21, 22, 23, 24, 25, 26, 27, 28, 29, 30, 31, 32, 40, 54, 55, 56, 57, 58, 73, 74, 75, 76, 77, 78, 79, 80, 90, 95, 102, 105, 108, 109, 209, 238, 242, 251, 253, 254, 255, 256, 257, 258, 261, 262]
287: [1, 2, 3, 4, 5, 6, 7, 8, 9, 10, 11, 12, 13, 14, 15, 16, 17, 81, 82, 83, 84, 85, 86, 87, 88, 89, 91, 112, 192, 193, 271, 272, 278, 283]
288: [1, 2, 3, 4, 5, 6, 7, 8, 9, 10, 11, 12, 13, 14, 15, 16, 17, 81, 82, 83, 84, 85, 86, 87, 88, 89, 91, 112, 192, 193, 271, 272, 278]
290: [1, 2, 3, 4, 5, 6, 7, 8, 9, 10, 11, 12, 13, 14, 15, 16, 17, 81, 82, 83, 84, 85, 86, 87, 88, 89, 91, 112, 192, 193, 272, 278]
292: [1, 2, 3, 17, 18, 19, 20, 21, 22, 23, 24, 25, 26, 27, 28, 29, 30, 31, 32, 40, 54, 55, 56, 57, 58, 73, 74, 75, 76, 77, 78, 79, 80, 90, 95, 102, 105, 108, 109, 209, 238, 242, 251, 253, 254, 255, 256, 257, 258, 261, 262]
297: [1, 2, 3, 17, 18, 19, 20, 21, 22, 23, 24, 25, 26, 27, 28, 29, 30, 31, 32, 40, 54, 55, 56, 57, 58, 73, 74, 75, 76, 77, 78, 79, 80, 90, 95, 102, 105, 108, 109, 209, 238, 242, 251, 253, 254, 255, 256, 257, 258]
302: [1, 2, 3, 17, 18, 19, 20, 21, 22, 23, 24, 25, 26, 27, 28, 29, 30, 31, 32, 40, 54, 55, 56, 57, 58, 73, 74, 75, 76, 77, 78, 79, 80, 90, 95, 102, 105, 108, 109, 209, 238, 242, 251, 253, 254, 255, 256, 257, 258, 261, 262]
304: [1, 2, 3, 17, 18, 19, 20, 21, 22, 23, 24, 25, 26, 27, 28, 29, 30, 31, 32, 40, 54, 55, 56, 57, 58, 73, 74, 75, 76, 77, 78, 79, 80, 90, 95, 102, 105, 108, 109, 209, 238, 242, 251, 253, 254, 255, 256, 257, 258, 261, 262, 302]
305: [1, 2, 3, 17, 18, 19, 20, 21, 22, 23, 24, 25, 26, 27, 28, 29, 30, 31, 32, 40, 54, 55, 56, 57, 58, 73, 74, 75, 76, 77, 78, 79, 80, 90, 95, 102, 105, 108, 109, 209, 238, 242, 251, 253, 254, 255, 256, 257, 258, 261, 262]
306: [1, 2, 3, 17, 18, 19, 20, 21, 22, 23, 24, 25, 26, 27, 28, 29, 30, 31, 32, 40, 54, 55, 56, 57, 58, 73, 74, 75, 76, 77, 78, 79, 80, 90, 95, 102, 105, 108, 109, 209, 238, 242, 251, 253, 254, 255, 256, 257, 258, 261, 305]
307: [1, 2, 3, 17, 18, 19, 20, 21, 22, 23, 24, 25, 26, 27, 28, 29, 30, 31, 32, 40, 54, 55, 56, 57, 58, 73, 74, 75, 76, 77, 78, 79, 80, 90, 95, 102, 105, 108, 109, 209, 238, 242, 251, 253, 254, 255, 256, 257, 258, 261]
309: [1, 2, 3, 17, 18, 19, 20, 21, 22, 23, 24, 25, 26, 27, 28, 29, 30, 31, 32, 40, 54, 55, 56, 57, 58, 59, 73, 74, 75, 76, 77, 78, 79, 80, 90, 95, 102, 105, 108, 109, 209, 238, 242, 251, 253, 254, 255, 256, 257, 258, 261]
312: [1, 2, 3, 17, 18, 19, 20, 21, 22, 23, 24, 25, 26, 27, 28, 29, 30, 31, 32, 40, 54, 55, 56, 57, 58, 59, 73, 74, 75, 76, 77, 78, 79, 80, 90, 95, 102, 105, 108, 109, 209, 238, 242, 251, 253, 254, 255, 256, 257, 258, 261, 309]
313: [1, 2, 3, 17, 18, 19, 20, 21, 22, 23, 24, 25, 26, 27, 28, 29, 30, 31, 32, 40, 54, 55, 56, 57, 58, 59, 73, 74, 75, 76, 77, 78, 79, 80, 90, 95, 102, 105, 108, 109, 209, 238, 242, 251, 253, 254, 255, 256, 257, 258, 261, 309, 312]
314: [1, 2, 3, 17, 18, 19, 20, 21, 22, 23, 24, 25, 26, 27, 28, 29, 30, 31, 32, 40, 54, 55, 56, 57, 58, 59, 73, 74, 75, 76, 77, 78, 79, 80, 90, 95, 102, 105, 108, 109, 209, 238, 242, 251, 253, 254, 255, 256, 257, 258, 309, 312, 313]
318: [1, 2, 3, 17, 18, 19, 20, 21, 22, 23, 24, 25, 26, 27, 28, 29, 30, 31, 32, 40, 54, 55, 56, 57, 58, 59, 73, 74, 75, 76, 77, 78, 79, 80, 90, 95, 102, 105, 108, 109, 209, 238, 242, 251, 253, 254, 255, 256, 257, 258, 309, 312, 313, 314]
321: [1, 2, 3, 17, 18, 19, 20, 21, 22, 23, 24, 25, 26, 27, 28, 29, 30, 31, 32, 37, 40, 54, 55, 56, 73, 74, 75, 76, 77, 78, 79, 80, 90, 95, 102, 105, 108, 109, 209, 238, 242]
323: [1, 2, 3, 4, 5, 6, 7, 8, 9, 10, 11, 12, 13, 14, 15, 16, 17, 81, 82, 83, 84, 85, 86, 87, 88, 89, 91, 112, 192, 193]
325: [1, 2, 3, 17, 18, 19, 20, 21, 22, 23, 24, 25, 26, 27, 28, 29, 30, 31, 32, 40, 54, 55, 56, 73, 74, 75, 76, 77, 78, 79, 80, 90, 95, 102, 105, 108, 109, 209, 238, 242]
327: [1, 2, 3, 4, 5, 6, 7, 8, 9, 10, 11, 12, 13, 14, 15, 16, 17, 81, 82, 83, 84, 85, 86, 87, 88, 89, 91, 112, 192, 193, 323]
328: [1, 2, 3, 4, 5, 6, 7, 8, 9, 10, 11, 12, 13, 14, 15, 16, 17, 81, 82, 83, 84, 85, 86, 87, 88, 89, 91, 112, 192, 193]
329: [1, 2, 3, 4, 5, 6, 7, 8, 9, 10, 11, 12, 13, 14, 15, 16, 17, 81, 82, 83, 84, 85, 86, 87, 88, 89, 91, 112, 192, 193, 328]
331: [1, 2, 3, 4, 5, 6, 7, 8, 9, 10, 11, 12, 13, 14, 15, 16, 17, 81, 82, 83, 84, 85, 86, 87, 88, 89, 91, 112, 192, 193]
334: [1, 2, 3, 11, 12, 13, 14, 15, 16, 17, 18, 19, 20, 21, 22, 23, 24, 25, 26, 27, 28, 29, 30, 31, 32, 40, 41, 42, 43, 44, 45, 46, 54, 55, 56, 62, 63, 64, 65, 66, 67, 68, 69, 70, 73, 74, 75, 76, 77, 78, 79, 80, 90, 95, 102, 105, 108, 109, 209, 238, 242]
336: [1, 2, 3, 11, 12, 13, 14, 17, 18, 19, 20, 21, 22, 23, 24, 25, 26, 27, 28, 29, 30, 31, 32, 40, 54, 55, 56, 73, 74, 75, 76, 77, 78, 79, 80, 90, 95, 102, 105, 108, 109, 209, 238, 242, 334]
337: [1, 2, 3, 11, 12, 13, 14, 17, 18, 19, 20, 21, 22, 23, 24, 25, 26, 27, 28, 29, 30, 31, 32, 40, 54, 55, 56, 73, 74, 75, 76, 77, 78, 79, 80, 90, 95, 102, 105, 108, 109, 209, 238, 242, 334, 336]
338: [1, 2, 3, 11, 12, 17, 18, 19, 20, 21, 22, 23, 24, 25, 26, 27, 28, 29, 30, 31, 32, 40, 54, 55, 56, 73, 74, 75, 76, 77, 78, 79, 80, 90, 95, 102, 105, 108, 109, 209, 238, 242, 334, 336, 337]
339: [1, 2, 3, 11, 12, 13, 14, 17, 18, 19, 20, 21, 22, 23, 24, 25, 26, 27, 28, 29, 30, 31, 32, 40, 54, 55, 56, 73, 74, 75, 76, 77, 78, 79, 80, 90, 95, 102, 105, 108, 109, 209, 238, 242, 334, 336, 337, 338]
340: [1, 2, 3, 4, 5, 6, 7, 8, 9, 10, 11, 12, 13, 14, 15, 16, 17, 81, 82, 83, 84, 85, 86, 87, 88, 89, 91, 112, 192, 193]
342: [1, 2, 3, 4, 5, 6, 7, 8, 9, 10, 11, 12, 13, 14, 15, 16, 17, 81, 82, 83, 84, 85, 86, 87, 88, 89, 91, 112, 192, 193, 340]
344: [1, 2, 3, 4, 5, 6, 7, 8, 9, 10, 11, 12, 13, 14, 15, 16, 17, 81, 82, 83, 84, 85, 86, 87, 88, 89, 91, 112, 192, 193]
345: [1, 2, 3, 17, 18, 19, 20, 21, 22, 23, 24, 25, 26, 27, 28, 29, 30, 31, 32, 40, 41, 54, 55, 56, 73, 74, 75, 76, 77, 78, 79, 80, 90, 95, 102, 105, 108, 109, 209, 238, 242, 334]
347: [1, 2, 3, 17, 18, 19, 20, 21, 22, 23, 24, 25, 26, 27, 28, 29, 30, 31, 32, 40, 54, 55, 56, 73, 74, 75, 76, 77, 78, 79, 80, 90, 95, 102, 105, 108, 109, 209, 238, 242, 334, 345]
349: [1, 2, 3, 4, 5, 6, 7, 8, 9, 10, 11, 12, 13, 14, 15, 16, 17, 81, 82, 83, 84, 85, 86, 87, 88, 89, 112, 192, 193]
351: [1, 2, 3, 4, 5, 6, 7, 8, 9, 10, 11, 12, 13, 14, 15, 16, 17, 81, 82, 83, 84, 85, 86, 87, 88, 89, 112, 192, 193, 349]
353: [1, 2, 3, 17, 18, 19, 20, 21, 22, 23, 24, 25, 26, 27, 28, 29, 30, 31, 32, 40, 41, 54, 55, 56, 62, 73, 74, 75, 76, 77, 78, 79, 80, 90, 95, 102, 105, 108, 109, 209, 238, 242, 334]
356: [1, 2, 3, 17, 18, 19, 20, 21, 22, 23, 24, 25, 26, 27, 28, 29, 30, 31, 32, 40, 41, 54, 55, 56, 62, 73, 74, 75, 76, 77, 78, 79, 80, 90, 95, 102, 105, 108, 109, 209, 238, 242, 334, 353]
358: [1, 2, 3, 4, 5, 6, 7, 8, 9, 10, 11, 12, 13, 14, 15, 16, 17, 81, 82, 83, 84, 85, 86, 87, 88, 89, 112, 192, 193, 349, 351]
360: [1, 2, 3, 4, 5, 6, 7, 8, 9, 10, 11, 12, 13, 14, 15, 16, 17, 81, 82, 83, 84, 85, 86, 87, 88, 89, 112, 192, 193, 349, 351, 358]
362: [1, 2, 3, 4, 5, 6, 7, 8, 9, 10, 11, 12, 13, 14, 15, 16, 17, 81, 82, 83, 84, 85, 86, 87, 88, 89, 112, 192, 193, 349, 351, 358, 360]
364: [1, 2, 3, 4, 5, 6, 7, 8, 9, 10, 11, 12, 13, 14, 15, 16, 17, 81, 82, 83, 84, 85, 86, 87, 88, 89, 112, 192, 193, 349, 351, 358]
365: [1, 2, 3, 4, 5, 6, 7, 8, 9, 10, 11, 12, 13, 14, 15, 16, 17, 81, 82, 83, 84, 85, 86, 87, 88, 89, 112, 192, 193, 349, 351, 358]
366: [1, 2, 3, 4, 5, 6, 7, 8, 9, 10, 11, 12, 13, 14, 15, 16, 17, 81, 82, 83, 84, 85, 86, 87, 88, 89, 112, 192, 193, 349, 351, 358, 365]
368: [1, 2, 3, 4, 5, 6, 7, 8, 9, 10, 11, 12, 13, 14, 15, 16, 17, 81, 82, 83, 84, 85, 86, 87, 88, 89, 112, 192, 193, 349, 351, 358]
369: [1, 2, 3, 4, 5, 6, 7, 8, 9, 10, 11, 12, 13, 14, 15, 16, 17, 81, 82, 83, 84, 85, 86, 87, 88, 89, 112, 192, 193, 349, 351, 358, 368]
371: [1, 2, 3, 4, 5, 6, 7, 8, 9, 10, 11, 12, 13, 14, 15, 16, 17, 81, 82, 83, 84, 85, 86, 87, 88, 89, 112, 192, 193, 349, 351, 368]
372: [1, 2, 3, 4, 5, 6, 7, 8, 9, 10, 11, 12, 13, 14, 15, 16, 17, 81, 82, 83, 84, 85, 86, 87, 88, 89, 112, 192, 193, 349, 351, 368]
373: [1, 2, 3, 4, 5, 6, 7, 8, 9, 10, 11, 12, 13, 14, 15, 16, 17, 81, 82, 83, 84, 85, 86, 87, 88, 89, 112, 192, 193, 349, 351]
374: [1, 2, 3, 4, 5, 6, 7, 8, 9, 10, 11, 12, 13, 14, 15, 16, 17, 81, 82, 83, 84, 85, 86, 87, 88, 89, 112, 192, 193, 349, 351, 373]
376: [1, 2, 3, 4, 5, 6, 7, 8, 9, 10, 11, 12, 13, 14, 15, 16, 17, 81, 82, 83, 84, 85, 86, 87, 88, 89, 112, 192, 193, 349, 351, 373]
377: [1, 2, 3, 4, 5, 6, 7, 8, 9, 10, 11, 12, 13, 14, 15, 16, 17, 81, 82, 83, 84, 85, 86, 87, 88, 89, 112, 192, 193, 349, 351, 373]
378: [1, 2, 3, 4, 5, 6, 7, 8, 9, 10, 11, 12, 13, 14, 15, 16, 17, 81, 82, 83, 84, 85, 86, 87, 88, 89, 112, 192, 193, 349, 351]
379: [1, 2, 3, 4, 5, 6, 7, 8, 9, 10, 11, 12, 13, 14, 15, 16, 17, 81, 82, 83, 84, 85, 86, 87, 88, 89, 112, 192, 193, 349, 351]
382: [1, 2, 3, 17, 18, 19, 20, 21, 22, 23, 24, 25, 26, 27, 28, 29, 30, 31, 32, 40, 41, 54, 55, 56, 62, 73, 74, 75, 76, 77, 78, 79, 80, 90, 95, 102, 105, 108, 109, 209, 238, 242, 334, 353, 356]
384: [1, 2, 3, 11, 12, 13, 14, 15, 16, 17, 18, 19, 20, 21, 22, 23, 24, 25, 26, 27, 28, 29, 30, 31, 32, 40, 41, 42, 43, 44, 45, 46, 54, 55, 56, 63, 64, 65, 66, 67, 73, 74, 75, 76, 77, 78, 79, 80, 90, 95, 102, 105, 108, 109, 209, 238, 334]
385: [1, 2, 3, 17, 18, 19, 20, 21, 22, 23, 24, 25, 26, 27, 28, 29, 30, 31, 32, 40, 41, 54, 55, 56, 73, 74, 75, 76, 77, 78, 79, 80, 90, 95, 102, 105, 108, 109, 209, 238, 334, 384]
387: [1, 2, 3, 17, 18, 19, 20, 21, 22, 23, 24, 25, 26, 27, 28, 29, 30, 31, 32, 40, 41, 43, 54, 55, 56, 65, 73, 74, 75, 76, 77, 78, 79, 80, 90, 95, 102, 105, 108, 109, 209, 238, 334, 384]
389: [1, 2, 3, 17, 18, 19, 20, 21, 22, 23, 24, 25, 26, 27, 28, 29, 30, 31, 32, 40, 41, 54, 55, 56, 73, 74, 75, 76, 77, 78, 79, 80, 90, 95, 102, 105, 108, 109, 209, 238, 334, 384, 387]
393: [1, 2, 3, 17, 18, 19, 20, 21, 22, 23, 24, 25, 26, 27, 28, 29, 30, 31, 32, 40, 41, 43, 46, 54, 55, 56, 63, 64, 65, 73, 74, 75, 76, 77, 78, 79, 80, 90, 95, 102, 105, 108, 109, 209, 238, 334, 384, 387]
397: [1, 2, 3, 17, 18, 19, 20, 21, 22, 23, 24, 25, 26, 27, 28, 29, 30, 31, 32, 40, 41, 43, 46, 54, 55, 56, 63, 64, 65, 73, 74, 75, 76, 77, 78, 79, 80, 90, 95, 102, 105, 108, 109, 209, 238, 334, 384, 393]
400: [1, 2, 3, 17, 18, 19, 20, 21, 22, 23, 24, 25, 26, 27, 28, 29, 30, 31, 32, 40, 41, 43, 46, 54, 55, 56, 63, 64, 65, 73, 74, 75, 76, 77, 78, 79, 80, 90, 95, 102, 105, 108, 109, 209, 238, 334, 384, 393, 397]
401: [1, 2, 3, 17, 18, 19, 20, 21, 22, 23, 24, 25, 26, 27, 28, 29, 30, 31, 32, 40, 41, 43, 46, 54, 55, 56, 63, 64, 65, 73, 74, 75, 76, 77, 78, 79, 80, 90, 95, 102, 105, 108, 109, 209, 238, 334, 384, 393, 397, 400]
402: [1, 2, 3, 17, 18, 19, 20, 21, 22, 23, 24, 25, 26, 27, 28, 29, 30, 31, 32, 40, 41, 43, 46, 54, 55, 56, 63, 64, 65, 73, 74, 75, 76, 77, 78, 79, 80, 90, 95, 102, 105, 108, 109, 209, 238, 334, 384, 393, 397, 400, 401]
404: [1, 2, 3, 17, 18, 19, 20, 21, 22, 23, 24, 25, 26, 27, 28, 29, 30, 31, 32, 40, 41, 43, 46, 54, 55, 56, 63, 64, 65, 73, 74, 75, 76, 77, 78, 79, 80, 90, 95, 102, 105, 108, 109, 209, 238, 334, 384, 393, 397, 400, 401, 402]
405: [1, 2, 3, 17, 18, 19, 20, 21, 22, 23, 24, 25, 26, 27, 28, 29, 30, 31, 32, 40, 41, 43, 46, 54, 55, 56, 63, 64, 65, 73, 74, 75, 76, 77, 78, 79, 80, 90, 95, 102, 105, 108, 109, 209, 238, 334, 384, 393, 397, 400, 401, 402, 404]
407: [1, 2, 3, 17, 18, 19, 20, 21, 22, 23, 24, 25, 26, 27, 28, 29, 30, 31, 32, 40, 41, 43, 46, 54, 55, 56, 63, 65, 73, 74, 75, 76, 77, 78, 79, 80, 90, 95, 102, 105, 108, 109, 209, 238, 334, 384, 393, 397, 400, 401, 402, 404, 405]
409: [1, 2, 3, 17, 18, 19, 20, 21, 22, 23, 24, 25, 26, 27, 28, 29, 30, 31, 32, 40, 41, 43, 46, 54, 55, 56, 63, 65, 73, 74, 75, 76, 77, 78, 79, 80, 90, 95, 102, 105, 108, 109, 209, 238, 334, 384, 393, 397, 400, 401, 402, 404, 405, 407]
414: [1, 2, 3, 17, 18, 19, 20, 21, 22, 23, 24, 25, 26, 27, 28, 29, 30, 31, 32, 40, 41, 43, 46, 54, 55, 56, 63, 65, 73, 74, 75, 76, 77, 78, 79, 80, 90, 95, 102, 105, 108, 109, 209, 238, 334, 384, 393, 397, 400, 401, 402]
418: [1, 2, 3, 17, 18, 19, 20, 21, 22, 23, 24, 25, 26, 27, 28, 29, 30, 31, 32, 40, 41, 43, 46, 54, 55, 56, 63, 65, 73, 74, 75, 76, 77, 78, 79, 80, 90, 95, 102, 105, 108, 109, 209, 238, 334, 384, 393, 397, 400, 401, 402, 404, 405, 407]
420: [1, 2, 3, 17, 18, 19, 20, 21, 22, 23, 24, 25, 26, 27, 28, 29, 30, 31, 32, 40, 41, 43, 46, 54, 55, 56, 63, 65, 73, 74, 75, 76, 77, 78, 79, 80, 90, 95, 102, 105, 108, 109, 209, 238, 334, 384, 393, 397, 400, 401, 402, 404, 405, 407, 418]
421: [1, 2, 3, 17, 18, 19, 20, 21, 22, 23, 24, 25, 26, 27, 28, 29, 30, 31, 32, 40, 41, 43, 46, 54, 55, 56, 63, 65, 73, 74, 75, 76, 77, 78, 79, 80, 90, 95, 102, 105, 108, 109, 209, 238, 334, 384, 393, 397, 400, 401, 402, 404, 405, 407]
422: [1, 2, 3, 17, 18, 19, 20, 21, 22, 23, 24, 25, 26, 27, 28, 29, 30, 31, 32, 40, 41, 43, 46, 54, 55, 56, 63, 65, 73, 74, 75, 76, 77, 78, 79, 80, 90, 95, 102, 105, 108, 109, 209, 238, 334, 384, 393, 397, 400, 401, 402, 404, 405, 421]
423: [1, 2, 3, 17, 18, 19, 20, 21, 22, 23, 24, 25, 26, 27, 28, 29, 30, 31, 32, 40, 41, 43, 46, 54, 55, 56, 63, 65, 73, 74, 75, 76, 77, 78, 79, 80, 90, 95, 102, 105, 108, 109, 209, 238, 334, 384, 393, 397, 400, 401, 402, 404, 405]
425: [1, 2, 3, 17, 18, 19, 20, 21, 22, 23, 24, 25, 26, 27, 28, 29, 30, 31, 32, 40, 41, 43, 46, 54, 55, 56, 63, 64, 65, 73, 74, 75, 76, 77, 78, 79, 80, 90, 95, 102, 105, 108, 109, 209, 238, 334, 384, 393, 397, 400, 401, 402, 404, 405]
428: [1, 2, 3, 17, 18, 19, 20, 21, 22, 23, 24, 25, 26, 27, 28, 29, 30, 31, 32, 40, 41, 43, 46, 54, 55, 56, 63, 64, 65, 73, 74, 75, 76, 77, 78, 79, 80, 90, 95, 102, 105, 108, 109, 209, 238, 334, 384, 393, 397, 400, 401, 402, 404, 405, 425]
430: [1, 2, 3, 4, 5, 6, 7, 8, 9, 10, 11, 12, 13, 14, 15, 16, 17, 81, 82, 83, 84, 85, 86, 87, 88, 89, 112, 193]
431: [1, 2, 3, 17, 18, 19, 20, 21, 22, 23, 24, 25, 26, 27, 28, 29, 30, 31, 32, 40, 41, 43, 46, 54, 55, 56, 63, 64, 65, 73, 74, 75, 76, 77, 78, 79, 80, 90, 95, 102, 105, 108, 109, 209, 238, 334, 384, 393, 397, 400, 401, 402, 404, 405, 425, 428]
432: [1, 2, 3, 17, 18, 19, 20, 21, 22, 23, 24, 25, 26, 27, 28, 29, 30, 31, 32, 40, 41, 43, 46, 54, 55, 56, 63, 64, 65, 73, 74, 75, 76, 77, 78, 79, 80, 90, 95, 102, 105, 108, 109, 209, 238, 334, 384, 393, 397, 400, 401, 402, 404, 405, 425, 428]
435: [1, 2, 3, 17, 18, 19, 20, 21, 22, 23, 24, 25, 26, 27, 28, 29, 30, 31, 32, 40, 41, 43, 46, 54, 55, 56, 63, 64, 65, 73, 74, 75, 76, 77, 78, 79, 80, 90, 95, 102, 105, 108, 109, 209, 238, 334, 384, 393, 397, 400, 401, 402, 404, 405, 425, 428]
437: [1, 2, 3, 4, 5, 6, 7, 8, 9, 10, 11, 12, 13, 14, 15, 16, 17, 81, 82, 83, 84, 85, 86, 87, 88, 89, 112, 193]
441: [1, 2, 3, 4, 5, 6, 7, 8, 9, 10, 11, 12, 13, 14, 15, 16, 17, 81, 82, 83, 84, 85, 86, 87, 88, 89, 112, 193]
442: [1, 2, 3, 4, 5, 6, 7, 8, 9, 10, 11, 12, 13, 14, 15, 16, 17, 81, 82, 83, 84, 85, 86, 87, 88, 89, 112, 193, 441]
443: [1, 2, 3, 11, 12, 13, 14, 15, 16, 17, 18, 19, 20, 21, 22, 23, 24, 25, 26, 27, 28, 29, 30, 31, 32, 40, 41, 43, 54, 55, 56, 65, 73, 74, 75, 76, 77, 78, 79, 80, 90, 95, 102, 105, 108, 109, 209, 238, 334, 384]
444: [1, 2, 3, 17, 18, 19, 20, 21, 22, 23, 24, 25, 26, 27, 28, 29, 30, 31, 32, 40, 41, 43, 54, 55, 56, 65, 73, 74, 75, 76, 77, 78, 79, 80, 90, 95, 102, 105, 108, 109, 209, 238, 334, 384, 443]
445: [1, 2, 3, 4, 5, 6, 7, 8, 9, 10, 11, 12, 13, 14, 15, 16, 17, 81, 82, 83, 84, 85, 86, 87, 88, 89, 112, 193, 441, 442]
446: [1, 2, 3, 4, 5, 6, 7, 8, 9, 10, 11, 12, 13, 14, 15, 16, 17, 81, 82, 83, 84, 85, 86, 87, 88, 89, 112, 193, 441]
448: [1, 2, 3, 4, 5, 6, 7, 8, 9, 10, 11, 12, 13, 14, 15, 16, 17, 81, 82, 83, 84, 85, 86, 87, 88, 89, 112, 193]
451: [1, 2, 3, 4, 5, 6, 7, 8, 9, 10, 11, 12, 13, 14, 15, 16, 17, 81, 82, 83, 84, 85, 86, 87, 88, 89, 112, 193]
452: [1, 2, 3, 4, 5, 6, 7, 8, 9, 10, 11, 12, 13, 14, 15, 16, 17, 81, 82, 83, 84, 85, 86, 87, 88, 89, 112, 193]
453: [1, 2, 3, 4, 5, 6, 7, 8, 9, 10, 11, 12, 13, 14, 15, 16, 17, 81, 82, 83, 84, 85, 86, 87, 88, 89, 112, 193, 452]
454: [1, 2, 3, 4, 5, 6, 7, 8, 9, 10, 11, 12, 13, 14, 15, 16, 17, 81, 82, 83, 84, 85, 86, 87, 88, 89, 112, 193]
455: [1, 2, 3, 4, 5, 6, 7, 8, 9, 10, 11, 12, 13, 14, 15, 16, 17, 81, 82, 83, 84, 85, 86, 87, 88, 89, 112, 193]
458: [1, 2, 3, 4, 5, 6, 7, 8, 9, 10, 11, 12, 13, 14, 15, 16, 17, 81, 82, 83, 84, 85, 86, 87, 88, 89, 112, 193]
460: [1, 2, 3, 4, 5, 6, 7, 8, 9, 10, 11, 12, 13, 14, 15, 16, 17, 81, 82, 83, 84, 85, 86, 87, 88, 89, 112, 193]
461: [1, 2, 3, 12, 13, 17, 18, 19, 20, 21, 22, 23, 24, 25, 26, 27, 28, 29, 30, 31, 32, 40, 41, 43, 54, 55, 56, 65, 73, 74, 75, 76, 77, 78, 79, 80, 90, 95, 102, 105, 108, 109, 209, 238, 334, 384, 443]
463: [1, 2, 3, 4, 5, 6, 7, 8, 9, 10, 11, 12, 13, 14, 15, 16, 17, 81, 82, 83, 84, 85, 86, 87, 88, 89, 112, 193, 460]
465: [1, 2, 3, 4, 5, 6, 7, 8, 9, 10, 11, 12, 13, 14, 15, 16, 17, 81, 82, 83, 84, 85, 86, 87, 88, 89, 112, 193]
466: [1, 2, 3, 4, 5, 6, 7, 8, 9, 10, 11, 12, 13, 14, 15, 16, 17, 81, 82, 83, 84, 85, 86, 87, 88, 89, 112, 193, 465]
467: [1, 2, 3, 4, 5, 6, 7, 8, 9, 10, 11, 12, 13, 14, 15, 16, 17, 81, 82, 83, 84, 85, 86, 87, 88, 89, 112, 193]
472: [1, 2, 3, 4, 5, 6, 7, 8, 9, 10, 11, 12, 13, 14, 15, 16, 17, 81, 82, 83, 84, 85, 86, 87, 88, 89, 112, 193]
473: [1, 2, 3, 4, 5, 6, 7, 8, 9, 10, 11, 12, 13, 14, 15, 16, 17, 81, 82, 83, 84, 85, 86, 87, 88, 89, 112, 193]
474: [1, 2, 3, 4, 5, 6, 7, 8, 9, 10, 11, 12, 13, 14, 15, 16, 17, 81, 82, 83, 84, 85, 86, 87, 88, 89, 112, 193, 473]
476: [1, 2, 3, 4, 5, 6, 7, 8, 9, 10, 11, 12, 13, 14, 15, 16, 17, 81, 82, 83, 84, 85, 86, 87, 88, 89, 112, 193]
477: [1, 2, 3, 4, 5, 6, 7, 8, 9, 10, 11, 12, 13, 14, 15, 16, 17, 81, 82, 83, 84, 85, 86, 87, 88, 89, 112]
478: [1, 2, 3, 4, 5, 6, 7, 8, 9, 10, 11, 12, 13, 14, 15, 16, 17, 81, 82, 83, 84, 85, 86, 87, 88, 89, 112, 477]
479: [1, 2, 3, 4, 5, 6, 7, 8, 9, 10, 11, 12, 13, 14, 15, 16, 17, 81, 82, 83, 84, 85, 86, 87, 88, 89, 112]
480: [1, 2, 3, 17, 18, 19, 20, 21, 22, 23, 24, 25, 26, 27, 28, 29, 30, 31, 32, 40, 41, 43, 54, 55, 56, 65, 73, 74, 75, 76, 77, 78, 79, 80, 90, 95, 102, 108, 109, 209, 238, 334, 384]
481: [1, 2, 3, 4, 5, 6, 7, 8, 9, 10, 11, 12, 13, 14, 15, 16, 17, 81, 82, 83, 84, 85, 86, 87, 88, 89, 112, 479]
482: [1, 2, 3, 4, 5, 6, 7, 8, 9, 10, 11, 12, 13, 14, 15, 16, 17, 81, 82, 83, 84, 85, 86, 87, 88, 89, 112]
485: [1, 2, 3, 17, 18, 19, 20, 21, 22, 23, 24, 25, 26, 27, 28, 29, 30, 31, 32, 40, 41, 43, 54, 55, 56, 65, 73, 74, 75, 76, 77, 78, 79, 80, 90, 95, 102, 108, 109, 209, 238, 334, 384]
486: [1, 2, 3, 17, 18, 19, 20, 21, 22, 23, 24, 25, 26, 27, 28, 29, 30, 31, 32, 40, 41, 43, 54, 55, 56, 65, 73, 74, 75, 76, 77, 78, 79, 80, 90, 95, 102, 108, 109, 209, 238, 334, 384]
487: [1, 2, 3, 17, 18, 19, 20, 21, 22, 23, 24, 25, 26, 27, 28, 29, 30, 31, 32, 40, 41, 54, 73, 74, 75, 76, 77, 78, 79, 80, 90, 95, 102, 108, 109, 209, 238, 334]
491: [1, 2, 3, 17, 18, 19, 20, 21, 22, 23, 24, 25, 26, 27, 28, 29, 30, 31, 32, 38, 40, 41, 54, 73, 74, 75, 76, 77, 78, 79, 80, 90, 95, 102, 108, 109, 209, 238]
492: [1, 2, 17, 18, 19, 20, 21, 22, 23, 24, 25, 26, 27, 28, 29, 30, 31, 32, 38, 40, 73, 74, 75, 76, 77, 78, 79, 80, 90, 95, 102, 108]
494: [1, 2, 17, 18, 19, 20, 21, 22, 23, 24, 25, 26, 27, 28, 29, 30, 31, 32, 38, 40, 49, 73, 74, 75, 76, 77, 78, 79, 80, 90, 102, 108, 492]
496: [1, 2, 17, 18, 19, 20, 21, 22, 23, 24, 25, 26, 27, 28, 29, 30, 31, 32, 38, 40, 73, 74, 75, 76, 77, 78, 79, 80, 90, 102, 108, 492, 494]
498: [1, 2, 17, 18, 19, 20, 21, 22, 23, 24, 25, 26, 27, 28, 29, 30, 31, 32, 38, 40, 48, 73, 74, 75, 76, 77, 78, 79, 80, 90, 102, 108]
500: [1, 2, 17, 18, 19, 20, 21, 22, 23, 24, 25, 26, 27, 28, 29, 30, 31, 32, 38, 40, 73, 74, 75, 76, 77, 78, 79, 80, 102, 108]
501: [1, 2, 17, 18, 19, 20, 21, 22, 23, 24, 25, 26, 27, 28, 29, 30, 31, 32, 36, 40, 47, 73, 74, 75, 76, 77, 78, 79, 80, 102, 108, 500]
504: [1, 2, 17, 18, 19, 20, 21, 22, 23, 24, 25, 26, 27, 28, 29, 30, 31, 32, 40, 73, 74, 75, 76, 77, 78, 79, 80, 102, 108, 501]
506: [1, 2, 17, 18, 19, 20, 21, 22, 23, 24, 25, 26, 27, 28, 29, 30, 31, 32, 36, 47, 73, 74, 75, 76, 77, 78, 79, 80, 102, 108, 501]
507: [1, 2, 17, 18, 19, 20, 21, 22, 23, 24, 25, 26, 27, 28, 29, 30, 31, 32, 47, 73, 74, 75, 76, 77, 78, 79, 80, 102, 501, 506]
508: [1, 2, 17, 18, 19, 20, 21, 22, 23, 24, 25, 26, 27, 28, 29, 30, 31, 32, 36, 47, 73, 74, 75, 76, 77, 78, 79, 80, 102, 501, 506]
510: [1, 2, 17, 18, 19, 20, 21, 22, 23, 24, 25, 26, 27, 28, 29, 30, 31, 32, 47, 73, 74, 75, 76, 77, 78, 79, 80, 102, 501, 506, 508]
513: [1, 2, 17, 18, 19, 20, 21, 22, 23, 24, 25, 26, 27, 28, 29, 30, 31, 32, 47, 73, 74, 75, 76, 77, 78, 79, 80, 102, 501, 506]
518: [1, 2, 17, 18, 19, 20, 21, 22, 23, 24, 25, 26, 27, 28, 29, 30, 31, 32, 36, 47, 73, 74, 75, 76, 77, 78, 79, 80, 102, 501, 506, 508]
521: [1, 2, 17, 18, 19, 20, 21, 22, 23, 24, 25, 26, 27, 28, 29, 30, 31, 32, 38, 40, 48, 73, 74, 75, 76, 77, 78, 79, 80, 90, 102, 108, 498]
525: [1, 2, 17, 18, 19, 20, 21, 22, 23, 24, 25, 26, 27, 28, 29, 30, 31, 32, 38, 40, 48, 73, 74, 75, 76, 77, 78, 79, 80, 102, 108, 498, 521]
530: [1, 2, 17, 18, 19, 20, 21, 22, 23, 24, 25, 26, 27, 28, 29, 30, 31, 32, 38, 40, 49, 73, 74, 75, 76, 77, 78, 79, 80, 90, 102, 108]
534: [1, 2, 17, 18, 19, 20, 21, 22, 23, 24, 25, 26, 27, 28, 29, 30, 31, 32, 38, 40, 49, 73, 74, 75, 76, 77, 78, 79, 80, 90, 102, 108, 530]
539: [1, 2, 3, 17, 18, 19, 20, 21, 22, 23, 24, 25, 26, 27, 28, 29, 30, 31, 32, 40, 41, 50, 54, 71, 72, 73, 74, 75, 76, 77, 78, 79, 80, 90, 95, 102, 108, 109, 209, 238]
541: [1, 2, 3, 17, 18, 19, 20, 21, 22, 23, 24, 25, 26, 27, 28, 29, 30, 31, 32, 40, 41, 50, 54, 71, 72, 73, 74, 75, 76, 77, 78, 79, 80, 90, 95, 102, 108, 109, 209, 238, 539]
542: [1, 2, 3, 17, 18, 19, 20, 21, 22, 23, 24, 25, 26, 27, 28, 29, 30, 31, 32, 40, 41, 50, 54, 71, 72, 73, 74, 75, 76, 77, 78, 79, 80, 90, 95, 102, 108, 109, 209, 238, 539, 541]
543: [1, 2, 3, 17, 18, 19, 20, 21, 22, 23, 24, 25, 26, 27, 28, 29, 30, 31, 32, 40, 41, 50, 54, 71, 72, 73, 74, 75, 76, 77, 78, 79, 80, 90, 95, 102, 108, 109, 209, 238, 539, 541, 542]
544: [1, 2, 3, 17, 18, 19, 20, 21, 22, 23, 24, 25, 26, 27, 28, 29, 30, 31, 32, 40, 41, 50, 54, 71, 72, 73, 74, 75, 76, 77, 78, 79, 80, 90, 95, 102, 108, 109, 209, 238, 539, 541, 542, 543]
545: [1, 2, 3, 17, 18, 19, 20, 21, 22, 23, 24, 25, 26, 27, 28, 29, 30, 31, 32, 40, 41, 50, 54, 71, 72, 73, 74, 75, 76, 77, 78, 79, 80, 90, 95, 102, 108, 109, 209, 238, 539, 541, 542, 543, 544]
546: [1, 2, 3, 17, 18, 19, 20, 21, 22, 23, 24, 25, 26, 27, 28, 29, 30, 31, 32, 40, 41, 50, 54, 71, 72, 73, 74, 75, 76, 77, 78, 79, 80, 90, 95, 102, 108, 109, 209, 238, 539, 541, 542, 543, 544, 545]
547: [1, 2, 3, 17, 18, 19, 20, 21, 22, 23, 24, 25, 26, 27, 28, 29, 30, 31, 32, 40, 41, 50, 54, 71, 72, 73, 74, 75, 76, 77, 78, 79, 80, 90, 95, 102, 108, 109, 209, 238, 539, 541, 542, 543, 544, 545, 546]
549: [1, 2, 3, 17, 18, 19, 20, 21, 22, 23, 24, 25, 26, 27, 28, 29, 30, 31, 32, 40, 41, 50, 54, 71, 73, 74, 75, 76, 77, 78, 79, 80, 90, 95, 102, 108, 109, 209, 238, 539, 541, 542, 543, 544, 545, 546, 547]
550: [1, 2, 3, 17, 18, 19, 20, 21, 22, 23, 24, 25, 26, 27, 28, 29, 30, 31, 32, 40, 41, 50, 54, 71, 73, 74, 75, 76, 77, 78, 79, 80, 90, 95, 102, 108, 109, 209, 238, 539, 541, 542, 543, 544, 545, 546, 547, 549]
552: [1, 2, 3, 17, 18, 19, 20, 21, 22, 23, 24, 25, 26, 27, 28, 29, 30, 31, 32, 40, 41, 50, 54, 71, 73, 74, 75, 76, 77, 78, 79, 80, 90, 95, 102, 108, 109, 209, 238, 539, 541, 542, 543, 544, 545, 546, 547, 549, 550]
557: [1, 2, 3, 17, 18, 19, 20, 21, 22, 23, 24, 25, 26, 27, 28, 29, 30, 31, 32, 40, 41, 50, 54, 71, 73, 74, 75, 76, 77, 78, 79, 80, 90, 95, 102, 108, 109, 209, 238, 539, 541, 542, 543, 544, 545, 546, 547]
560: [1, 2, 3, 4, 5, 6, 7, 8, 9, 10, 11, 12, 13, 14, 15, 16, 17, 81, 82, 83, 84, 85, 86, 87, 88, 89, 112]
562: [1, 2, 3, 17, 18, 19, 20, 21, 22, 23, 24, 25, 26, 27, 28, 29, 30, 31, 32, 40, 41, 50, 54, 71, 73, 74, 75, 76, 77, 78, 79, 80, 90, 95, 102, 108, 109, 209, 238, 539, 541, 542, 543, 544, 545, 546, 547, 549, 550]
564: [1, 2, 3, 17, 18, 19, 20, 21, 22, 23, 24, 25, 26, 27, 28, 29, 30, 31, 32, 40, 41, 50, 54, 71, 73, 74, 75, 76, 77, 78, 79, 80, 90, 95, 102, 108, 109, 209, 238, 539, 541, 542, 543, 544, 545, 546, 547, 549, 550, 562]
565: [1, 2, 3, 17, 18, 19, 20, 21, 22, 23, 24, 25, 26, 27, 28, 29, 30, 31, 32, 40, 41, 50, 54, 71, 73, 74, 75, 76, 77, 78, 79, 80, 90, 95, 102, 108, 109, 209, 238, 539, 541, 542, 543, 544, 545, 546, 547, 549, 550]
566: [1, 2, 3, 17, 18, 19, 20, 21, 22, 23, 24, 25, 26, 27, 28, 29, 30, 31, 32, 40, 41, 50, 54, 71, 73, 74, 75, 76, 77, 78, 79, 80, 90, 95, 102, 108, 109, 209, 238, 539, 541, 542, 543, 544, 545, 546, 547, 549, 565]
567: [1, 2, 3, 17, 18, 19, 20, 21, 22, 23, 24, 25, 26, 27, 28, 29, 30, 31, 32, 40, 41, 50, 54, 71, 73, 74, 75, 76, 77, 78, 79, 80, 90, 95, 102, 108, 109, 209, 238, 539, 541, 542, 543, 544, 545, 546, 547, 549]
569: [1, 2, 3, 17, 18, 19, 20, 21, 22, 23, 24, 25, 26, 27, 28, 29, 30, 31, 32, 40, 41, 50, 54, 71, 72, 73, 74, 75, 76, 77, 78, 79, 80, 90, 95, 102, 108, 109, 209, 238, 539, 541, 542, 543, 544, 545, 546, 547, 549]
572: [1, 2, 3, 17, 18, 19, 20, 21, 22, 23, 24, 25, 26, 27, 28, 29, 30, 31, 32, 40, 41, 50, 54, 71, 72, 73, 74, 75, 76, 77, 78, 79, 80, 90, 95, 102, 108, 109, 209, 238, 539, 541, 542, 543, 544, 545, 546, 547, 549, 569]
573: [1, 2, 3, 17, 18, 19, 20, 21, 22, 23, 24, 25, 26, 27, 28, 29, 30, 31, 32, 40, 41, 50, 54, 71, 72, 73, 74, 75, 76, 77, 78, 79, 80, 90, 95, 102, 108, 109, 209, 238, 539, 541, 542, 543, 544, 545, 546, 547, 549, 569, 572]
574: [1, 2, 3, 17, 18, 19, 20, 21, 22, 23, 24, 25, 26, 27, 28, 29, 30, 31, 32, 40, 41, 50, 54, 71, 72, 73, 74, 75, 76, 77, 78, 79, 80, 90, 95, 102, 108, 109, 209, 238, 539, 541, 542, 543, 544, 545, 546, 547, 549, 569, 572, 573]
575: [1, 2, 3, 17, 18, 19, 20, 21, 22, 23, 24, 25, 26, 27, 28, 29, 30, 31, 32, 40, 41, 50, 54, 71, 72, 73, 74, 75, 76, 77, 78, 79, 80, 90, 95, 102, 108, 109, 209, 238, 539, 541, 542, 543, 544, 545, 546, 547, 549, 569, 572, 573, 574]
576: [1, 2, 3, 17, 18, 19, 20, 21, 22, 23, 24, 25, 26, 27, 28, 29, 30, 31, 32, 40, 41, 50, 54, 71, 72, 73, 74, 75, 76, 77, 78, 79, 80, 90, 95, 102, 108, 109, 209, 238, 539, 541, 542, 543, 544, 545, 546, 547, 549, 569, 572, 573, 574, 575]
577: [1, 2, 3, 17, 18, 19, 20, 21, 22, 23, 24, 25, 26, 27, 28, 29, 30, 31, 32, 40, 41, 50, 54, 71, 72, 73, 74, 75, 76, 77, 78, 79, 80, 90, 95, 102, 108, 109, 209, 238, 539, 541, 542, 543, 544, 545, 546, 547, 569, 572, 573, 574, 575, 576]
579: [1, 2, 3, 4, 5, 6, 7, 8, 9, 10, 11, 12, 13, 14, 15, 16, 17, 81, 82, 83, 84, 85, 86, 87, 88, 89, 112, 560]
583: [1, 2, 3, 4, 5, 6, 7, 8, 9, 10, 11, 12, 13, 14, 15, 16, 17, 81, 82, 83, 84, 85, 86, 87, 88, 89, 112, 560, 579]
584: [1, 2, 3, 4, 5, 6, 7, 8, 9, 10, 11, 12, 13, 14, 15, 16, 17, 81, 82, 83, 84, 85, 86, 87, 88, 89, 112, 560, 579, 583]
585: [1, 2, 3, 4, 5, 6, 7, 8, 9, 10, 11, 12, 13, 14, 15, 16, 17, 81, 82, 83, 84, 85, 86, 87, 88, 89, 112, 560, 579, 583, 584]
587: [1, 2, 3, 4, 5, 6, 7, 8, 9, 10, 11, 12, 13, 14, 15, 16, 17, 81, 82, 83, 84, 85, 86, 87, 88, 89, 112, 560, 579, 583]
588: [1, 2, 3, 4, 5, 6, 7, 8, 9, 10, 11, 12, 13, 14, 15, 16, 17, 81, 82, 83, 84, 85, 86, 87, 88, 89, 112, 560, 579, 583, 587]
589: [1, 2, 3, 4, 5, 6, 7, 8, 9, 10, 11, 12, 13, 14, 15, 16, 17, 81, 82, 83, 84, 85, 86, 87, 88, 89, 112, 560, 579, 583, 587, 588]
591: [1, 2, 3, 4, 5, 6, 7, 8, 9, 10, 11, 12, 13, 14, 15, 16, 17, 81, 82, 83, 84, 85, 86, 87, 88, 89, 112, 560, 579, 583, 587, 588]
592: [1, 2, 3, 4, 5, 6, 7, 8, 9, 10, 11, 12, 13, 14, 15, 16, 17, 81, 82, 83, 84, 85, 86, 87, 88, 89, 112, 560, 579, 583, 588]
593: [1, 2, 3, 4, 5, 6, 7, 8, 9, 10, 11, 12, 13, 14, 15, 16, 17, 81, 82, 83, 84, 85, 86, 87, 88, 89, 112, 560, 579, 588]
594: [1, 2, 3, 4, 5, 6, 7, 8, 9, 10, 11, 12, 13, 14, 15, 16, 17, 81, 82, 83, 84, 85, 86, 87, 88, 89, 112, 560, 579, 588]
595: [1, 2, 3, 4, 5, 6, 7, 8, 9, 10, 11, 12, 13, 14, 15, 16, 17, 81, 82, 83, 84, 85, 86, 87, 88, 89, 112, 560, 579, 588, 594]
596: [1, 2, 3, 4, 5, 6, 7, 8, 9, 10, 11, 12, 13, 14, 15, 16, 17, 81, 82, 83, 84, 85, 86, 87, 88, 89, 112, 560, 579, 588, 594, 595]
598: [1, 2, 3, 4, 5, 6, 7, 8, 9, 10, 11, 12, 13, 14, 15, 16, 17, 81, 82, 83, 84, 85, 86, 87, 88, 89, 112, 560, 579, 588, 594]
599: [1, 2, 3, 4, 5, 6, 7, 8, 9, 10, 11, 12, 13, 14, 15, 16, 17, 81, 82, 83, 84, 85, 86, 87, 88, 89, 112, 560, 579, 588, 594, 598]
601: [1, 2, 3, 4, 5, 6, 7, 8, 9, 10, 11, 12, 13, 14, 15, 16, 17, 81, 82, 83, 84, 85, 86, 87, 88, 89, 112, 560, 579, 594, 598]
602: [1, 2, 3, 4, 5, 6, 7, 8, 9, 10, 11, 12, 13, 14, 15, 16, 17, 81, 82, 83, 84, 85, 86, 87, 88, 89, 112, 560, 579, 594]
603: [1, 2, 3, 4, 5, 6, 7, 8, 9, 10, 11, 12, 13, 14, 15, 16, 17, 81, 82, 83, 84, 85, 86, 87, 88, 89, 112, 560, 579]
604: [1, 2, 3, 4, 5, 6, 7, 8, 9, 10, 11, 12, 13, 14, 15, 16, 17, 81, 82, 83, 84, 85, 86, 87, 88, 89, 112, 560, 579]
605: [1, 2, 3, 4, 5, 6, 7, 8, 9, 10, 11, 12, 13, 14, 15, 16, 17, 81, 82, 83, 84, 85, 86, 87, 88, 89, 112, 560, 579, 604]
606: [1, 2, 3, 4, 5, 6, 7, 8, 9, 10, 11, 12, 13, 14, 15, 16, 17, 81, 82, 83, 84, 85, 86, 87, 88, 89, 112, 560, 579, 604, 605]
608: [1, 2, 3, 4, 5, 6, 7, 8, 9, 10, 11, 12, 13, 14, 15, 16, 17, 81, 82, 83, 84, 85, 86, 87, 88, 89, 112, 560, 579, 604, 605, 606]
610: [1, 2, 3, 4, 5, 6, 7, 8, 9, 10, 11, 12, 13, 14, 15, 16, 17, 81, 82, 83, 84, 85, 86, 87, 88, 89, 112, 560, 579, 604, 605]
611: [1, 2, 3, 4, 5, 6, 7, 8, 9, 10, 11, 12, 13, 14, 15, 16, 17, 81, 82, 83, 84, 85, 86, 87, 88, 89, 112, 560, 579, 604, 605]
612: [1, 2, 3, 4, 5, 6, 7, 8, 9, 10, 11, 12, 13, 14, 15, 16, 17, 81, 82, 83, 84, 85, 86, 87, 88, 89, 112, 560, 579, 604]
613: [1, 2, 3, 4, 5, 6, 7, 8, 9, 10, 11, 12, 13, 14, 15, 16, 17, 81, 82, 83, 84, 85, 86, 87, 88, 89, 112, 560, 579, 604, 612]
615: [1, 2, 3, 4, 5, 6, 7, 8, 9, 10, 11, 12, 13, 14, 15, 16, 17, 81, 82, 83, 84, 85, 86, 87, 88, 89, 112, 560, 579, 604]
616: [1, 2, 3, 4, 5, 6, 7, 8, 9, 10, 11, 12, 13, 14, 15, 16, 17, 81, 82, 83, 84, 85, 86, 87, 88, 89, 112, 560, 604, 615]
617: [1, 2, 3, 4, 5, 6, 7, 8, 9, 10, 11, 12, 13, 14, 15, 16, 17, 81, 82, 83, 84, 85, 86, 87, 88, 89, 112, 560, 604, 615, 616]
619: [1, 2, 3, 4, 5, 6, 7, 8, 9, 10, 11, 12, 13, 14, 15, 16, 17, 81, 82, 83, 84, 85, 86, 87, 88, 89, 112, 560, 604, 615]
620: [1, 2, 3, 4, 5, 6, 7, 8, 9, 10, 11, 12, 13, 14, 15, 16, 17, 81, 82, 83, 84, 85, 86, 87, 88, 89, 112, 560, 604]
621: [1, 2, 3, 4, 5, 6, 7, 8, 9, 10, 11, 12, 13, 14, 15, 16, 17, 81, 82, 83, 84, 85, 86, 87, 88, 89, 112, 560]
624: [1, 2, 3, 17, 18, 19, 20, 21, 22, 23, 24, 25, 26, 27, 28, 29, 30, 31, 32, 40, 41, 50, 54, 71, 72, 73, 74, 75, 76, 77, 78, 79, 80, 90, 95, 102, 108, 109, 209, 238, 539, 541, 542, 543, 544, 545, 546, 547, 569, 572, 573, 574, 575, 576, 577]
626: [1, 2, 3, 17, 18, 19, 20, 21, 22, 23, 24, 25, 26, 27, 28, 29, 30, 31, 32, 40, 41, 54, 68, 69, 70, 73, 74, 75, 76, 77, 78, 79, 80, 90, 95, 102, 108, 109, 209, 238, 334]
627: [1, 2, 3, 17, 18, 19, 20, 21, 22, 23, 24, 25, 26, 27, 28, 29, 30, 31, 32, 40, 41, 54, 68, 69, 70, 73, 74, 75, 76, 77, 78, 79, 80, 90, 95, 102, 108, 109, 209, 238, 334, 626]
628: [1, 2, 3, 17, 18, 19, 20, 21, 22, 23, 24, 25, 26, 27, 28, 29, 30, 31, 32, 40, 41, 54, 73, 74, 75, 76, 77, 78, 79, 80, 90, 95, 102, 108, 109, 209, 238, 334, 626, 627]
630: [1, 2, 3, 17, 18, 19, 20, 21, 22, 23, 24, 25, 26, 27, 28, 29, 30, 31, 32, 40, 41, 54, 73, 74, 75, 76, 77, 78, 79, 80, 90, 95, 102, 108, 109, 209, 238, 334, 626, 627, 628]
631: [1, 2, 3, 17, 18, 19, 20, 21, 22, 23, 24, 25, 26, 27, 28, 29, 30, 31, 32, 40, 41, 54, 73, 74, 75, 76, 77, 78, 79, 80, 90, 95, 102, 108, 109, 209, 238, 334, 626, 627]
633: [1, 2, 3, 17, 18, 19, 20, 21, 22, 23, 24, 25, 26, 27, 28, 29, 30, 31, 32, 40, 41, 54, 73, 74, 75, 76, 77, 78, 79, 80, 90, 95, 102, 108, 109, 209, 238, 626, 627, 631]
635: [1, 2, 3, 17, 18, 19, 20, 21, 22, 23, 24, 25, 26, 27, 28, 29, 30, 31, 32, 40, 41, 54, 73, 74, 75, 76, 77, 78, 79, 80, 90, 95, 102, 108, 109, 209, 238, 626, 627, 633]
636: [1, 2, 3, 17, 18, 19, 20, 21, 22, 23, 24, 25, 26, 27, 28, 29, 30, 31, 32, 40, 41, 54, 73, 74, 75, 76, 77, 78, 79, 80, 90, 95, 102, 108, 109, 209, 238, 626, 627, 633, 635]
638: [1, 2, 3, 4, 5, 6, 7, 8, 9, 10, 11, 12, 13, 14, 15, 16, 17, 81, 82, 83, 84, 85, 86, 87, 88, 89, 112]
640: [1, 2, 3, 4, 5, 6, 7, 8, 9, 10, 11, 12, 13, 14, 15, 16, 17, 81, 82, 83, 84, 85, 86, 87, 88, 89, 112, 638]
641: [1, 2, 3, 17, 18, 19, 20, 21, 22, 23, 24, 25, 26, 27, 28, 29, 30, 31, 32, 40, 41, 54, 73, 74, 75, 76, 77, 78, 79, 80, 90, 95, 102, 108, 109, 209, 238, 626, 635]
642: [1, 2, 3, 17, 18, 19, 20, 21, 22, 23, 24, 25, 26, 27, 28, 29, 30, 31, 32, 40, 41, 54, 73, 74, 75, 76, 77, 78, 79, 80, 90, 95, 102, 108, 109, 209, 238, 626, 635, 641]
644: [1, 2, 3, 17, 18, 19, 20, 21, 22, 23, 24, 25, 26, 27, 28, 29, 30, 31, 32, 40, 41, 54, 73, 74, 75, 76, 77, 78, 79, 80, 90, 95, 102, 108, 109, 209, 238, 626, 635, 641, 642]
645: [1, 2, 3, 17, 18, 19, 20, 21, 22, 23, 24, 25, 26, 27, 28, 29, 30, 31, 32, 40, 41, 54, 73, 74, 75, 76, 77, 78, 79, 80, 90, 95, 102, 108, 109, 209, 238, 626, 635, 641]
646: [1, 2, 3, 17, 18, 19, 20, 21, 22, 23, 24, 25, 26, 27, 28, 29, 30, 31, 32, 40, 41, 54, 73, 74, 75, 76, 77, 78, 79, 80, 90, 95, 102, 108, 109, 209, 238, 626, 635, 645]
647: [1, 2, 3, 17, 18, 19, 20, 21, 22, 23, 24, 25, 26, 27, 28, 29, 30, 31, 32, 40, 41, 54, 73, 74, 75, 76, 77, 78, 79, 80, 90, 95, 102, 108, 109, 209, 238, 626, 635]
648: [1, 2, 3, 17, 18, 19, 20, 21, 22, 23, 24, 25, 26, 27, 28, 29, 30, 31, 32, 40, 41, 54, 73, 74, 75, 76, 77, 78, 79, 80, 90, 95, 102, 108, 109, 209, 238, 626]
649: [1, 2, 3, 17, 18, 19, 20, 21, 22, 23, 24, 25, 26, 27, 28, 29, 30, 31, 32, 40, 41, 54, 73, 74, 75, 76, 77, 78, 79, 80, 90, 95, 102, 108, 109, 209, 238, 626]
651: [1, 2, 3, 4, 5, 6, 7, 8, 9, 10, 11, 12, 13, 14, 15, 16, 17, 81, 82, 83, 84, 85, 86, 87, 88, 89, 112, 638, 640]
652: [1, 2, 3, 4, 5, 6, 7, 8, 9, 10, 11, 12, 13, 14, 15, 16, 17, 81, 82, 83, 84, 85, 86, 87, 88, 89, 112, 638, 640, 651]
654: [1, 2, 3, 4, 5, 6, 7, 8, 9, 10, 11, 12, 13, 14, 15, 16, 17, 81, 82, 83, 84, 85, 86, 87, 88, 89, 112, 638, 640]
655: [1, 2, 3, 4, 5, 6, 7, 8, 9, 10, 11, 12, 13, 14, 15, 16, 17, 81, 82, 83, 84, 85, 86, 87, 88, 89, 112, 638, 640]
656: [1, 2, 3, 4, 5, 6, 7, 8, 9, 10, 11, 12, 13, 14, 15, 16, 17, 81, 82, 83, 84, 85, 86, 87, 88, 89, 112, 638]
657: [1, 2, 3, 17, 18, 19, 20, 21, 22, 23, 24, 25, 26, 27, 28, 29, 30, 31, 32, 40, 41, 54, 73, 74, 75, 76, 77, 78, 79, 80, 90, 95, 102, 108, 109, 209, 238, 626, 649]
658: [1, 2, 3, 4, 5, 6, 7, 8, 9, 10, 11, 12, 13, 14, 15, 16, 17, 81, 82, 83, 84, 85, 86, 87, 88, 89, 112, 638]
659: [1, 2, 3, 4, 5, 6, 7, 8, 9, 10, 11, 12, 13, 14, 15, 16, 17, 81, 82, 83, 84, 85, 86, 87, 88, 89, 112, 638, 658]
660: [1, 2, 3, 4, 5, 6, 7, 8, 9, 10, 11, 12, 13, 14, 15, 16, 17, 81, 82, 83, 84, 85, 86, 87, 88, 89, 112, 638, 658, 659]
662: [1, 2, 3, 4, 5, 6, 7, 8, 9, 10, 11, 12, 13, 14, 15, 16, 17, 81, 82, 83, 84, 85, 86, 87, 88, 89, 112, 638, 658]
663: [1, 2, 3, 4, 5, 6, 7, 8, 9, 10, 11, 12, 13, 14, 15, 16, 17, 81, 82, 83, 84, 85, 86, 87, 88, 89, 112, 658]
664: [1, 2, 3, 4, 5, 6, 7, 8, 9, 10, 11, 12, 13, 14, 15, 16, 17, 81, 82, 83, 84, 85, 86, 87, 88, 89, 112]
665: [1, 2, 3, 17, 18, 19, 20, 21, 22, 23, 24, 25, 26, 27, 28, 29, 30, 31, 32, 40, 41, 54, 73, 74, 75, 76, 77, 78, 79, 80, 90, 95, 102, 108, 109, 209, 238]
670: [1, 2, 3, 17, 18, 19, 20, 21, 22, 23, 24, 25, 26, 27, 28, 29, 30, 31, 32, 40, 41, 54, 68, 69, 70, 73, 74, 75, 76, 77, 78, 79, 80, 90, 95, 102, 108, 109, 209, 238, 334, 626, 627]
672: [1, 2, 3, 17, 18, 19, 20, 21, 22, 23, 24, 25, 26, 27, 28, 29, 30, 31, 32, 40, 41, 54, 68, 69, 70, 73, 74, 75, 76, 77, 78, 79, 80, 90, 95, 102, 108, 109, 209, 238, 334, 626, 627, 670]
673: [1, 2, 3, 17, 18, 19, 20, 21, 22, 23, 24, 25, 26, 27, 28, 29, 30, 31, 32, 40, 41, 54, 68, 69, 70, 73, 74, 75, 76, 77, 78, 79, 80, 90, 95, 102, 108, 109, 209, 238, 334, 626, 627, 670, 672]
674: [1, 2, 3, 17, 18, 19, 20, 21, 22, 23, 24, 25, 26, 27, 28, 29, 30, 31, 32, 40, 41, 54, 68, 69, 70, 73, 74, 75, 76, 77, 78, 79, 80, 90, 95, 102, 108, 109, 209, 238, 334, 626, 627, 670, 672, 673]
675: [1, 2, 3, 17, 18, 19, 20, 21, 22, 23, 24, 25, 26, 27, 28, 29, 30, 31, 32, 40, 41, 54, 68, 69, 70, 73, 74, 75, 76, 77, 78, 79, 80, 90, 95, 102, 108, 109, 209, 238, 334, 626, 627, 670, 672, 673, 674]
676: [1, 2, 3, 17, 18, 19, 20, 21, 22, 23, 24, 25, 26, 27, 28, 29, 30, 31, 32, 40, 41, 54, 68, 69, 70, 73, 74, 75, 76, 77, 78, 79, 80, 90, 95, 102, 108, 109, 209, 238, 334, 626, 627, 670, 672, 673, 674, 675]
679: [1, 2, 3, 17, 18, 19, 20, 21, 22, 23, 24, 25, 26, 27, 28, 29, 30, 31, 32, 40, 41, 54, 68, 69, 73, 74, 75, 76, 77, 78, 79, 80, 90, 95, 102, 108, 109, 209, 238, 334, 626, 627, 670, 672, 673, 674, 675, 676]
680: [1, 2, 3, 4, 5, 6, 7, 8, 9, 10, 11, 12, 13, 14, 15, 16, 17, 81, 82, 83, 84, 85, 86, 87, 88, 89, 112]
682: [1, 2, 3, 17, 18, 19, 20, 21, 22, 23, 24, 25, 26, 27, 28, 29, 30, 31, 32, 40, 41, 54, 68, 69, 73, 74, 75, 76, 77, 78, 79, 80, 90, 95, 102, 108, 109, 209, 238, 334, 626, 627, 670, 672, 673, 674, 675, 676, 679]
684: [1, 2, 3, 17, 18, 19, 20, 21, 22, 23, 24, 25, 26, 27, 28, 29, 30, 31, 32, 40, 41, 54, 68, 69, 73, 74, 75, 76, 77, 78, 79, 80, 90, 95, 102, 108, 109, 209, 238, 334, 626, 627, 670, 672, 673, 674, 675, 676, 679, 682]
689: [1, 2, 3, 17, 18, 19, 20, 21, 22, 23, 24, 25, 26, 27, 28, 29, 30, 31, 32, 40, 41, 54, 68, 69, 73, 74, 75, 76, 77, 78, 79, 80, 90, 95, 102, 108, 109, 209, 238, 334, 626, 627, 670, 672, 673, 674, 675, 676]
693: [1, 2, 3, 17, 18, 19, 20, 21, 22, 23, 24, 25, 26, 27, 28, 29, 30, 31, 32, 40, 41, 54, 68, 69, 73, 74, 75, 76, 77, 78, 79, 80, 90, 95, 102, 108, 109, 209, 238, 334, 626, 627, 670, 672, 673, 674, 675, 676, 679, 682]
695: [1, 2, 3, 17, 18, 19, 20, 21, 22, 23, 24, 25, 26, 27, 28, 29, 30, 31, 32, 40, 41, 54, 68, 69, 73, 74, 75, 76, 77, 78, 79, 80, 90, 95, 102, 108, 109, 209, 238, 334, 626, 627, 670, 672, 673, 674, 675, 676, 679, 682, 693]
696: [1, 2, 3, 17, 18, 19, 20, 21, 22, 23, 24, 25, 26, 27, 28, 29, 30, 31, 32, 40, 41, 54, 68, 69, 73, 74, 75, 76, 77, 78, 79, 80, 90, 95, 102, 108, 109, 209, 238, 334, 626, 627, 670, 672, 673, 674, 675, 676, 679, 682]
697: [1, 2, 3, 17, 18, 19, 20, 21, 22, 23, 24, 25, 26, 27, 28, 29, 30, 31, 32, 40, 41, 54, 68, 69, 73, 74, 75, 76, 77, 78, 79, 80, 90, 95, 102, 108, 109, 209, 238, 334, 626, 627, 670, 672, 673, 674, 675, 676, 679, 696]
698: [1, 2, 3, 17, 18, 19, 20, 21, 22, 23, 24, 25, 26, 27, 28, 29, 30, 31, 32, 40, 41, 54, 68, 69, 73, 74, 75, 76, 77, 78, 79, 80, 90, 95, 102, 108, 109, 209, 238, 334, 626, 627, 670, 672, 673, 674, 675, 676, 679]
700: [1, 2, 3, 17, 18, 19, 20, 21, 22, 23, 24, 25, 26, 27, 28, 29, 30, 31, 32, 40, 41, 54, 68, 69, 70, 73, 74, 75, 76, 77, 78, 79, 80, 90, 95, 102, 108, 109, 209, 238, 334, 626, 627, 670, 672, 673, 674, 675, 676, 679]
703: [1, 2, 3, 17, 18, 19, 20, 21, 22, 23, 24, 25, 26, 27, 28, 29, 30, 31, 32, 40, 41, 54, 68, 69, 70, 73, 74, 75, 76, 77, 78, 79, 80, 90, 95, 102, 108, 109, 209, 238, 334, 626, 627, 670, 672, 673, 674, 675, 676, 679, 700]
704: [1, 2, 3, 17, 18, 19, 20, 21, 22, 23, 24, 25, 26, 27, 28, 29, 30, 31, 32, 40, 41, 54, 68, 69, 70, 73, 74, 75, 76, 77, 78, 79, 80, 90, 95, 102, 108, 109, 209, 238, 334, 626, 627, 670, 672, 673, 674, 675, 676, 679, 700, 703]
705: [1, 2, 3, 17, 18, 19, 20, 21, 22, 23, 24, 25, 26, 27, 28, 29, 30, 31, 32, 40, 41, 54, 68, 69, 70, 73, 74, 75, 76, 77, 78, 79, 80, 90, 95, 102, 108, 109, 209, 238, 334, 626, 627, 670, 672, 673, 674, 675, 676, 700, 703, 704]
707: [1, 2, 3, 4, 5, 6, 7, 8, 9, 10, 11, 12, 13, 14, 15, 16, 17, 81, 82, 83, 84, 85, 86, 87, 88, 89, 112, 680]
708: [1, 2, 3, 4, 5, 6, 7, 8, 9, 10, 11, 12, 13, 14, 15, 16, 17, 81, 82, 83, 84, 85, 86, 87, 88, 89, 112, 680, 707]
709: [1, 2, 3, 4, 5, 6, 7, 8, 9, 10, 11, 12, 13, 14, 15, 16, 17, 81, 82, 83, 84, 85, 86, 87, 88, 89, 112, 680, 707, 708]
711: [1, 2, 3, 4, 5, 6, 7, 8, 9, 10, 11, 12, 13, 14, 15, 16, 17, 81, 82, 83, 84, 85, 86, 87, 88, 89, 112, 680, 707]
712: [1, 2, 3, 4, 5, 6, 7, 8, 9, 10, 11, 12, 13, 14, 15, 16, 17, 81, 82, 83, 84, 85, 86, 87, 88, 89, 112, 680, 707]
713: [1, 2, 3, 4, 5, 6, 7, 8, 9, 10, 11, 12, 13, 14, 15, 16, 17, 81, 82, 83, 84, 85, 86, 87, 88, 89, 112, 680]
716: [1, 2, 3, 17, 18, 19, 20, 21, 22, 23, 24, 25, 26, 27, 28, 29, 30, 31, 32, 40, 41, 54, 68, 69, 70, 73, 74, 75, 76, 77, 78, 79, 80, 90, 95, 102, 108, 109, 209, 238, 334, 626, 627, 670, 672, 673, 674, 675, 676, 700, 703, 704, 705]
718: [1, 2, 3, 17, 18, 19, 20, 21, 22, 23, 24, 25, 26, 27, 28, 29, 30, 31, 32, 40, 41, 42, 43, 44, 45, 54, 55, 56, 65, 66, 73, 74, 75, 76, 77, 78, 79, 80, 90, 95, 102, 108, 109, 209, 238, 334, 384]
721: [1, 2, 3, 17, 18, 19, 20, 21, 22, 23, 24, 25, 26, 27, 28, 29, 30, 31, 32, 40, 41, 43, 54, 55, 56, 65, 73, 74, 75, 76, 77, 78, 79, 80, 90, 95, 102, 108, 109, 209, 238, 334, 384, 718]
722: [1, 2, 3, 17, 18, 19, 20, 21, 22, 23, 24, 25, 26, 27, 28, 29, 30, 31, 32, 40, 41, 43, 54, 55, 56, 65, 73, 74, 75, 76, 77, 78, 79, 80, 90, 95, 102, 108, 109, 209, 238, 334, 384, 718, 721]
724: [1, 2, 3, 17, 18, 19, 20, 21, 22, 23, 24, 25, 26, 27, 28, 29, 30, 31, 32, 40, 41, 42, 43, 44, 45, 54, 56, 65, 66, 73, 74, 75, 76, 77, 78, 79, 80, 90, 95, 102, 108, 109, 209, 238, 334, 384, 718, 721]
726: [1, 2, 3, 17, 18, 19, 20, 21, 22, 23, 24, 25, 26, 27, 28, 29, 30, 31, 32, 40, 41, 42, 43, 45, 54, 56, 65, 66, 73, 74, 75, 76, 77, 78, 79, 80, 90, 95, 102, 108, 109, 209, 238, 334, 384, 718, 724]
728: [1, 2, 3, 17, 18, 19, 20, 21, 22, 23, 24, 25, 26, 27, 28, 29, 30, 31, 32, 40, 41, 43, 54, 56, 65, 73, 74, 75, 76, 77, 78, 79, 80, 90, 95, 102, 108, 109, 209, 238, 334, 384, 718, 724, 726]
729: [1, 2, 3, 4, 5, 6, 7, 8, 9, 10, 11, 12, 13, 14, 15, 16, 17, 81, 82, 83, 84, 85, 86, 87, 88, 89, 112]
730: [1, 2, 3, 4, 5, 6, 7, 8, 9, 10, 11, 12, 13, 14, 15, 16, 17, 81, 82, 83, 84, 85, 86, 87, 88, 89, 112, 729]
731: [1, 2, 3, 4, 5, 6, 7, 8, 9, 10, 11, 12, 13, 14, 15, 16, 17, 81, 82, 83, 84, 85, 86, 87, 88, 89, 112]
732: [1, 2, 3, 4, 5, 6, 7, 8, 9, 10, 11, 12, 13, 14, 15, 16, 17, 81, 82, 83, 84, 85, 86, 87, 88, 89, 112, 731]
733: [1, 2, 3, 4, 5, 6, 7, 8, 9, 10, 11, 12, 13, 14, 15, 16, 17, 81, 82, 83, 84, 85, 86, 87, 88, 89, 112]
734: [1, 2, 3, 4, 5, 6, 7, 8, 9, 10, 11, 12, 13, 14, 15, 16, 17, 81, 82, 83, 84, 85, 86, 87, 88, 89, 112, 733]
735: [1, 2, 3, 4, 5, 6, 7, 8, 9, 10, 11, 12, 13, 14, 15, 16, 17, 81, 82, 83, 84, 85, 86, 87, 88, 89, 112]
739: [1, 2, 3, 17, 18, 19, 20, 21, 22, 23, 24, 25, 26, 27, 28, 29, 30, 31, 32, 40, 41, 43, 45, 54, 65, 73, 74, 75, 76, 77, 78, 79, 80, 90, 95, 102, 108, 109, 209, 238, 334, 384, 718, 724, 726]
743: [1, 2, 3, 17, 18, 19, 20, 21, 22, 23, 24, 25, 26, 27, 28, 29, 30, 31, 32, 40, 41, 42, 43, 45, 54, 65, 73, 74, 75, 76, 77, 78, 79, 80, 90, 95, 102, 108, 109, 209, 238, 334, 384, 718, 724, 726]
745: [1, 2, 3, 17, 18, 19, 20, 21, 22, 23, 24, 25, 26, 27, 28, 29, 30, 31, 32, 40, 41, 42, 43, 45, 54, 65, 73, 74, 75, 76, 77, 78, 79, 80, 90, 95, 102, 108, 109, 209, 238, 334, 384, 718, 724, 726, 743]
746: [1, 2, 3, 17, 18, 19, 20, 21, 22, 23, 24, 25, 26, 27, 28, 29, 30, 31, 32, 40, 41, 42, 43, 45, 54, 65, 73, 74, 75, 76, 77, 78, 79, 80, 90, 95, 102, 108, 109, 209, 238, 334, 384, 718, 724, 726]
747: [1, 2, 3, 17, 18, 19, 20, 21, 22, 23, 24, 25, 26, 27, 28, 29, 30, 31, 32, 40, 41, 42, 43, 54, 65, 73, 74, 75, 76, 77, 78, 79, 80, 90, 95, 102, 108, 109, 209, 238, 334, 384, 718, 724, 726, 746]
748: [1, 2, 3, 17, 18, 19, 20, 21, 22, 23, 24, 25, 26, 27, 28, 29, 30, 31, 32, 40, 41, 42, 43, 54, 65, 73, 74, 75, 76, 77, 78, 79, 80, 90, 95, 102, 108, 109, 209, 238, 334, 384, 718, 724, 726]
750: [1, 2, 3, 17, 18, 19, 20, 21, 22, 23, 24, 25, 26, 27, 28, 29, 30, 31, 32, 40, 41, 42, 43, 54, 65, 73, 74, 75, 76, 77, 78, 79, 80, 90, 95, 102, 108, 109, 209, 238, 334, 384, 718, 724, 726, 748]
751: [1, 2, 3, 17, 18, 19, 20, 21, 22, 23, 24, 25, 26, 27, 28, 29, 30, 31, 32, 40, 41, 42, 43, 54, 65, 66, 73, 74, 75, 76, 77, 78, 79, 80, 90, 95, 102, 108, 109, 209, 238, 334, 384, 718, 724, 726, 750]
754: [1, 2, 3, 17, 18, 19, 20, 21, 22, 23, 24, 25, 26, 27, 28, 29, 30, 31, 32, 40, 41, 42, 43, 54, 65, 73, 74, 75, 76, 77, 78, 79, 80, 90, 95, 102, 108, 109, 209, 238, 334, 384, 718, 724, 726, 751]
756: [1, 2, 3, 17, 18, 19, 20, 21, 22, 23, 24, 25, 26, 27, 28, 29, 30, 31, 32, 40, 41, 42, 43, 54, 65, 66, 73, 74, 75, 76, 77, 78, 79, 80, 90, 95, 102, 108, 109, 209, 238, 334, 384, 718, 724, 726, 751]
758: [1, 2, 3, 4, 5, 6, 7, 8, 9, 10, 11, 12, 13, 14, 15, 16, 17, 81, 82, 83, 84, 85, 86, 87, 88, 89, 112]
761: [1, 2, 3, 17, 18, 19, 20, 21, 22, 23, 24, 25, 26, 27, 28, 29, 30, 31, 32, 40, 41, 42, 43, 54, 65, 66, 73, 74, 75, 76, 77, 78, 79, 80, 90, 95, 102, 108, 109, 209, 238, 334, 384, 718, 724, 726, 751, 756]
765: [1, 2, 3, 17, 18, 19, 20, 21, 22, 23, 24, 25, 26, 27, 28, 29, 30, 31, 32, 40, 41, 42, 43, 45, 54, 65, 73, 74, 75, 76, 77, 78, 79, 80, 90, 95, 102, 108, 109, 209, 238, 334, 384, 718, 724]
766: [1, 2, 3, 17, 18, 19, 20, 21, 22, 23, 24, 25, 26, 27, 28, 29, 30, 31, 32, 40, 41, 42, 43, 44, 54, 65, 73, 74, 75, 76, 77, 78, 79, 80, 90, 95, 102, 108, 109, 209, 238, 334, 384, 718, 724]
768: [1, 2, 3, 17, 18, 19, 20, 21, 22, 23, 24, 25, 26, 27, 28, 29, 30, 31, 32, 40, 41, 42, 43, 54, 65, 73, 74, 75, 76, 77, 78, 79, 80, 90, 95, 102, 108, 109, 209, 238, 334, 384, 718, 724, 766]
771: [1, 2, 3, 17, 18, 19, 20, 21, 22, 23, 24, 25, 26, 27, 28, 29, 30, 31, 32, 40, 41, 42, 43, 54, 65, 73, 74, 75, 76, 77, 78, 79, 80, 90, 95, 102, 108, 109, 209, 238, 334, 384, 718, 724, 766]
772: [1, 2, 3, 17, 18, 19, 20, 21, 22, 23, 24, 25, 26, 27, 28, 29, 30, 31, 32, 40, 41, 42, 43, 44, 54, 65, 67, 73, 74, 75, 76, 77, 78, 79, 80, 90, 95, 102, 108, 109, 209, 238, 334, 384, 718, 724, 766]
775: [1, 2, 3, 17, 18, 19, 20, 21, 22, 23, 24, 25, 26, 27, 28, 29, 30, 31, 32, 40, 41, 42, 43, 44, 54, 65, 73, 74, 75, 76, 77, 78, 79, 80, 90, 95, 102, 108, 109, 209, 238, 334, 384, 718, 724, 766, 772]
777: [1, 2, 3, 17, 18, 19, 20, 21, 22, 23, 24, 25, 26, 27, 28, 29, 30, 31, 32, 40, 41, 42, 43, 44, 54, 65, 73, 74, 75, 76, 77, 78, 79, 80, 90, 95, 102, 108, 109, 209, 238, 334, 384, 718, 724, 766, 772, 775]
778: [1, 2, 3, 17, 18, 19, 20, 21, 22, 23, 24, 25, 26, 27, 28, 29, 30, 31, 32, 40, 41, 42, 43, 44, 54, 65, 73, 74, 75, 76, 77, 78, 79, 80, 90, 95, 102, 108, 109, 209, 238, 334, 384, 718, 724, 766, 772]
779: [1, 2, 3, 17, 18, 19, 20, 21, 22, 23, 24, 25, 26, 27, 28, 29, 30, 31, 32, 40, 41, 42, 43, 44, 54, 65, 73, 74, 75, 76, 77, 78, 79, 80, 90, 95, 102, 108, 109, 209, 238, 334, 384, 718, 766, 772, 778]
780: [1, 2, 3, 17, 18, 19, 20, 21, 22, 23, 24, 25, 26, 27, 28, 29, 30, 31, 32, 40, 41, 42, 43, 44, 54, 65, 73, 74, 75, 76, 77, 78, 79, 80, 90, 95, 102, 108, 109, 209, 238, 334, 384, 718, 766, 772]
782: [1, 2, 3, 17, 18, 19, 20, 21, 22, 23, 24, 25, 26, 27, 28, 29, 30, 31, 32, 40, 41, 42, 43, 44, 54, 65, 73, 74, 75, 76, 77, 78, 79, 80, 90, 95, 102, 108, 109, 209, 238, 334, 384, 718, 766, 772, 780]
784: [1, 2, 3, 17, 18, 19, 20, 21, 22, 23, 24, 25, 26, 27, 28, 29, 30, 31, 32, 40, 41, 42, 43, 44, 54, 65, 73, 74, 75, 76, 77, 78, 79, 80, 90, 95, 102, 108, 109, 209, 238, 334, 384, 718, 766, 772, 780, 782]
785: [1, 2, 3, 17, 18, 19, 20, 21, 22, 23, 24, 25, 26, 27, 28, 29, 30, 31, 32, 40, 41, 42, 43, 44, 54, 65, 73, 74, 75, 76, 77, 78, 79, 80, 90, 95, 102, 108, 109, 209, 238, 334, 384, 718, 766, 772, 780]
786: [1, 2, 3, 17, 18, 19, 20, 21, 22, 23, 24, 25, 26, 27, 28, 29, 30, 31, 32, 40, 41, 42, 43, 44, 54, 65, 73, 74, 75, 76, 77, 78, 79, 80, 90, 95, 102, 108, 109, 209, 238, 334, 384, 718, 772, 780, 785]
787: [1, 2, 3, 17, 18, 19, 20, 21, 22, 23, 24, 25, 26, 27, 28, 29, 30, 31, 32, 40, 41, 42, 43, 44, 54, 65, 73, 74, 75, 76, 77, 78, 79, 80, 90, 95, 102, 108, 109, 209, 238, 334, 384, 718, 772, 780]
789: [1, 2, 3, 17, 18, 19, 20, 21, 22, 23, 24, 25, 26, 27, 28, 29, 30, 31, 32, 40, 41, 42, 43, 44, 54, 65, 67, 73, 74, 75, 76, 77, 78, 79, 80, 90, 95, 102, 108, 109, 209, 238, 334, 384, 772, 780, 787]
790: [1, 2, 3, 17, 18, 19, 20, 21, 22, 23, 24, 25, 26, 27, 28, 29, 30, 31, 32, 40, 41, 42, 43, 44, 54, 65, 67, 73, 74, 75, 76, 77, 78, 79, 80, 90, 95, 102, 108, 109, 209, 238, 334, 384, 772, 787, 789]
794: [1, 2, 3, 17, 18, 19, 20, 21, 22, 23, 24, 25, 26, 27, 28, 29, 30, 31, 32, 40, 41, 42, 43, 44, 54, 65, 67, 73, 74, 75, 76, 77, 78, 79, 80, 90, 95, 102, 108, 109, 209, 238, 334, 384, 772, 790]
796: [1, 2, 3, 17, 18, 19, 20, 21, 22, 23, 24, 25, 26, 27, 28, 29, 30, 31, 32, 40, 41, 42, 44, 54, 65, 67, 73, 74, 75, 76, 77, 78, 79, 80, 90, 95, 102, 108, 109, 209, 238, 334, 384, 772, 790]
798: [1, 2, 3, 4, 5, 6, 7, 8, 9, 10, 11, 12, 13, 14, 15, 16, 17, 81, 82, 83, 84, 85, 86, 87, 88, 89, 112]
801: [1, 2, 3, 17, 18, 19, 20, 21, 22, 23, 24, 25, 26, 27, 28, 29, 30, 31, 32, 40, 41, 42, 44, 54, 65, 67, 73, 74, 75, 76, 77, 78, 79, 80, 90, 95, 102, 108, 109, 209, 238, 334, 384, 772, 790, 796]
803: [1, 2, 3, 17, 18, 19, 20, 21, 22, 23, 24, 25, 26, 27, 28, 29, 30, 31, 32, 40, 41, 42, 54, 65, 73, 74, 75, 76, 77, 78, 79, 80, 90, 95, 102, 108, 109, 209, 238, 334, 384]
804: [1, 2, 3, 17, 18, 19, 20, 21, 22, 23, 24, 25, 26, 27, 28, 29, 30, 31, 32, 40, 41, 42, 54, 65, 73, 74, 75, 76, 77, 78, 79, 80, 90, 95, 102, 108, 109, 209, 238, 334, 384]
807: [1, 2, 3, 4, 5, 6, 7, 8, 9, 10, 11, 12, 13, 14, 15, 16, 17, 81, 82, 83, 84, 85, 86, 87, 88, 89, 112]
808: [1, 2, 3, 4, 5, 6, 7, 8, 9, 10, 11, 12, 13, 14, 15, 16, 17, 81, 82, 83, 84, 85, 86, 87, 88, 89, 112]
809: [1, 2, 3, 17, 18, 19, 20, 21, 22, 23, 24, 25, 26, 27, 28, 29, 30, 31, 32, 40, 41, 42, 54, 65, 73, 74, 75, 76, 77, 78, 79, 80, 90, 95, 102, 108, 109, 209, 238, 334, 384]
810: [1, 2, 3, 17, 18, 19, 20, 21, 22, 23, 24, 25, 26, 27, 28, 29, 30, 31, 32, 40, 41, 42, 54, 65, 73, 74, 75, 76, 77, 78, 79, 80, 90, 95, 102, 108, 109, 209, 238, 334, 384]
823: [1, 2, 3, 17, 18, 19, 20, 21, 22, 23, 24, 25, 26, 27, 28, 29, 30, 31, 32, 40, 51, 54, 55, 56, 60, 61, 73, 74, 75, 76, 77, 78, 79, 80, 90, 95, 102, 105, 108, 109, 209, 238, 242]
825: [1, 2, 3, 17, 18, 19, 20, 21, 22, 23, 24, 25, 26, 27, 28, 29, 30, 31, 32, 40, 51, 54, 55, 56, 60, 61, 73, 74, 75, 76, 77, 78, 79, 80, 90, 95, 102, 105, 108, 109, 209, 238, 242, 823]
826: [1, 2, 3, 17, 18, 19, 20, 21, 22, 23, 24, 25, 26, 27, 28, 29, 30, 31, 32, 40, 51, 54, 55, 56, 60, 61, 73, 74, 75, 76, 77, 78, 79, 80, 90, 95, 102, 105, 108, 109, 209, 238, 242, 823, 825]
827: [1, 2, 3, 17, 18, 19, 20, 21, 22, 23, 24, 25, 26, 27, 28, 29, 30, 31, 32, 40, 51, 54, 55, 56, 60, 61, 73, 74, 75, 76, 77, 78, 79, 80, 90, 95, 102, 105, 108, 109, 209, 238, 242, 823, 825, 826]
829: [1, 2, 3, 17, 18, 19, 20, 21, 22, 23, 24, 25, 26, 27, 28, 29, 30, 31, 32, 40, 51, 54, 55, 56, 60, 61, 73, 74, 75, 76, 77, 78, 79, 80, 90, 95, 102, 105, 108, 109, 209, 238, 242, 823, 825, 826, 827]
830: [1, 2, 3, 17, 18, 19, 20, 21, 22, 23, 24, 25, 26, 27, 28, 29, 30, 31, 32, 40, 51, 54, 55, 56, 60, 73, 74, 75, 76, 77, 78, 79, 80, 90, 95, 102, 105, 108, 109, 209, 238, 242, 823, 825, 826, 827, 829]
832: [1, 2, 3, 17, 18, 19, 20, 21, 22, 23, 24, 25, 26, 27, 28, 29, 30, 31, 32, 40, 51, 54, 55, 56, 60, 73, 74, 75, 76, 77, 78, 79, 80, 90, 95, 102, 105, 108, 109, 209, 238, 242, 823, 825, 826, 827, 829, 830]
837: [1, 2, 3, 17, 18, 19, 20, 21, 22, 23, 24, 25, 26, 27, 28, 29, 30, 31, 32, 40, 51, 54, 55, 56, 60, 73, 74, 75, 76, 77, 78, 79, 80, 90, 95, 102, 105, 108, 109, 209, 238, 242, 823, 825, 826, 827]
841: [1, 2, 3, 4, 5, 6, 7, 8, 9, 10, 11, 12, 13, 14, 15, 16, 17, 81, 82, 83, 84, 85, 86, 87, 88, 89, 91, 112, 192, 193]
842: [1, 2, 3, 17, 18, 19, 20, 21, 22, 23, 24, 25, 26, 27, 28, 29, 30, 31, 32, 40, 51, 54, 55, 56, 60, 73, 74, 75, 76, 77, 78, 79, 80, 90, 95, 102, 105, 108, 109, 209, 238, 242, 823, 825, 826, 827, 829, 830]
844: [1, 2, 3, 17, 18, 19, 20, 21, 22, 23, 24, 25, 26, 27, 28, 29, 30, 31, 32, 40, 51, 54, 55, 56, 60, 73, 74, 75, 76, 77, 78, 79, 80, 90, 95, 102, 105, 108, 109, 209, 238, 242, 823, 825, 826, 827, 829, 830, 842]
845: [1, 2, 3, 17, 18, 19, 20, 21, 22, 23, 24, 25, 26, 27, 28, 29, 30, 31, 32, 40, 51, 54, 55, 56, 60, 73, 74, 75, 76, 77, 78, 79, 80, 90, 95, 102, 105, 108, 109, 209, 238, 242, 823, 825, 826, 827, 829, 830]
846: [1, 2, 3, 17, 18, 19, 20, 21, 22, 23, 24, 25, 26, 27, 28, 29, 30, 31, 32, 40, 51, 54, 55, 56, 60, 73, 74, 75, 76, 77, 78, 79, 80, 90, 95, 102, 105, 108, 109, 209, 238, 242, 823, 825, 826, 827, 829, 845]
847: [1, 2, 3, 17, 18, 19, 20, 21, 22, 23, 24, 25, 26, 27, 28, 29, 30, 31, 32, 40, 51, 54, 55, 56, 60, 73, 74, 75, 76, 77, 78, 79, 80, 90, 95, 102, 105, 108, 109, 209, 238, 242, 823, 825, 826, 827, 829]
849: [1, 2, 3, 17, 18, 19, 20, 21, 22, 23, 24, 25, 26, 27, 28, 29, 30, 31, 32, 40, 51, 54, 55, 56, 60, 61, 73, 74, 75, 76, 77, 78, 79, 80, 90, 95, 102, 105, 108, 109, 209, 238, 242, 823, 825, 826, 827, 829]
852: [1, 2, 3, 17, 18, 19, 20, 21, 22, 23, 24, 25, 26, 27, 28, 29, 30, 31, 32, 40, 51, 54, 55, 56, 60, 61, 73, 74, 75, 76, 77, 78, 79, 80, 90, 95, 102, 105, 108, 109, 209, 238, 242, 823, 825, 826, 827, 829, 849]
853: [1, 2, 3, 17, 18, 19, 20, 21, 22, 23, 24, 25, 26, 27, 28, 29, 30, 31, 32, 40, 51, 54, 55, 56, 60, 61, 73, 74, 75, 76, 77, 78, 79, 80, 90, 95, 102, 105, 108, 109, 209, 238, 242, 823, 825, 826, 827, 829, 849, 852]
855: [1, 2, 3, 4, 5, 6, 7, 8, 9, 10, 11, 12, 13, 14, 15, 16, 17, 81, 82, 83, 84, 85, 86, 87, 88, 89, 91, 112, 192, 193, 841]
856: [1, 2, 3, 4, 5, 6, 7, 8, 9, 10, 11, 12, 13, 14, 15, 16, 17, 81, 82, 83, 84, 85, 86, 87, 88, 89, 91, 112, 192, 193, 841, 855]
857: [1, 2, 3, 4, 5, 6, 7, 8, 9, 10, 11, 12, 13, 14, 15, 16, 17, 81, 82, 83, 84, 85, 86, 87, 88, 89, 91, 112, 192, 193, 841]
858: [1, 2, 3, 4, 5, 6, 7, 8, 9, 10, 11, 12, 13, 14, 15, 16, 17, 81, 82, 83, 84, 85, 86, 87, 88, 89, 91, 112, 192, 193, 841]
859: [1, 2, 3, 4, 5, 6, 7, 8, 9, 10, 11, 12, 13, 14, 15, 16, 17, 81, 82, 83, 84, 85, 86, 87, 88, 89, 91, 112, 192, 193, 841, 858]
861: [1, 2, 3, 4, 5, 6, 7, 8, 9, 10, 11, 12, 13, 14, 15, 16, 17, 81, 82, 83, 84, 85, 86, 87, 88, 89, 91, 112, 192, 193, 841]
864: [1, 2, 3, 17, 18, 19, 20, 21, 22, 23, 24, 25, 26, 27, 28, 29, 30, 31, 32, 40, 51, 54, 55, 56, 60, 61, 73, 74, 75, 76, 77, 78, 79, 80, 90, 95, 102, 105, 108, 109, 209, 238, 242, 823, 825, 826, 827, 829, 849, 852, 853]
