Description:

Following is a problem description of Graph Coloring Problem. It contains two section.

1. Problem's data description
2. The adjacency list representation of that specific problem.

Please calculate the best solution for this problem, which is the minimum number of colors needed to color the graph such that no two adjacent nodes have the same color.


[GCP_DATA_INFO]
Type: GCP, Graph Coloring Problem
Node: 645
Edge: 13979

[ADJACENCY_List]
2: [1]
3: [1, 2]
4: [1, 2, 3]
5: [1, 2, 3, 4]
6: [1, 2, 3, 4, 5]
7: [1, 2, 3, 4, 5, 6]
8: [1, 2, 3, 4, 5, 6, 7]
9: [1, 2, 3, 4, 5, 6, 7, 8]
10: [1, 2, 3, 4, 5, 6, 7, 8, 9]
11: [1, 2, 3, 4, 5, 6, 7, 8, 9, 10]
12: [1, 2, 3, 4, 5, 6, 7, 8, 9, 10, 11]
13: [1, 2, 3, 4, 5, 6, 7, 8, 9, 10, 11, 12]
14: [1, 2, 3, 4, 5, 6, 7, 8, 9, 10, 11, 12, 13]
15: [1, 2, 3, 4, 5, 6, 7, 8, 9, 10, 11, 12, 13, 14]
16: [1, 2, 3, 4, 5, 6, 7, 8, 9, 10, 11, 12, 13, 14, 15]
18: [17]
19: [17, 18]
20: [17, 18, 19]
21: [17, 18, 19, 20]
22: [17, 18, 19, 20, 21]
23: [17, 18, 19, 20, 21, 22]
24: [17, 18, 19, 20, 21, 22, 23]
25: [17, 18, 19, 20, 21, 22, 23, 24]
26: [17, 18, 19, 20, 21, 22, 23, 24, 25]
27: [17, 18, 19, 20, 21, 22, 23, 24, 25, 26]
28: [17, 18, 19, 20, 21, 22, 23, 24, 25, 26, 27]
29: [17, 18, 19, 20, 21, 22, 23, 24, 25, 26, 27, 28]
30: [17, 18, 19, 20, 21, 22, 23, 24, 25, 26, 27, 28, 29]
31: [17, 18, 19, 20, 21, 22, 23, 24, 25, 26, 27, 28, 29, 30]
32: [17, 18, 19, 20, 21, 22, 23, 24, 25, 26, 27, 28, 29, 30, 31]
33: [1, 2, 3, 17, 18, 19, 20, 21, 22, 23, 24, 25, 26, 27, 28, 29, 30, 31, 32]
34: [1, 2, 3, 17, 18, 19, 20, 21, 22, 23, 24, 25, 26, 27, 28, 29, 30, 31, 32, 33]
35: [1, 2, 17, 18, 19, 20, 21, 22, 23, 24, 25, 26, 27, 28, 29, 30, 31, 32]
36: [1, 2, 3, 17, 18, 19, 20, 21, 22, 23, 24, 25, 26, 27, 28, 29, 30, 31, 32]
37: [1, 2, 3, 17, 18, 19, 20, 21, 22, 23, 24, 25, 26, 27, 28, 29, 30, 31, 32]
38: [1, 2, 3, 4, 5, 6, 7, 8, 9, 10, 11, 12, 13, 14, 15, 16, 17]
39: [1, 2, 3, 17, 18, 19, 20, 21, 22, 23, 24, 25, 26, 27, 28, 29, 30, 31, 32]
40: [1, 2, 3, 17, 18, 19, 20, 21, 22, 23, 24, 25, 26, 27, 28, 29, 30, 31, 32, 39]
41: [1, 2, 3, 17, 18, 19, 20, 21, 22, 23, 24, 25, 26, 27, 28, 29, 30, 31, 32, 39]
42: [1, 2, 17, 18, 19, 20, 21, 22, 23, 24, 25, 26, 27, 28, 29, 30, 31, 32, 35]
43: [1, 2, 17, 18, 19, 20, 21, 22, 23, 24, 25, 26, 27, 28, 29, 30, 31, 32, 37]
44: [1, 2, 17, 18, 19, 20, 21, 22, 23, 24, 25, 26, 27, 28, 29, 30, 31, 32, 37]
45: [1, 2, 3, 17, 18, 19, 20, 21, 22, 23, 24, 25, 26, 27, 28, 29, 30, 31, 32]
46: [1, 2, 3, 17, 18, 19, 20, 21, 22, 23, 24, 25, 26, 27, 28, 29, 30, 31, 32, 33, 34]
47: [1, 2, 3, 17, 18, 19, 20, 21, 22, 23, 24, 25, 26, 27, 28, 29, 30, 31, 32, 33, 34, 46]
48: [1, 2, 3, 11, 12, 13, 14, 15, 16, 17, 18, 19, 20, 21, 22, 23, 24, 25, 26, 27, 28, 29, 30, 31, 32, 33, 34, 36, 37, 39, 40, 41, 45, 46, 47]
49: [1, 2, 3, 17, 18, 19, 20, 21, 22, 23, 24, 25, 26, 27, 28, 29, 30, 31, 32, 48]
50: [1, 2, 3, 17, 18, 19, 20, 21, 22, 23, 24, 25, 26, 27, 28, 29, 30, 31, 32, 48, 49]
51: [1, 2, 3, 17, 18, 19, 20, 21, 22, 23, 24, 25, 26, 27, 28, 29, 30, 31, 32, 48, 49, 50]
52: [1, 2, 3, 17, 18, 19, 20, 21, 22, 23, 24, 25, 26, 27, 28, 29, 30, 31, 32, 45, 48]
53: [1, 2, 3, 17, 18, 19, 20, 21, 22, 23, 24, 25, 26, 27, 28, 29, 30, 31, 32, 45, 48, 52]
54: [1, 2, 3, 17, 18, 19, 20, 21, 22, 23, 24, 25, 26, 27, 28, 29, 30, 31, 32, 48]
55: [1, 2, 3, 17, 18, 19, 20, 21, 22, 23, 24, 25, 26, 27, 28, 29, 30, 31, 32, 48]
56: [1, 2, 3, 11, 12, 13, 14, 15, 16, 17, 18, 19, 20, 21, 22, 23, 24, 25, 26, 27, 28, 29, 30, 31, 32, 39, 40, 41, 48, 55]
57: [1, 2, 3, 17, 18, 19, 20, 21, 22, 23, 24, 25, 26, 27, 28, 29, 30, 31, 32, 39, 48, 56]
58: [1, 2, 3, 17, 18, 19, 20, 21, 22, 23, 24, 25, 26, 27, 28, 29, 30, 31, 32, 39, 40, 48, 56]
59: [1, 2, 3, 17, 18, 19, 20, 21, 22, 23, 24, 25, 26, 27, 28, 29, 30, 31, 32, 48]
60: [1, 2, 3, 17, 18, 19, 20, 21, 22, 23, 24, 25, 26, 27, 28, 29, 30, 31, 32, 48, 59]
61: [1, 2, 3, 17, 18, 19, 20, 21, 22, 23, 24, 25, 26, 27, 28, 29, 30, 31, 32, 48, 59, 60]
62: [1, 2, 3, 17, 18, 19, 20, 21, 22, 23, 24, 25, 26, 27, 28, 29, 30, 31, 32, 48]
63: [1, 2, 3, 5, 6, 7, 8, 9, 10, 16, 17, 18, 19, 20, 21, 22, 23, 24, 25, 26, 27, 28, 29, 30, 31, 32]
64: [1, 2, 3, 6, 7, 8, 9, 10, 16, 17, 18, 19, 20, 21, 22, 23, 24, 25, 26, 27, 28, 29, 30, 31, 32]
65: [1, 2, 3, 7, 8, 9, 10, 16, 17, 18, 19, 20, 21, 22, 23, 24, 25, 26, 27, 28, 29, 30, 31, 32]
66: [1, 2, 3, 8, 9, 10, 16, 17, 18, 19, 20, 21, 22, 23, 24, 25, 26, 27, 28, 29, 30, 31, 32]
67: [1, 2, 3, 9, 10, 16, 17, 18, 19, 20, 21, 22, 23, 24, 25, 26, 27, 28, 29, 30, 31, 32]
68: [1, 2, 3, 10, 16, 17, 18, 19, 20, 21, 22, 23, 24, 25, 26, 27, 28, 29, 30, 31, 32]
69: [1, 2, 3, 16, 17, 18, 19, 20, 21, 22, 23, 24, 25, 26, 27, 28, 29, 30, 31, 32]
70: [1, 2, 3, 17, 18, 19, 20, 21, 22, 23, 24, 25, 26, 27, 28, 29, 30, 31, 32]
71: [1, 2, 3, 4, 5, 6, 7, 8, 9, 10, 11, 12, 13, 14, 15, 16, 17, 19, 20, 21, 22, 23, 24, 25, 26]
72: [1, 2, 3, 4, 5, 6, 7, 8, 9, 10, 11, 12, 13, 14, 15, 16, 17, 20, 21, 22, 23, 24, 25, 26]
73: [1, 2, 3, 4, 5, 6, 7, 8, 9, 10, 11, 12, 13, 14, 15, 16, 17, 21, 22, 23, 24, 25, 26]
74: [1, 2, 3, 4, 5, 6, 7, 8, 9, 10, 11, 12, 13, 14, 15, 16, 17, 22, 23, 24, 25, 26]
75: [1, 2, 3, 4, 5, 6, 7, 8, 9, 10, 11, 12, 13, 14, 15, 16, 17, 23, 24, 25, 26, 27, 28, 29, 30, 31, 32, 38]
76: [1, 2, 3, 4, 5, 6, 7, 8, 9, 10, 11, 12, 13, 14, 15, 16, 17, 24, 25, 26, 27, 28, 29, 30, 31, 32, 38, 75]
77: [1, 2, 3, 4, 5, 6, 7, 8, 9, 10, 11, 12, 13, 14, 15, 16, 17, 25, 26, 27, 28, 29, 30, 31, 32, 38, 75, 76]
78: [1, 2, 3, 4, 5, 6, 7, 8, 9, 10, 11, 12, 13, 14, 15, 16, 17, 26, 27, 28, 29, 30, 31, 32, 38, 75, 76, 77]
79: [1, 2, 3, 4, 5, 6, 7, 8, 9, 10, 11, 12, 13, 14, 15, 16, 17, 27, 28, 29, 30, 31, 32, 38, 75, 76, 77, 78]
80: [1, 2, 3, 4, 5, 6, 7, 8, 9, 10, 11, 12, 13, 14, 15, 16, 17, 27, 28, 29, 30, 31, 32, 38, 75, 76, 77, 78, 79]
81: [1, 2, 3, 11, 12, 13, 14, 15, 16, 17, 18, 19, 20, 21, 22, 23, 24, 25, 26, 27, 28, 29, 30, 31, 32, 33, 34, 36, 37, 39, 40, 41, 45, 46, 47, 48, 49, 50, 51, 52, 53, 54, 55, 56, 57, 58, 59, 60, 61, 62]
82: [1, 2, 3, 17, 18, 19, 20, 21, 22, 23, 24, 25, 26, 27, 28, 29, 30, 31, 32, 81]
83: [1, 2, 3, 17, 18, 19, 20, 21, 22, 23, 24, 25, 26, 27, 28, 29, 30, 31, 32, 81, 82]
84: [1, 2, 3, 17, 18, 19, 20, 21, 22, 23, 24, 25, 26, 27, 28, 29, 30, 31, 32, 81]
85: [1, 2, 3, 17, 18, 19, 20, 21, 22, 23, 24, 25, 26, 27, 28, 29, 30, 31, 32, 81]
86: [1, 2, 3, 17, 18, 19, 20, 21, 22, 23, 24, 25, 26, 27, 28, 29, 30, 31, 32, 81]
87: [1, 2, 3, 17, 18, 19, 20, 21, 22, 23, 24, 25, 26, 27, 28, 29, 30, 31, 32, 81, 86]
88: [1, 2, 3, 17, 18, 19, 20, 21, 22, 23, 24, 25, 26, 27, 28, 29, 30, 31, 32, 81]
89: [1, 2, 3, 17, 18, 19, 20, 21, 22, 23, 24, 25, 26, 27, 28, 29, 30, 31, 32, 81]
90: [1, 2, 3, 11, 12, 13, 14, 15, 16, 17, 18, 19, 20, 21, 22, 23, 24, 25, 26, 27, 28, 29, 30, 31, 32, 33, 34, 36, 37, 39, 40, 41, 45, 46, 47, 48, 49, 50, 51, 52, 53, 54, 55, 56, 57, 58, 59, 60, 61, 62, 81]
92: [1, 2, 3, 4, 5, 6, 7, 8, 9, 10, 11, 12, 13, 14, 15, 16, 17, 27, 28, 29, 30, 31, 32, 38, 75, 76, 77, 78, 79, 80]
93: [1, 2, 3, 4, 5, 6, 7, 8, 9, 10, 11, 12, 13, 14, 15, 16, 17, 38, 75, 76, 77, 78, 79, 80, 92]
94: [1, 2, 3, 4, 5, 6, 7, 8, 9, 10, 11, 12, 13, 14, 15, 16, 17, 38, 75, 76, 77, 78, 79, 80, 92, 93]
95: [1, 2, 3, 4, 5, 6, 7, 8, 9, 10, 11, 12, 13, 14, 15, 16, 17, 38, 75, 76, 77, 78, 79, 80, 92, 93, 94]
96: [1, 2, 3, 4, 5, 6, 7, 8, 9, 10, 11, 12, 13, 14, 15, 16, 17, 38, 75, 76, 77, 78, 79, 80, 92, 93]
97: [1, 2, 3, 17, 18, 19, 20, 21, 22, 23, 24, 25, 26, 27, 28, 29, 30, 31, 32, 48, 81, 90]
98: [1, 2, 3, 17, 18, 19, 20, 21, 22, 23, 24, 25, 26, 27, 28, 29, 30, 31, 32, 81, 90, 97]
100: [1, 2, 3, 17, 18, 19, 20, 21, 22, 23, 24, 25, 26, 27, 28, 29, 30, 31, 32, 33, 34, 46, 47, 48, 81, 90]
104: [1, 2, 3, 17, 18, 19, 20, 21, 22, 23, 24, 25, 26, 27, 28, 29, 30, 31, 32, 33, 34, 46, 47, 48, 81, 90, 100]
105: [1, 2, 3, 17, 18, 19, 20, 21, 22, 23, 24, 25, 26, 27, 28, 29, 30, 31, 32, 33, 34, 46, 47, 48, 81, 90, 100, 104]
106: [1, 2, 3, 17, 18, 19, 20, 21, 22, 23, 24, 25, 26, 27, 28, 29, 30, 31, 32, 33, 34, 46, 47, 48, 81, 90, 100, 104, 105]
110: [1, 2, 3, 17, 18, 19, 20, 21, 22, 23, 24, 25, 26, 27, 28, 29, 30, 31, 32, 33, 34, 46, 47, 48, 81, 90, 100, 104, 105, 106]
111: [1, 2, 3, 4, 5, 6, 7, 8, 9, 10, 11, 12, 13, 14, 15, 16, 17, 75, 76, 77, 78, 79, 80, 92, 93, 96]
112: [1, 2, 3, 4, 5, 6, 7, 8, 9, 10, 11, 12, 13, 14, 15, 16, 17, 75, 76, 77, 78, 79, 80, 92, 93, 96, 111]
113: [1, 2, 3, 4, 5, 6, 7, 8, 9, 10, 11, 12, 13, 14, 15, 16, 17, 75, 76, 77, 78, 79, 80, 92, 93, 96, 111, 112]
114: [1, 2, 3, 4, 5, 6, 7, 8, 9, 10, 11, 12, 13, 14, 15, 16, 17, 75, 76, 77, 78, 79, 80, 92, 93, 96, 111]
115: [1, 2, 3, 17, 18, 19, 20, 21, 22, 23, 24, 25, 26, 27, 28, 29, 30, 31, 32, 33, 46, 47, 48, 81, 90, 100, 104, 105, 106, 110]
119: [1, 2, 3, 17, 18, 19, 20, 21, 22, 23, 24, 25, 26, 27, 28, 29, 30, 31, 32, 33, 46, 47, 48, 81, 90, 100, 104, 105, 106]
122: [1, 2, 3, 4, 5, 6, 7, 8, 9, 10, 11, 12, 13, 14, 15, 16, 17, 75, 76, 77, 78, 79, 80, 92, 93, 96, 111, 114]
124: [1, 2, 3, 4, 5, 6, 7, 8, 9, 10, 11, 12, 13, 14, 15, 16, 17, 75, 76, 77, 78, 79, 80, 92, 93, 96, 111, 114, 122]
125: [1, 2, 3, 4, 5, 6, 7, 8, 9, 10, 11, 12, 13, 14, 15, 16, 17, 75, 76, 77, 78, 79, 80, 92, 93, 96, 111, 114, 122]
126: [1, 2, 3, 4, 5, 6, 7, 8, 9, 10, 11, 12, 13, 14, 15, 16, 17, 75, 76, 77, 78, 79, 80, 92, 93, 96, 111, 114, 122]
127: [1, 2, 3, 4, 5, 6, 7, 8, 9, 10, 11, 12, 13, 14, 15, 16, 17, 75, 76, 77, 78, 79, 80, 92, 93, 96, 111, 114, 122]
128: [1, 2, 3, 4, 5, 6, 7, 8, 9, 10, 11, 12, 13, 14, 15, 16, 17, 75, 76, 77, 78, 79, 80, 92, 93, 96, 111, 114, 122, 127]
129: [1, 2, 3, 4, 5, 6, 7, 8, 9, 10, 11, 12, 13, 14, 15, 16, 17, 75, 76, 77, 78, 79, 80, 92, 93, 96, 111, 114, 122, 127, 128]
131: [1, 2, 3, 17, 18, 19, 20, 21, 22, 23, 24, 25, 26, 27, 28, 29, 30, 31, 32, 33, 34, 46, 47, 48, 81, 90, 100, 104, 105, 106, 110]
132: [1, 2, 3, 4, 5, 6, 7, 8, 9, 10, 11, 12, 13, 14, 15, 16, 17, 75, 76, 77, 78, 79, 80, 92, 93, 96, 111, 114, 122, 128]
133: [1, 2, 3, 4, 5, 6, 7, 8, 9, 10, 11, 12, 13, 14, 15, 16, 17, 75, 76, 77, 78, 79, 80, 92, 93, 96, 111, 114, 122]
135: [1, 2, 3, 4, 5, 6, 7, 8, 9, 10, 11, 12, 13, 14, 15, 16, 17, 38, 75, 76, 77, 78, 79, 80, 92]
136: [1, 2, 3, 4, 5, 6, 7, 8, 9, 10, 11, 12, 13, 14, 15, 16, 17, 38, 75, 76, 77, 78, 79, 80, 92]
137: [1, 2, 3, 4, 5, 6, 7, 8, 9, 10, 11, 12, 13, 14, 15, 16, 17, 38, 75, 76, 77, 78, 79, 80, 92, 136]
138: [1, 2, 3, 4, 5, 6, 7, 8, 9, 10, 11, 12, 13, 14, 15, 16, 17, 38, 75, 76, 77, 78, 79, 80, 92, 136]
139: [1, 2, 3, 4, 5, 6, 7, 8, 9, 10, 11, 12, 13, 14, 15, 16, 17, 38, 75, 76, 77, 78, 79, 80, 92]
140: [1, 2, 3, 4, 5, 6, 7, 8, 9, 10, 11, 12, 13, 14, 15, 16, 17, 38, 75, 76, 77, 78, 79, 80, 92]
141: [1, 2, 3, 17, 18, 19, 20, 21, 22, 23, 24, 25, 26, 27, 28, 29, 30, 31, 32, 48, 81, 90]
142: [1, 2, 3, 4, 5, 6, 7, 8, 9, 10, 11, 12, 13, 14, 15, 16, 17, 38, 75, 76, 77, 78, 79, 80, 92, 140]
143: [1, 2, 3, 4, 5, 6, 7, 8, 9, 10, 11, 12, 13, 14, 15, 16, 17, 38, 75, 76, 77, 78, 79, 80, 92]
144: [1, 2, 3, 4, 5, 6, 7, 8, 9, 10, 11, 12, 13, 14, 15, 16, 17, 27, 28, 29, 30, 31, 32, 38, 75, 76, 77, 78, 79, 80, 92, 143]
145: [1, 2, 3, 4, 5, 6, 7, 8, 9, 10, 11, 12, 13, 14, 15, 16, 17, 27, 28, 29, 30, 31, 32, 38, 75, 76, 77, 78, 79, 80, 92, 144]
146: [1, 2, 3, 4, 5, 6, 7, 8, 9, 10, 11, 12, 13, 14, 15, 16, 17, 75, 76, 77, 78, 79, 80, 92, 144, 145]
147: [1, 2, 3, 4, 5, 6, 7, 8, 9, 10, 11, 12, 13, 14, 15, 16, 17, 75, 76, 77, 78, 79, 80, 92, 144, 145]
148: [1, 2, 3, 4, 5, 6, 7, 8, 9, 10, 11, 12, 13, 14, 15, 16, 17, 75, 76, 77, 78, 79, 80, 92, 144, 145, 147]
149: [1, 2, 3, 4, 5, 6, 7, 8, 9, 10, 11, 12, 13, 14, 15, 16, 17, 75, 76, 77, 78, 79, 80, 92, 144, 145]
150: [1, 2, 3, 4, 5, 6, 7, 8, 9, 10, 11, 12, 13, 14, 15, 16, 17, 75, 76, 77, 78, 79, 80, 92, 144, 145]
151: [1, 2, 3, 4, 5, 6, 7, 8, 9, 10, 11, 12, 13, 14, 15, 16, 17, 75, 76, 77, 78, 79, 80, 92, 144, 145, 150]
152: [1, 2, 3, 4, 5, 6, 7, 8, 9, 10, 11, 12, 13, 14, 15, 16, 17, 75, 76, 77, 78, 79, 80, 92, 144, 145]
153: [1, 2, 3, 17, 18, 19, 20, 21, 22, 23, 24, 25, 26, 27, 28, 29, 30, 31, 32, 48, 81, 90]
154: [1, 2, 3, 4, 5, 6, 7, 8, 9, 10, 11, 12, 13, 14, 15, 16, 17, 75, 76, 77, 78, 79, 80, 92, 144, 145, 152]
155: [1, 2, 3, 4, 5, 6, 7, 8, 9, 10, 11, 12, 13, 14, 15, 16, 17, 75, 76, 77, 78, 79, 80, 92, 144, 145]
156: [1, 2, 3, 11, 12, 13, 14, 15, 16, 17, 18, 19, 20, 21, 22, 23, 24, 25, 26, 27, 28, 29, 30, 31, 32, 36, 37, 39, 40, 41, 45, 48, 49, 50, 51, 52, 53, 54, 55, 56, 57, 58, 59, 60, 61, 62, 81, 90]
157: [1, 2, 3, 4, 5, 6, 7, 8, 9, 10, 11, 12, 13, 14, 15, 16, 17, 75, 76, 77, 78, 79, 80, 92, 144, 145]
158: [1, 2, 3, 4, 5, 6, 7, 8, 9, 10, 11, 12, 13, 14, 15, 16, 17, 75, 76, 77, 78, 79, 80, 92, 144, 145, 157]
159: [1, 2, 3, 4, 5, 6, 7, 8, 9, 10, 11, 12, 13, 14, 15, 16, 17, 75, 76, 77, 78, 79, 80, 92, 144, 145]
160: [1, 2, 3, 4, 5, 6, 7, 8, 9, 10, 11, 12, 13, 14, 15, 16, 17, 75, 76, 77, 78, 79, 80, 92, 144, 145]
161: [1, 2, 3, 4, 5, 6, 7, 8, 9, 10, 11, 12, 13, 14, 15, 16, 17, 75, 76, 77, 78, 79, 80, 92, 144, 145, 160]
162: [1, 2, 3, 4, 5, 6, 7, 8, 9, 10, 11, 12, 13, 14, 15, 16, 17, 75, 76, 77, 78, 79, 80, 92, 144, 145]
163: [1, 2, 3, 4, 5, 6, 7, 8, 9, 10, 11, 12, 13, 14, 15, 16, 17, 75, 76, 77, 78, 79, 80, 92, 144, 145]
164: [1, 2, 3, 4, 5, 6, 7, 8, 9, 10, 11, 12, 13, 14, 15, 16, 17, 75, 76, 77, 78, 79, 80, 92, 144, 145, 163]
165: [1, 2, 3, 4, 5, 6, 7, 8, 9, 10, 11, 12, 13, 14, 15, 16, 17, 75, 76, 77, 78, 79, 80, 92, 144, 145]
166: [1, 2, 3, 4, 5, 6, 7, 8, 9, 10, 11, 12, 13, 14, 15, 16, 17, 75, 76, 77, 78, 79, 80, 92, 144, 145]
167: [1, 2, 3, 4, 5, 6, 7, 8, 9, 10, 11, 12, 13, 14, 15, 16, 17, 75, 76, 77, 78, 79, 80, 92, 144, 145, 166]
168: [1, 2, 3, 4, 5, 6, 7, 8, 9, 10, 11, 12, 13, 14, 15, 16, 17, 75, 76, 77, 78, 79, 80, 92, 144, 145]
169: [1, 2, 3, 17, 18, 19, 20, 21, 22, 23, 24, 25, 26, 27, 28, 29, 30, 31, 32, 48, 81, 90, 156]
170: [1, 2, 3, 4, 5, 6, 7, 8, 9, 10, 11, 12, 13, 14, 15, 16, 17, 75, 76, 77, 78, 79, 80, 92, 144, 145]
171: [1, 2, 3, 4, 5, 6, 7, 8, 9, 10, 11, 12, 13, 14, 15, 16, 17, 75, 76, 77, 78, 79, 80, 92, 144, 145]
172: [1, 2, 3, 4, 5, 6, 7, 8, 9, 10, 11, 12, 13, 14, 15, 16, 17, 75, 76, 77, 78, 79, 80, 92, 144, 145, 171]
173: [1, 2, 3, 4, 5, 6, 7, 8, 9, 10, 11, 12, 13, 14, 15, 16, 17, 75, 76, 77, 78, 79, 80, 92, 144, 145]
174: [1, 2, 3, 4, 5, 6, 7, 8, 9, 10, 11, 12, 13, 14, 15, 16, 17, 75, 76, 77, 78, 79, 80, 92, 144, 145, 173]
175: [1, 2, 3, 4, 5, 6, 7, 8, 9, 10, 11, 12, 13, 14, 15, 16, 17, 75, 76, 77, 78, 79, 80, 92, 144, 145, 173]
176: [1, 2, 3, 4, 5, 6, 7, 8, 9, 10, 11, 12, 13, 14, 15, 16, 17, 75, 76, 77, 78, 79, 80, 92, 144, 145]
178: [1, 2, 3, 17, 18, 19, 20, 21, 22, 23, 24, 25, 26, 27, 28, 29, 30, 31, 32, 36, 48, 81, 90, 156]
179: [1, 2, 3, 17, 18, 19, 20, 21, 22, 23, 24, 25, 26, 27, 28, 29, 30, 31, 32, 48, 49, 50, 51, 81, 90, 156]
184: [1, 2, 3, 17, 18, 19, 20, 21, 22, 23, 24, 25, 26, 27, 28, 29, 30, 31, 32, 48, 49, 50, 81, 90, 156, 179]
185: [1, 2, 3, 17, 18, 19, 20, 21, 22, 23, 24, 25, 26, 27, 28, 29, 30, 31, 32, 48, 49, 50, 81, 90, 156, 179, 184]
186: [1, 2, 3, 17, 18, 19, 20, 21, 22, 23, 24, 25, 26, 27, 28, 29, 30, 31, 32, 48, 49, 50, 81, 90, 156, 179, 184, 185]
187: [1, 2, 3, 17, 18, 19, 20, 21, 22, 23, 24, 25, 26, 27, 28, 29, 30, 31, 32, 48, 49, 50, 81, 90, 156, 179, 184, 185, 186]
188: [1, 2, 3, 17, 18, 19, 20, 21, 22, 23, 24, 25, 26, 27, 28, 29, 30, 31, 32, 48, 49, 50, 81, 90, 156, 179, 185, 186, 187]
189: [1, 2, 3, 4, 5, 6, 7, 8, 9, 10, 11, 12, 13, 14, 15, 16, 17, 75, 76, 77, 78, 79, 80, 92, 144, 145]
190: [1, 2, 3, 4, 5, 6, 7, 8, 9, 10, 11, 12, 13, 14, 15, 16, 17, 75, 76, 77, 78, 79, 80, 92, 144, 145, 189]
191: [1, 2, 3, 4, 5, 6, 7, 8, 9, 10, 11, 12, 13, 14, 15, 16, 17, 75, 76, 77, 78, 79, 80, 92, 144, 145, 190]
192: [1, 2, 3, 4, 5, 6, 7, 8, 9, 10, 11, 12, 13, 14, 15, 16, 17, 75, 76, 77, 78, 79, 80, 92, 144, 145, 190, 191]
193: [1, 2, 3, 4, 5, 6, 7, 8, 9, 10, 11, 12, 13, 14, 15, 16, 17, 75, 76, 77, 78, 79, 80, 92, 144, 145, 190, 192]
194: [1, 2, 3, 4, 5, 6, 7, 8, 9, 10, 11, 12, 13, 14, 15, 16, 17, 75, 76, 77, 78, 79, 80, 92, 144, 145, 190, 192, 193]
195: [1, 2, 3, 4, 5, 6, 7, 8, 9, 10, 11, 12, 13, 14, 15, 16, 17, 75, 76, 77, 78, 79, 80, 92, 144, 145, 190, 192, 194]
196: [1, 2, 3, 4, 5, 6, 7, 8, 9, 10, 11, 12, 13, 14, 15, 16, 17, 75, 76, 77, 78, 79, 80, 92, 144, 145, 190, 192, 194, 195]
197: [1, 2, 3, 4, 5, 6, 7, 8, 9, 10, 11, 12, 13, 14, 15, 16, 17, 75, 76, 77, 78, 79, 80, 92, 144, 145, 190, 192, 194, 195]
198: [1, 2, 3, 4, 5, 6, 7, 8, 9, 10, 11, 12, 13, 14, 15, 16, 17, 75, 76, 77, 78, 79, 80, 92, 144, 145, 190, 194, 195]
199: [1, 2, 3, 4, 5, 6, 7, 8, 9, 10, 11, 12, 13, 14, 15, 16, 17, 75, 76, 77, 78, 79, 80, 92, 144, 145, 190, 194, 195]
200: [1, 2, 3, 4, 5, 6, 7, 8, 9, 10, 11, 12, 13, 14, 15, 16, 17, 75, 76, 77, 78, 79, 80, 92, 144, 145, 190, 194, 195, 199]
201: [1, 2, 3, 4, 5, 6, 7, 8, 9, 10, 11, 12, 13, 14, 15, 16, 17, 75, 76, 77, 78, 79, 80, 92, 144, 145, 194, 195, 199]
202: [1, 2, 3, 4, 5, 6, 7, 8, 9, 10, 11, 12, 13, 14, 15, 16, 17, 75, 76, 77, 78, 79, 80, 92, 144, 145, 194, 195, 199]
203: [1, 2, 3, 17, 18, 19, 20, 21, 22, 23, 24, 25, 26, 27, 28, 29, 30, 31, 32, 48, 49, 50, 81, 90, 156, 179, 187, 188]
204: [1, 2, 3, 4, 5, 6, 7, 8, 9, 10, 11, 12, 13, 14, 15, 16, 17, 75, 76, 77, 78, 79, 80, 92, 144, 145, 194, 195, 199, 202]
205: [1, 2, 3, 17, 18, 19, 20, 21, 22, 23, 24, 25, 26, 27, 28, 29, 30, 31, 32, 48, 49, 50, 81, 90, 156, 179, 187, 188]
206: [1, 2, 3, 4, 5, 6, 7, 8, 9, 10, 11, 12, 13, 14, 15, 16, 17, 75, 76, 77, 78, 79, 80, 92, 144, 145, 194, 195, 199]
207: [1, 2, 3, 4, 5, 6, 7, 8, 9, 10, 11, 12, 13, 14, 15, 16, 17, 75, 76, 77, 78, 79, 80, 92, 144, 145, 195, 199]
208: [1, 2, 3, 17, 18, 19, 20, 21, 22, 23, 24, 25, 26, 27, 28, 29, 30, 31, 32, 48, 49, 50, 81, 90, 156, 179, 187, 188]
211: [1, 2, 3, 17, 18, 19, 20, 21, 22, 23, 24, 25, 26, 27, 28, 29, 30, 31, 32, 48, 49, 50, 81, 90, 156, 179]
213: [1, 2, 3, 17, 18, 19, 20, 21, 22, 23, 24, 25, 26, 27, 28, 29, 30, 31, 32, 48, 49, 50, 81, 90, 156, 179, 187, 188]
214: [1, 2, 3, 17, 18, 19, 20, 21, 22, 23, 24, 25, 26, 27, 28, 29, 30, 31, 32, 48, 49, 50, 81, 90, 156, 179, 187, 188, 213]
215: [1, 2, 3, 17, 18, 19, 20, 21, 22, 23, 24, 25, 26, 27, 28, 29, 30, 31, 32, 48, 49, 50, 81, 90, 156, 179, 187, 188]
216: [1, 2, 3, 17, 18, 19, 20, 21, 22, 23, 24, 25, 26, 27, 28, 29, 30, 31, 32, 48, 49, 50, 81, 90, 156, 179, 187, 215]
217: [1, 2, 3, 17, 18, 19, 20, 21, 22, 23, 24, 25, 26, 27, 28, 29, 30, 31, 32, 48, 49, 50, 81, 90, 156, 179, 187]
218: [1, 2, 3, 17, 18, 19, 20, 21, 22, 23, 24, 25, 26, 27, 28, 29, 30, 31, 32, 48, 49, 50, 51, 81, 90, 156, 179, 187]
219: [1, 2, 3, 17, 18, 19, 20, 21, 22, 23, 24, 25, 26, 27, 28, 29, 30, 31, 32, 48, 49, 50, 81, 90, 156, 179, 187, 218]
220: [1, 2, 3, 17, 18, 19, 20, 21, 22, 23, 24, 25, 26, 27, 28, 29, 30, 31, 32, 48, 49, 50, 81, 90, 156, 179, 187, 218, 219]
221: [1, 2, 3, 17, 18, 19, 20, 21, 22, 23, 24, 25, 26, 27, 28, 29, 30, 31, 32, 48, 49, 50, 81, 90, 156, 179, 187, 218, 219, 220]
222: [1, 2, 3, 17, 18, 19, 20, 21, 22, 23, 24, 25, 26, 27, 28, 29, 30, 31, 32, 48, 49, 50, 51, 81, 90, 156, 179, 187, 218, 220, 221]
223: [1, 2, 3, 17, 18, 19, 20, 21, 22, 23, 24, 25, 26, 27, 28, 29, 30, 31, 32, 48, 49, 50, 51, 81, 90, 156, 179, 187, 218, 221, 222]
224: [1, 2, 3, 17, 18, 19, 20, 21, 22, 23, 24, 25, 26, 27, 28, 29, 30, 31, 32, 48, 49, 50, 51, 81, 90, 156, 179, 218, 222, 223]
228: [1, 2, 3, 17, 18, 19, 20, 21, 22, 23, 24, 25, 26, 27, 28, 29, 30, 31, 32, 48, 49, 50, 51, 81, 90, 156, 179, 218, 222, 223, 224]
229: [1, 2, 3, 17, 18, 19, 20, 21, 22, 23, 24, 25, 26, 27, 28, 29, 30, 31, 32, 36, 48, 81, 90, 156]
230: [1, 2, 3, 4, 5, 6, 7, 8, 9, 10, 11, 12, 13, 14, 15, 16, 17, 75, 76, 77, 78, 79, 80, 92, 144, 145]
231: [1, 2, 3, 17, 18, 19, 20, 21, 22, 23, 24, 25, 26, 27, 28, 29, 30, 31, 32, 48, 81, 90, 156]
232: [1, 2, 3, 4, 5, 6, 7, 8, 9, 10, 11, 12, 13, 14, 15, 16, 17, 75, 76, 77, 78, 79, 80, 92, 144, 145, 230]
233: [1, 2, 3, 4, 5, 6, 7, 8, 9, 10, 11, 12, 13, 14, 15, 16, 17, 75, 76, 77, 78, 79, 80, 92, 144, 145]
234: [1, 2, 3, 4, 5, 6, 7, 8, 9, 10, 11, 12, 13, 14, 15, 16, 17, 75, 76, 77, 78, 79, 80, 92, 144, 145, 233]
235: [1, 2, 3, 4, 5, 6, 7, 8, 9, 10, 11, 12, 13, 14, 15, 16, 17, 75, 76, 77, 78, 79, 80, 92, 144, 145]
236: [1, 2, 3, 11, 12, 17, 18, 19, 20, 21, 22, 23, 24, 25, 26, 27, 28, 29, 30, 31, 32, 48, 81, 90, 156]
238: [1, 2, 3, 11, 12, 13, 14, 17, 18, 19, 20, 21, 22, 23, 24, 25, 26, 27, 28, 29, 30, 31, 32, 48, 81, 90, 156]
239: [1, 2, 3, 11, 12, 13, 14, 17, 18, 19, 20, 21, 22, 23, 24, 25, 26, 27, 28, 29, 30, 31, 32, 48, 81, 90, 156]
240: [1, 2, 3, 11, 12, 13, 14, 17, 18, 19, 20, 21, 22, 23, 24, 25, 26, 27, 28, 29, 30, 31, 32, 48, 81, 90, 156]
241: [1, 2, 3, 4, 5, 6, 7, 8, 9, 10, 11, 12, 13, 14, 15, 16, 17, 75, 76, 77, 78, 79, 80, 92, 144, 145]
242: [1, 2, 3, 4, 5, 6, 7, 8, 9, 10, 11, 12, 13, 14, 15, 16, 17, 75, 76, 77, 78, 79, 80, 92, 144, 145, 241]
243: [1, 2, 3, 4, 5, 6, 7, 8, 9, 10, 11, 12, 13, 14, 15, 16, 17, 75, 76, 77, 78, 79, 80, 92, 144, 145]
244: [1, 2, 3, 17, 18, 19, 20, 21, 22, 23, 24, 25, 26, 27, 28, 29, 30, 31, 32, 48, 81, 90, 156]
245: [1, 2, 3, 17, 18, 19, 20, 21, 22, 23, 24, 25, 26, 27, 28, 29, 30, 31, 32, 48, 81, 90, 156, 244]
246: [1, 2, 3, 4, 5, 6, 7, 8, 9, 10, 11, 12, 13, 14, 15, 16, 17, 75, 76, 77, 78, 79, 92, 144, 145]
247: [1, 2, 3, 4, 5, 6, 7, 8, 9, 10, 11, 12, 13, 14, 15, 16, 17, 75, 76, 77, 78, 79, 92, 144, 145, 246]
248: [1, 2, 3, 17, 18, 19, 20, 21, 22, 23, 24, 25, 26, 27, 28, 29, 30, 31, 32, 48, 54, 81, 90, 156]
250: [1, 2, 3, 17, 18, 19, 20, 21, 22, 23, 24, 25, 26, 27, 28, 29, 30, 31, 32, 48, 54, 81, 90, 156, 248]
252: [1, 2, 3, 17, 18, 19, 20, 21, 22, 23, 24, 25, 26, 27, 28, 29, 30, 31, 32, 48, 54, 81, 90, 156, 248, 250]
253: [1, 2, 3, 4, 5, 6, 7, 8, 9, 10, 11, 12, 13, 14, 15, 16, 17, 75, 76, 77, 78, 79, 92, 144, 145, 246, 247]
254: [1, 2, 3, 4, 5, 6, 7, 8, 9, 10, 11, 12, 13, 14, 15, 16, 17, 75, 76, 77, 78, 79, 92, 144, 145, 246, 247, 253]
255: [1, 2, 3, 4, 5, 6, 7, 8, 9, 10, 11, 12, 13, 14, 15, 16, 17, 75, 76, 77, 78, 79, 92, 144, 145, 246, 247, 253, 254]
256: [1, 2, 3, 4, 5, 6, 7, 8, 9, 10, 11, 12, 13, 14, 15, 16, 17, 75, 76, 77, 78, 79, 92, 144, 145, 246, 247, 253]
257: [1, 2, 3, 4, 5, 6, 7, 8, 9, 10, 11, 12, 13, 14, 15, 16, 17, 75, 76, 77, 78, 79, 92, 144, 145, 246, 247, 253]
258: [1, 2, 3, 4, 5, 6, 7, 8, 9, 10, 11, 12, 13, 14, 15, 16, 17, 75, 76, 77, 78, 79, 92, 144, 145, 246, 247, 253, 257]
259: [1, 2, 3, 4, 5, 6, 7, 8, 9, 10, 11, 12, 13, 14, 15, 16, 17, 75, 76, 77, 78, 79, 92, 144, 145, 246, 247, 253]
260: [1, 2, 3, 4, 5, 6, 7, 8, 9, 10, 11, 12, 13, 14, 15, 16, 17, 75, 76, 77, 78, 79, 92, 144, 145, 246, 247, 253, 259]
261: [1, 2, 3, 4, 5, 6, 7, 8, 9, 10, 11, 12, 13, 14, 15, 16, 17, 75, 76, 77, 78, 79, 92, 144, 145, 246, 247, 259]
262: [1, 2, 3, 4, 5, 6, 7, 8, 9, 10, 11, 12, 13, 14, 15, 16, 17, 75, 76, 77, 78, 79, 92, 144, 145, 246, 247, 259]
263: [1, 2, 3, 4, 5, 6, 7, 8, 9, 10, 11, 12, 13, 14, 15, 16, 17, 75, 76, 77, 78, 79, 92, 144, 145, 246, 247]
264: [1, 2, 3, 4, 5, 6, 7, 8, 9, 10, 11, 12, 13, 14, 15, 16, 17, 75, 76, 77, 78, 79, 92, 144, 145, 246, 247, 263]
265: [1, 2, 3, 4, 5, 6, 7, 8, 9, 10, 11, 12, 13, 14, 15, 16, 17, 75, 76, 77, 78, 79, 92, 144, 145, 246, 247, 263]
266: [1, 2, 3, 4, 5, 6, 7, 8, 9, 10, 11, 12, 13, 14, 15, 16, 17, 75, 76, 77, 78, 79, 92, 144, 145, 246, 247, 263]
267: [1, 2, 3, 4, 5, 6, 7, 8, 9, 10, 11, 12, 13, 14, 15, 16, 17, 75, 76, 77, 78, 79, 92, 144, 145, 246, 247]
268: [1, 2, 3, 4, 5, 6, 7, 8, 9, 10, 11, 12, 13, 14, 15, 16, 17, 75, 76, 77, 78, 79, 92, 144, 145, 246, 247]
270: [1, 2, 3, 17, 18, 19, 20, 21, 22, 23, 24, 25, 26, 27, 28, 29, 30, 31, 32, 48, 54, 81, 90, 156, 248, 250]
271: [1, 2, 3, 17, 18, 19, 20, 21, 22, 23, 24, 25, 26, 27, 28, 29, 30, 31, 32, 48, 81, 90, 156]
272: [1, 2, 3, 17, 18, 19, 20, 21, 22, 23, 24, 25, 26, 27, 28, 29, 30, 31, 32, 48, 81, 90, 156]
273: [1, 2, 3, 17, 18, 19, 20, 21, 22, 23, 24, 25, 26, 27, 28, 29, 30, 31, 32, 48, 56, 81, 90, 156]
274: [1, 2, 3, 17, 18, 19, 20, 21, 22, 23, 24, 25, 26, 27, 28, 29, 30, 31, 32, 48, 81, 90, 156, 273]
276: [1, 2, 3, 17, 18, 19, 20, 21, 22, 23, 24, 25, 26, 27, 28, 29, 30, 31, 32, 48, 55, 56, 81, 90, 156, 273]
277: [1, 2, 3, 17, 18, 19, 20, 21, 22, 23, 24, 25, 26, 27, 28, 29, 30, 31, 32, 48, 56, 81, 90, 156, 276]
278: [1, 2, 3, 17, 18, 19, 20, 21, 22, 23, 24, 25, 26, 27, 28, 29, 30, 31, 32, 48, 56, 81, 90, 156, 276]
279: [1, 2, 3, 17, 18, 19, 20, 21, 22, 23, 24, 25, 26, 27, 28, 29, 30, 31, 32, 48, 56, 81, 90, 156, 276, 278]
280: [1, 2, 3, 17, 18, 19, 20, 21, 22, 23, 24, 25, 26, 27, 28, 29, 30, 31, 32, 48, 55, 56, 81, 90, 156, 276, 278, 279]
283: [1, 2, 3, 17, 18, 19, 20, 21, 22, 23, 24, 25, 26, 27, 28, 29, 30, 31, 32, 48, 56, 81, 90, 156, 276, 280]
284: [1, 2, 3, 17, 18, 19, 20, 21, 22, 23, 24, 25, 26, 27, 28, 29, 30, 31, 32, 48, 56, 81, 90, 156, 276, 280, 283]
285: [1, 2, 3, 17, 18, 19, 20, 21, 22, 23, 24, 25, 26, 27, 28, 29, 30, 31, 32, 48, 56, 81, 90, 156, 276, 280, 283, 284]
286: [1, 2, 3, 17, 18, 19, 20, 21, 22, 23, 24, 25, 26, 27, 28, 29, 30, 31, 32, 48, 55, 56, 81, 90, 156, 276, 280, 283, 284, 285]
287: [1, 2, 3, 17, 18, 19, 20, 21, 22, 23, 24, 25, 26, 27, 28, 29, 30, 31, 32, 48, 55, 56, 81, 90, 156, 276, 280, 284, 285, 286]
288: [1, 2, 3, 17, 18, 19, 20, 21, 22, 23, 24, 25, 26, 27, 28, 29, 30, 31, 32, 48, 56, 81, 90, 156, 276, 280, 286, 287]
289: [1, 2, 3, 17, 18, 19, 20, 21, 22, 23, 24, 25, 26, 27, 28, 29, 30, 31, 32, 48, 56, 81, 90, 156, 276, 280, 286, 287, 288]
290: [1, 2, 3, 17, 18, 19, 20, 21, 22, 23, 24, 25, 26, 27, 28, 29, 30, 31, 32, 48, 56, 81, 90, 156, 276, 280]
291: [1, 2, 3, 17, 18, 19, 20, 21, 22, 23, 24, 25, 26, 27, 28, 29, 30, 31, 32, 48, 56, 81, 90, 156, 276, 280]
292: [1, 2, 3, 17, 18, 19, 20, 21, 22, 23, 24, 25, 26, 27, 28, 29, 30, 31, 32, 48, 56, 81, 90, 156, 276, 280]
293: [1, 2, 3, 17, 18, 19, 20, 21, 22, 23, 24, 25, 26, 27, 28, 29, 30, 31, 32, 48, 56, 81, 90, 156, 276, 280]
294: [1, 2, 3, 17, 18, 19, 20, 21, 22, 23, 24, 25, 26, 27, 28, 29, 30, 31, 32, 48, 56, 81, 90, 156, 276, 280, 293]
295: [1, 2, 3, 17, 18, 19, 20, 21, 22, 23, 24, 25, 26, 27, 28, 29, 30, 31, 32, 48, 56, 81, 90, 156, 276, 280]
296: [1, 2, 3, 17, 18, 19, 20, 21, 22, 23, 24, 25, 26, 27, 28, 29, 30, 31, 32, 48, 56, 81, 90, 156, 276, 280, 286, 287, 288]
297: [1, 2, 3, 17, 18, 19, 20, 21, 22, 23, 24, 25, 26, 27, 28, 29, 30, 31, 32, 48, 56, 81, 90, 156, 276, 280, 286, 287, 288, 296]
298: [1, 2, 3, 17, 18, 19, 20, 21, 22, 23, 24, 25, 26, 27, 28, 29, 30, 31, 32, 48, 56, 81, 90, 156, 276, 280, 286, 287, 288]
299: [1, 2, 3, 17, 18, 19, 20, 21, 22, 23, 24, 25, 26, 27, 28, 29, 30, 31, 32, 48, 56, 81, 90, 156, 276, 280, 286, 287, 298]
300: [1, 2, 3, 17, 18, 19, 20, 21, 22, 23, 24, 25, 26, 27, 28, 29, 30, 31, 32, 48, 56, 81, 90, 156, 276, 280, 286, 287]
301: [1, 2, 3, 17, 18, 19, 20, 21, 22, 23, 24, 25, 26, 27, 28, 29, 30, 31, 32, 48, 55, 56, 81, 90, 156, 276, 280, 286, 287]
302: [1, 2, 3, 17, 18, 19, 20, 21, 22, 23, 24, 25, 26, 27, 28, 29, 30, 31, 32, 48, 55, 56, 81, 90, 156, 276, 280, 286, 287, 301]
304: [1, 2, 3, 17, 18, 19, 20, 21, 22, 23, 24, 25, 26, 27, 28, 29, 30, 31, 32, 48, 55, 56, 81, 90, 156, 276, 280, 286, 287, 301]
306: [1, 2, 3, 4, 5, 6, 7, 8, 9, 10, 11, 12, 13, 14, 15, 16, 17, 75, 76, 77, 78, 79, 92, 145]
307: [1, 2, 3, 17, 18, 19, 20, 21, 22, 23, 24, 25, 26, 27, 28, 29, 30, 31, 32, 48, 55, 56, 81, 90, 156, 276, 280, 286, 287, 301, 304]
308: [1, 2, 3, 17, 18, 19, 20, 21, 22, 23, 24, 25, 26, 27, 28, 29, 30, 31, 32, 48, 55, 56, 81, 90, 156, 276, 280, 286, 287, 301, 304]
310: [1, 2, 3, 17, 18, 19, 20, 21, 22, 23, 24, 25, 26, 27, 28, 29, 30, 31, 32, 48, 55, 56, 81, 90, 156, 276, 280, 286, 287, 301, 304]
311: [1, 2, 3, 4, 5, 6, 7, 8, 9, 10, 11, 12, 13, 14, 15, 16, 17, 75, 76, 77, 78, 79, 92, 145]
313: [1, 2, 3, 4, 5, 6, 7, 8, 9, 10, 11, 12, 13, 14, 15, 16, 17, 75, 76, 77, 78, 79, 92, 145]
314: [1, 2, 3, 4, 5, 6, 7, 8, 9, 10, 11, 12, 13, 14, 15, 16, 17, 75, 76, 77, 78, 79, 92, 145, 313]
315: [1, 2, 3, 17, 18, 19, 20, 21, 22, 23, 24, 25, 26, 27, 28, 29, 30, 31, 32, 48, 56, 81, 90, 156]
316: [1, 2, 3, 17, 18, 19, 20, 21, 22, 23, 24, 25, 26, 27, 28, 29, 30, 31, 32, 48, 56, 81, 90, 156]
317: [1, 2, 3, 4, 5, 6, 7, 8, 9, 10, 11, 12, 13, 14, 15, 16, 17, 75, 76, 77, 78, 79, 92, 145, 313, 314]
318: [1, 2, 3, 4, 5, 6, 7, 8, 9, 10, 11, 12, 13, 14, 15, 16, 17, 75, 76, 77, 78, 79, 92, 145, 313]
319: [1, 2, 3, 4, 5, 6, 7, 8, 9, 10, 11, 12, 13, 14, 15, 16, 17, 75, 76, 77, 78, 79, 92, 145]
320: [1, 2, 3, 4, 5, 6, 7, 8, 9, 10, 11, 12, 13, 14, 15, 16, 17, 75, 76, 77, 78, 79, 92, 145]
321: [1, 2, 3, 4, 5, 6, 7, 8, 9, 10, 11, 12, 13, 14, 15, 16, 17, 75, 76, 77, 78, 79, 92, 145]
322: [1, 2, 3, 4, 5, 6, 7, 8, 9, 10, 11, 12, 13, 14, 15, 16, 17, 75, 76, 77, 78, 79, 92, 145, 321]
323: [1, 2, 3, 4, 5, 6, 7, 8, 9, 10, 11, 12, 13, 14, 15, 16, 17, 75, 76, 77, 78, 79, 92, 145]
324: [1, 2, 3, 4, 5, 6, 7, 8, 9, 10, 11, 12, 13, 14, 15, 16, 17, 75, 76, 77, 78, 79, 92, 145]
325: [1, 2, 3, 4, 5, 6, 7, 8, 9, 10, 11, 12, 13, 14, 15, 16, 17, 75, 76, 77, 78, 79, 92, 145]
326: [1, 2, 3, 4, 5, 6, 7, 8, 9, 10, 11, 12, 13, 14, 15, 16, 17, 75, 76, 77, 78, 79, 92, 145]
327: [1, 2, 3, 12, 13, 17, 18, 19, 20, 21, 22, 23, 24, 25, 26, 27, 28, 29, 30, 31, 32, 48, 56, 81, 90, 156]
328: [1, 2, 3, 4, 5, 6, 7, 8, 9, 10, 11, 12, 13, 14, 15, 16, 17, 75, 76, 77, 78, 79, 92, 145, 326]
329: [1, 2, 3, 12, 13, 17, 18, 19, 20, 21, 22, 23, 24, 25, 26, 27, 28, 29, 30, 31, 32, 48, 56, 81, 90, 156]
330: [1, 2, 3, 12, 13, 17, 18, 19, 20, 21, 22, 23, 24, 25, 26, 27, 28, 29, 30, 31, 32, 48, 56, 81, 90, 156, 329]
331: [1, 2, 3, 12, 13, 17, 18, 19, 20, 21, 22, 23, 24, 25, 26, 27, 28, 29, 30, 31, 32, 48, 56, 81, 90, 156, 329, 330]
332: [1, 2, 3, 11, 12, 13, 17, 18, 19, 20, 21, 22, 23, 24, 25, 26, 27, 28, 29, 30, 31, 32, 48, 56, 81, 90, 156, 329, 330, 331]
333: [1, 2, 3, 4, 5, 6, 7, 8, 9, 10, 11, 12, 13, 14, 15, 16, 17, 75, 76, 77, 78, 79, 92, 145]
334: [1, 2, 3, 4, 5, 6, 7, 8, 9, 10, 11, 12, 13, 14, 15, 16, 17, 75, 76, 77, 78, 79, 92, 145, 333]
335: [1, 2, 3, 4, 5, 6, 7, 8, 9, 10, 11, 12, 13, 14, 15, 16, 17, 75, 76, 77, 78, 79, 92, 145]
336: [1, 2, 3, 17, 18, 19, 20, 21, 22, 23, 24, 25, 26, 27, 28, 29, 30, 31, 32, 48, 56, 81, 90, 156]
337: [1, 2, 3, 17, 18, 19, 20, 21, 22, 23, 24, 25, 26, 27, 28, 29, 30, 31, 32, 48, 56, 81, 90, 156, 336]
338: [1, 2, 3, 4, 5, 6, 7, 8, 9, 10, 11, 12, 13, 14, 15, 16, 17, 75, 76, 77, 78, 79, 92, 145]
339: [1, 2, 3, 4, 5, 6, 7, 8, 9, 10, 11, 12, 13, 14, 15, 16, 17, 75, 76, 77, 78, 79, 92, 145]
340: [1, 2, 3, 4, 5, 6, 7, 8, 9, 10, 11, 12, 13, 14, 15, 16, 17, 75, 76, 77, 78, 79, 92, 145, 339]
341: [1, 2, 3, 4, 5, 6, 7, 8, 9, 10, 11, 12, 13, 14, 15, 16, 17, 75, 76, 77, 78, 79, 92, 145]
342: [1, 2, 3, 4, 5, 6, 7, 8, 9, 10, 11, 12, 13, 14, 15, 16, 17, 75, 76, 77, 78, 79, 92]
343: [1, 2, 3, 4, 5, 6, 7, 8, 9, 10, 11, 12, 13, 14, 15, 16, 17, 75, 76, 77, 78, 79, 92, 342]
344: [1, 2, 3, 4, 5, 6, 7, 8, 9, 10, 11, 12, 13, 14, 15, 16, 17, 75, 76, 77, 78, 79, 92]
345: [1, 2, 3, 17, 18, 19, 20, 21, 22, 23, 24, 25, 26, 27, 28, 29, 30, 31, 32, 48, 56, 81, 90, 156]
346: [1, 2, 3, 4, 5, 6, 7, 8, 9, 10, 11, 12, 13, 14, 15, 16, 17, 75, 76, 77, 78, 79, 92, 344]
347: [1, 2, 3, 4, 5, 6, 7, 8, 9, 10, 11, 12, 13, 14, 15, 16, 17, 75, 76, 77, 78, 79, 92]
348: [1, 2, 3, 17, 18, 19, 20, 21, 22, 23, 24, 25, 26, 27, 28, 29, 30, 31, 32, 48, 56, 81, 90, 156]
349: [1, 2, 3, 17, 18, 19, 20, 21, 22, 23, 24, 25, 26, 27, 28, 29, 30, 31, 32, 48, 56, 81, 90, 156]
350: [1, 2, 3, 17, 18, 19, 20, 21, 22, 23, 24, 25, 26, 27, 28, 29, 30, 31, 32, 48, 56, 81, 90, 156]
351: [1, 2, 3, 17, 18, 19, 20, 21, 22, 23, 24, 25, 26, 27, 28, 29, 30, 31, 32, 48, 56, 81, 90, 156]
352: [1, 2, 3, 17, 18, 19, 20, 21, 22, 23, 24, 25, 26, 27, 28, 29, 30, 31, 32, 48, 81, 90, 156]
353: [1, 2, 3, 17, 18, 19, 20, 21, 22, 23, 24, 25, 26, 27, 28, 29, 30, 31, 32, 48, 81, 90, 156]
355: [1, 2, 3, 17, 18, 19, 20, 21, 22, 23, 24, 25, 26, 27, 28, 29, 30, 31, 32, 37, 48, 81, 90, 156]
356: [1, 2, 17, 18, 19, 20, 21, 22, 23, 24, 25, 26, 27, 28, 29, 30, 31, 32, 37, 81]
357: [1, 2, 17, 18, 19, 20, 21, 22, 23, 24, 25, 26, 27, 28, 29, 30, 31, 32, 37, 44, 356]
358: [1, 2, 17, 18, 19, 20, 21, 22, 23, 24, 25, 26, 27, 28, 29, 30, 31, 32, 37, 356, 357]
359: [1, 2, 17, 18, 19, 20, 21, 22, 23, 24, 25, 26, 27, 28, 29, 30, 31, 32, 37, 43]
360: [1, 2, 3, 4, 5, 6, 7, 8, 9, 10, 11, 12, 13, 14, 15, 16, 17, 22, 23, 24, 25, 26, 75, 76, 77, 78, 79]
361: [1, 2, 3, 4, 5, 6, 7, 8, 9, 10, 11, 12, 13, 14, 15, 16, 17, 21, 22, 23, 24, 25, 26, 75, 76, 77, 78, 79, 360]
362: [1, 2, 3, 4, 5, 6, 7, 8, 9, 10, 11, 12, 13, 14, 15, 16, 17, 20, 21, 22, 23, 24, 25, 26, 75, 76, 77, 78, 79, 360, 361]
363: [1, 2, 3, 4, 5, 6, 7, 8, 9, 10, 11, 12, 13, 14, 15, 16, 17, 19, 20, 21, 22, 23, 24, 25, 26, 75, 76, 77, 78, 79, 360, 361, 362]
364: [1, 2, 17, 18, 19, 20, 21, 22, 23, 24, 25, 26, 27, 28, 29, 30, 31, 32]
365: [1, 2, 16, 17, 18, 19, 20, 21, 22, 23, 24, 25, 26, 27, 28, 29, 30, 31, 32, 364]
366: [1, 2, 10, 16, 17, 18, 19, 20, 21, 22, 23, 24, 25, 26, 27, 28, 29, 30, 31, 32, 364, 365]
367: [1, 2, 9, 10, 16, 17, 18, 19, 20, 21, 22, 23, 24, 25, 26, 27, 28, 29, 30, 31, 32, 364, 365, 366]
368: [1, 2, 8, 9, 10, 16, 17, 18, 19, 20, 21, 22, 23, 24, 25, 26, 27, 28, 29, 30, 31, 32, 364, 365, 366, 367]
369: [1, 2, 7, 8, 9, 10, 16, 17, 18, 19, 20, 21, 22, 23, 24, 25, 26, 27, 28, 29, 30, 31, 32, 364, 365, 366, 367, 368]
370: [1, 2, 6, 7, 8, 9, 10, 16, 17, 18, 19, 20, 21, 22, 23, 24, 25, 26, 27, 28, 29, 30, 31, 32, 364, 365, 366, 367, 368, 369]
371: [1, 2, 5, 6, 7, 8, 9, 10, 16, 17, 18, 19, 20, 21, 22, 23, 24, 25, 26, 27, 28, 29, 30, 31, 32, 364, 365, 366, 367, 368, 369, 370]
372: [1, 2, 17, 18, 19, 20, 21, 22, 23, 24, 25, 26, 27, 28, 29, 30, 31, 32, 37]
373: [1, 2, 17, 18, 19, 20, 21, 22, 23, 24, 25, 26, 27, 28, 29, 30, 31, 32, 35, 42, 372]
374: [1, 2, 17, 18, 19, 20, 21, 22, 23, 24, 25, 26, 27, 28, 29, 30, 31, 32, 373]
375: [1, 2, 17, 18, 19, 20, 21, 22, 23, 24, 25, 26, 27, 28, 29, 30, 31, 32, 373, 374]
376: [1, 2, 17, 18, 19, 20, 21, 22, 23, 24, 25, 26, 27, 28, 29, 30, 31, 32, 35, 42, 373]
379: [1, 2, 17, 18, 19, 20, 21, 22, 23, 24, 25, 26, 27, 28, 29, 30, 31, 32, 42, 373, 376]
380: [1, 2, 17, 18, 19, 20, 21, 22, 23, 24, 25, 26, 27, 28, 29, 30, 31, 32, 35, 42, 373, 376]
381: [1, 2, 17, 18, 19, 20, 21, 22, 23, 24, 25, 26, 27, 28, 29, 30, 31, 32, 42, 373, 376, 380]
383: [1, 2, 17, 18, 19, 20, 21, 22, 23, 24, 25, 26, 27, 28, 29, 30, 31, 32, 42, 373, 376]
387: [1, 2, 17, 18, 19, 20, 21, 22, 23, 24, 25, 26, 27, 28, 29, 30, 31, 32, 35, 42, 373, 376, 380]
389: [1, 2, 17, 18, 19, 20, 21, 22, 23, 24, 25, 26, 27, 28, 29, 30, 31, 32, 37, 43, 359]
392: [1, 2, 17, 18, 19, 20, 21, 22, 23, 24, 25, 26, 27, 28, 29, 30, 31, 32, 37, 43, 359, 389]
394: [1, 2, 17, 18, 19, 20, 21, 22, 23, 24, 25, 26, 27, 28, 29, 30, 31, 32, 37, 44]
396: [1, 2, 17, 18, 19, 20, 21, 22, 23, 24, 25, 26, 27, 28, 29, 30, 31, 32, 37, 44, 394]
397: [1, 2, 3, 17, 18, 19, 20, 21, 22, 23, 24, 25, 26, 27, 28, 29, 30, 31, 32, 48, 81, 90, 156]
398: [1, 2, 3, 17, 18, 19, 20, 21, 22, 23, 24, 25, 26, 27, 28, 29, 30, 31, 32, 48, 81, 90, 156]
399: [1, 2, 3, 17, 18, 19, 20, 21, 22, 23, 24, 25, 26, 27, 28, 29, 30, 31, 32, 48, 81, 90, 156, 398]
402: [1, 2, 3, 17, 18, 19, 20, 21, 22, 23, 24, 25, 26, 27, 28, 29, 30, 31, 32, 48, 81, 90, 156]
403: [1, 2, 3, 17, 18, 19, 20, 21, 22, 23, 24, 25, 26, 27, 28, 29, 30, 31, 32, 48, 81, 90, 156, 402]
404: [1, 2, 3, 17, 18, 19, 20, 21, 22, 23, 24, 25, 26, 27, 28, 29, 30, 31, 32, 48, 81, 90, 156, 402, 403]
405: [1, 2, 3, 17, 18, 19, 20, 21, 22, 23, 24, 25, 26, 27, 28, 29, 30, 31, 32, 48, 81, 90, 156, 403, 404]
406: [1, 2, 3, 17, 18, 19, 20, 21, 22, 23, 24, 25, 26, 27, 28, 29, 30, 31, 32, 48, 81, 90, 156, 405]
407: [1, 2, 3, 17, 18, 19, 20, 21, 22, 23, 24, 25, 26, 27, 28, 29, 30, 31, 32, 48, 81, 90, 156, 405, 406]
408: [1, 2, 3, 17, 18, 19, 20, 21, 22, 23, 24, 25, 26, 27, 28, 29, 30, 31, 32, 48, 81, 90, 156]
409: [1, 2, 3, 17, 18, 19, 20, 21, 22, 23, 24, 25, 26, 27, 28, 29, 30, 31, 32, 48, 81, 90, 156]
410: [1, 2, 3, 17, 18, 19, 20, 21, 22, 23, 24, 25, 26, 27, 28, 29, 30, 31, 32, 48, 81, 90, 156]
411: [1, 2, 3, 17, 18, 19, 20, 21, 22, 23, 24, 25, 26, 27, 28, 29, 30, 31, 32, 48, 81, 90, 156]
412: [1, 2, 3, 17, 18, 19, 20, 21, 22, 23, 24, 25, 26, 27, 28, 29, 30, 31, 32, 48, 81, 90, 156, 411]
413: [1, 2, 3, 17, 18, 19, 20, 21, 22, 23, 24, 25, 26, 27, 28, 29, 30, 31, 32, 48, 81, 90, 156]
415: [1, 2, 3, 4, 5, 6, 7, 8, 9, 10, 11, 12, 13, 14, 15, 16, 17, 75, 76, 77, 78, 79, 92]
416: [1, 2, 3, 17, 18, 19, 20, 21, 22, 23, 24, 25, 26, 27, 28, 29, 30, 31, 32, 48, 81, 90, 156, 405, 406]
417: [1, 2, 3, 17, 18, 19, 20, 21, 22, 23, 24, 25, 26, 27, 28, 29, 30, 31, 32, 48, 81, 90, 156, 405, 406, 416]
418: [1, 2, 3, 17, 18, 19, 20, 21, 22, 23, 24, 25, 26, 27, 28, 29, 30, 31, 32, 48, 81, 90, 156, 405, 406]
419: [1, 2, 3, 17, 18, 19, 20, 21, 22, 23, 24, 25, 26, 27, 28, 29, 30, 31, 32, 48, 81, 90, 156, 405, 418]
420: [1, 2, 3, 17, 18, 19, 20, 21, 22, 23, 24, 25, 26, 27, 28, 29, 30, 31, 32, 48, 81, 90, 156, 405]
421: [1, 2, 3, 17, 18, 19, 20, 21, 22, 23, 24, 25, 26, 27, 28, 29, 30, 31, 32, 48, 62, 81, 90, 156, 405]
422: [1, 2, 3, 17, 18, 19, 20, 21, 22, 23, 24, 25, 26, 27, 28, 29, 30, 31, 32, 48, 81, 90, 156, 405, 421]
423: [1, 2, 3, 17, 18, 19, 20, 21, 22, 23, 24, 25, 26, 27, 28, 29, 30, 31, 32, 48, 81, 90, 156, 405, 421, 422]
424: [1, 2, 3, 17, 18, 19, 20, 21, 22, 23, 24, 25, 26, 27, 28, 29, 30, 31, 32, 48, 81, 90, 156, 405, 421, 422, 423]
425: [1, 2, 3, 17, 18, 19, 20, 21, 22, 23, 24, 25, 26, 27, 28, 29, 30, 31, 32, 48, 81, 90, 156, 405, 421, 422, 423, 424]
426: [1, 2, 3, 17, 18, 19, 20, 21, 22, 23, 24, 25, 26, 27, 28, 29, 30, 31, 32, 48, 81, 90, 156, 405, 421, 422, 423, 424, 425]
427: [1, 2, 3, 17, 18, 19, 20, 21, 22, 23, 24, 25, 26, 27, 28, 29, 30, 31, 32, 48, 81, 90, 156, 405, 421, 422, 423, 424, 425, 426]
428: [1, 2, 3, 17, 18, 19, 20, 21, 22, 23, 24, 25, 26, 27, 28, 29, 30, 31, 32, 48, 62, 81, 90, 156, 405, 421, 423, 424, 425, 426, 427]
429: [1, 2, 3, 17, 18, 19, 20, 21, 22, 23, 24, 25, 26, 27, 28, 29, 30, 31, 32, 48, 62, 81, 90, 156, 405, 421, 424, 425, 426, 427, 428]
430: [1, 2, 3, 17, 18, 19, 20, 21, 22, 23, 24, 25, 26, 27, 28, 29, 30, 31, 32, 48, 62, 81, 90, 156, 405, 421, 425, 426, 427, 428, 429]
431: [1, 2, 3, 17, 18, 19, 20, 21, 22, 23, 24, 25, 26, 27, 28, 29, 30, 31, 32, 48, 62, 81, 90, 156, 405, 421, 426, 427, 428, 429, 430]
432: [1, 2, 3, 17, 18, 19, 20, 21, 22, 23, 24, 25, 26, 27, 28, 29, 30, 31, 32, 48, 62, 81, 90, 156, 405, 421, 427, 428, 429, 430, 431]
433: [1, 2, 3, 17, 18, 19, 20, 21, 22, 23, 24, 25, 26, 27, 28, 29, 30, 31, 32, 48, 62, 81, 90, 156, 421, 428, 429, 430, 431, 432]
436: [1, 2, 3, 17, 18, 19, 20, 21, 22, 23, 24, 25, 26, 27, 28, 29, 30, 31, 32, 48, 62, 81, 90, 156, 421, 428, 429, 430, 431, 432, 433]
437: [1, 2, 3, 4, 5, 6, 7, 8, 9, 10, 11, 12, 13, 14, 15, 16, 17, 75, 76, 77, 78, 79, 92, 415]
438: [1, 2, 3, 4, 5, 6, 7, 8, 9, 10, 11, 12, 13, 14, 15, 16, 17, 75, 76, 77, 78, 79, 92, 415, 437]
439: [1, 2, 3, 4, 5, 6, 7, 8, 9, 10, 11, 12, 13, 14, 15, 16, 17, 75, 76, 77, 78, 79, 92, 415, 437, 438]
440: [1, 2, 3, 4, 5, 6, 7, 8, 9, 10, 11, 12, 13, 14, 15, 16, 17, 75, 76, 77, 78, 79, 92, 415, 437, 438, 439]
441: [1, 2, 3, 4, 5, 6, 7, 8, 9, 10, 11, 12, 13, 14, 15, 16, 17, 75, 76, 77, 78, 79, 92, 415, 437, 438]
442: [1, 2, 3, 4, 5, 6, 7, 8, 9, 10, 11, 12, 13, 14, 15, 16, 17, 75, 76, 77, 78, 79, 92, 415, 437, 438, 441]
443: [1, 2, 3, 4, 5, 6, 7, 8, 9, 10, 11, 12, 13, 14, 15, 16, 17, 75, 76, 77, 78, 79, 92, 415, 437, 438, 441, 442]
444: [1, 2, 3, 4, 5, 6, 7, 8, 9, 10, 11, 12, 13, 14, 15, 16, 17, 75, 76, 77, 78, 79, 92, 415, 437, 438, 441, 442]
445: [1, 2, 3, 4, 5, 6, 7, 8, 9, 10, 11, 12, 13, 14, 15, 16, 17, 75, 76, 77, 78, 79, 92, 415, 437, 438, 442]
446: [1, 2, 3, 4, 5, 6, 7, 8, 9, 10, 11, 12, 13, 14, 15, 16, 17, 75, 76, 77, 78, 79, 92, 415, 437, 442]
447: [1, 2, 3, 4, 5, 6, 7, 8, 9, 10, 11, 12, 13, 14, 15, 16, 17, 75, 76, 77, 78, 79, 92, 415, 437, 442]
448: [1, 2, 3, 4, 5, 6, 7, 8, 9, 10, 11, 12, 13, 14, 15, 16, 17, 75, 76, 77, 78, 79, 92, 415, 437, 442, 447]
449: [1, 2, 3, 4, 5, 6, 7, 8, 9, 10, 11, 12, 13, 14, 15, 16, 17, 75, 76, 77, 78, 79, 92, 415, 437, 442, 447, 448]
450: [1, 2, 3, 4, 5, 6, 7, 8, 9, 10, 11, 12, 13, 14, 15, 16, 17, 75, 76, 77, 78, 79, 92, 415, 437, 442, 447]
451: [1, 2, 3, 4, 5, 6, 7, 8, 9, 10, 11, 12, 13, 14, 15, 16, 17, 75, 76, 77, 78, 79, 92, 415, 437, 442, 447, 450]
452: [1, 2, 3, 4, 5, 6, 7, 8, 9, 10, 11, 12, 13, 14, 15, 16, 17, 75, 76, 77, 78, 79, 92, 415, 437, 447, 450]
453: [1, 2, 3, 4, 5, 6, 7, 8, 9, 10, 11, 12, 13, 14, 15, 16, 17, 75, 76, 77, 78, 79, 92, 415, 437, 447]
454: [1, 2, 3, 4, 5, 6, 7, 8, 9, 10, 11, 12, 13, 14, 15, 16, 17, 75, 76, 77, 78, 79, 92, 415, 437]
455: [1, 2, 3, 4, 5, 6, 7, 8, 9, 10, 11, 12, 13, 14, 15, 16, 17, 75, 76, 77, 78, 79, 92, 415, 437]
456: [1, 2, 3, 4, 5, 6, 7, 8, 9, 10, 11, 12, 13, 14, 15, 16, 17, 75, 76, 77, 78, 79, 92, 415, 437, 455]
457: [1, 2, 3, 4, 5, 6, 7, 8, 9, 10, 11, 12, 13, 14, 15, 16, 17, 75, 76, 77, 78, 79, 92, 415, 437, 455, 456]
458: [1, 2, 3, 4, 5, 6, 7, 8, 9, 10, 11, 12, 13, 14, 15, 16, 17, 75, 76, 77, 78, 79, 92, 415, 437, 455, 456, 457]
459: [1, 2, 3, 4, 5, 6, 7, 8, 9, 10, 11, 12, 13, 14, 15, 16, 17, 75, 76, 77, 78, 79, 92, 415, 437, 455, 456]
460: [1, 2, 3, 4, 5, 6, 7, 8, 9, 10, 11, 12, 13, 14, 15, 16, 17, 75, 76, 77, 78, 79, 92, 415, 437, 455, 456]
461: [1, 2, 3, 4, 5, 6, 7, 8, 9, 10, 11, 12, 13, 14, 15, 16, 17, 75, 76, 77, 78, 79, 92, 415, 437, 455]
462: [1, 2, 3, 4, 5, 6, 7, 8, 9, 10, 11, 12, 13, 14, 15, 16, 17, 75, 76, 77, 78, 79, 92, 415, 437, 455, 461]
463: [1, 2, 3, 4, 5, 6, 7, 8, 9, 10, 11, 12, 13, 14, 15, 16, 17, 75, 76, 77, 78, 79, 92, 415, 437, 455]
464: [1, 2, 3, 4, 5, 6, 7, 8, 9, 10, 11, 12, 13, 14, 15, 16, 17, 75, 76, 77, 78, 79, 92, 415, 455, 463]
465: [1, 2, 3, 4, 5, 6, 7, 8, 9, 10, 11, 12, 13, 14, 15, 16, 17, 75, 76, 77, 78, 79, 92, 415, 455, 463, 464]
466: [1, 2, 3, 4, 5, 6, 7, 8, 9, 10, 11, 12, 13, 14, 15, 16, 17, 75, 76, 77, 78, 79, 92, 415, 455, 463]
467: [1, 2, 3, 4, 5, 6, 7, 8, 9, 10, 11, 12, 13, 14, 15, 16, 17, 75, 76, 77, 78, 79, 92, 415, 455]
468: [1, 2, 3, 4, 5, 6, 7, 8, 9, 10, 11, 12, 13, 14, 15, 16, 17, 75, 76, 77, 78, 79, 92, 415]
470: [1, 2, 3, 17, 18, 19, 20, 21, 22, 23, 24, 25, 26, 27, 28, 29, 30, 31, 32, 48, 62, 81, 90, 156, 421, 428, 429, 430, 431, 432, 433]
471: [1, 2, 3, 17, 18, 19, 20, 21, 22, 23, 24, 25, 26, 27, 28, 29, 30, 31, 32, 48, 81, 90, 156]
472: [1, 2, 3, 17, 18, 19, 20, 21, 22, 23, 24, 25, 26, 27, 28, 29, 30, 31, 32, 48, 81, 90, 156, 471]
473: [1, 2, 3, 17, 18, 19, 20, 21, 22, 23, 24, 25, 26, 27, 28, 29, 30, 31, 32, 48, 81, 90, 156]
474: [1, 2, 3, 17, 18, 19, 20, 21, 22, 23, 24, 25, 26, 27, 28, 29, 30, 31, 32, 48, 81, 90, 156, 473]
475: [1, 2, 3, 17, 18, 19, 20, 21, 22, 23, 24, 25, 26, 27, 28, 29, 30, 31, 32, 48, 81, 90, 156, 474]
476: [1, 2, 3, 17, 18, 19, 20, 21, 22, 23, 24, 25, 26, 27, 28, 29, 30, 31, 32, 48, 81, 90, 156, 475]
477: [1, 2, 3, 17, 18, 19, 20, 21, 22, 23, 24, 25, 26, 27, 28, 29, 30, 31, 32, 48, 81, 90, 156, 475, 476]
478: [1, 2, 3, 17, 18, 19, 20, 21, 22, 23, 24, 25, 26, 27, 28, 29, 30, 31, 32, 48, 81, 90, 156, 475, 476, 477]
479: [1, 2, 3, 4, 5, 6, 7, 8, 9, 10, 11, 12, 13, 14, 15, 16, 17, 75, 76, 77, 78, 79, 92]
480: [1, 2, 3, 4, 5, 6, 7, 8, 9, 10, 11, 12, 13, 14, 15, 16, 17, 75, 76, 77, 78, 79, 92, 479]
481: [1, 2, 3, 17, 18, 19, 20, 21, 22, 23, 24, 25, 26, 27, 28, 29, 30, 31, 32, 48, 81, 90, 156, 476]
482: [1, 2, 3, 17, 18, 19, 20, 21, 22, 23, 24, 25, 26, 27, 28, 29, 30, 31, 32, 48, 81, 90, 156, 476, 481]
483: [1, 2, 3, 17, 18, 19, 20, 21, 22, 23, 24, 25, 26, 27, 28, 29, 30, 31, 32, 48, 81, 90, 156, 476, 481, 482]
484: [1, 2, 3, 17, 18, 19, 20, 21, 22, 23, 24, 25, 26, 27, 28, 29, 30, 31, 32, 48, 81, 90, 156, 476, 481]
485: [1, 2, 3, 17, 18, 19, 20, 21, 22, 23, 24, 25, 26, 27, 28, 29, 30, 31, 32, 48, 81, 90, 156, 476, 484]
486: [1, 2, 3, 17, 18, 19, 20, 21, 22, 23, 24, 25, 26, 27, 28, 29, 30, 31, 32, 48, 81, 90, 156, 476]
487: [1, 2, 3, 17, 18, 19, 20, 21, 22, 23, 24, 25, 26, 27, 28, 29, 30, 31, 32, 48, 81, 90, 156]
488: [1, 2, 3, 17, 18, 19, 20, 21, 22, 23, 24, 25, 26, 27, 28, 29, 30, 31, 32, 48, 81, 90, 156]
489: [1, 2, 3, 17, 18, 19, 20, 21, 22, 23, 24, 25, 26, 27, 28, 29, 30, 31, 32, 48, 81, 90, 156, 488]
490: [1, 2, 3, 4, 5, 6, 7, 8, 9, 10, 11, 12, 13, 14, 15, 16, 17, 75, 76, 77, 78, 79, 92, 479, 480]
491: [1, 2, 3, 4, 5, 6, 7, 8, 9, 10, 11, 12, 13, 14, 15, 16, 17, 75, 76, 77, 78, 79, 92, 479, 480, 490]
492: [1, 2, 3, 4, 5, 6, 7, 8, 9, 10, 11, 12, 13, 14, 15, 16, 17, 75, 76, 77, 78, 79, 92, 479, 480]
493: [1, 2, 3, 4, 5, 6, 7, 8, 9, 10, 11, 12, 13, 14, 15, 16, 17, 75, 76, 77, 78, 79, 92, 479, 480]
494: [1, 2, 3, 4, 5, 6, 7, 8, 9, 10, 11, 12, 13, 14, 15, 16, 17, 75, 76, 77, 78, 79, 92, 479]
495: [1, 2, 3, 17, 18, 19, 20, 21, 22, 23, 24, 25, 26, 27, 28, 29, 30, 31, 32, 48, 81, 90, 156, 488]
496: [1, 2, 3, 17, 18, 19, 20, 21, 22, 23, 24, 25, 26, 27, 28, 29, 30, 31, 32, 48, 81, 90, 156, 488]
497: [1, 2, 3, 4, 5, 6, 7, 8, 9, 10, 11, 12, 13, 14, 15, 16, 17, 75, 76, 77, 78, 79, 92, 479]
498: [1, 2, 3, 4, 5, 6, 7, 8, 9, 10, 11, 12, 13, 14, 15, 16, 17, 75, 76, 77, 78, 79, 92, 479, 497]
499: [1, 2, 3, 4, 5, 6, 7, 8, 9, 10, 11, 12, 13, 14, 15, 16, 17, 75, 76, 77, 78, 79, 92, 479, 497, 498]
500: [1, 2, 3, 4, 5, 6, 7, 8, 9, 10, 11, 12, 13, 14, 15, 16, 17, 75, 76, 77, 78, 79, 92, 479, 497]
501: [1, 2, 3, 4, 5, 6, 7, 8, 9, 10, 11, 12, 13, 14, 15, 16, 17, 75, 76, 77, 78, 79, 92, 497]
502: [1, 2, 3, 4, 5, 6, 7, 8, 9, 10, 11, 12, 13, 14, 15, 16, 17, 75, 76, 77, 78, 79, 92]
503: [1, 2, 3, 17, 18, 19, 20, 21, 22, 23, 24, 25, 26, 27, 28, 29, 30, 31, 32, 48, 81, 90, 156]
504: [1, 2, 3, 17, 18, 19, 20, 21, 22, 23, 24, 25, 26, 27, 28, 29, 30, 31, 32, 48, 59, 60, 61, 81, 90, 156]
509: [1, 2, 3, 17, 18, 19, 20, 21, 22, 23, 24, 25, 26, 27, 28, 29, 30, 31, 32, 48, 59, 60, 81, 90, 156, 504]
510: [1, 2, 3, 17, 18, 19, 20, 21, 22, 23, 24, 25, 26, 27, 28, 29, 30, 31, 32, 48, 59, 60, 81, 90, 156, 504, 509]
511: [1, 2, 3, 17, 18, 19, 20, 21, 22, 23, 24, 25, 26, 27, 28, 29, 30, 31, 32, 48, 59, 60, 81, 90, 156, 504, 509, 510]
512: [1, 2, 3, 4, 5, 6, 7, 8, 9, 10, 11, 12, 13, 14, 15, 16, 17, 75, 76, 77, 78, 79, 92]
513: [1, 2, 3, 17, 18, 19, 20, 21, 22, 23, 24, 25, 26, 27, 28, 29, 30, 31, 32, 48, 59, 60, 81, 90, 156, 504, 511]
514: [1, 2, 3, 17, 18, 19, 20, 21, 22, 23, 24, 25, 26, 27, 28, 29, 30, 31, 32, 48, 59, 60, 81, 90, 156, 504, 511, 513]
517: [1, 2, 3, 17, 18, 19, 20, 21, 22, 23, 24, 25, 26, 27, 28, 29, 30, 31, 32, 48, 59, 60, 81, 90, 156, 504]
518: [1, 2, 3, 17, 18, 19, 20, 21, 22, 23, 24, 25, 26, 27, 28, 29, 30, 31, 32, 48, 59, 60, 81, 90, 156, 504, 511, 513]
519: [1, 2, 3, 17, 18, 19, 20, 21, 22, 23, 24, 25, 26, 27, 28, 29, 30, 31, 32, 48, 59, 60, 81, 90, 156, 504, 511, 513, 518]
520: [1, 2, 3, 17, 18, 19, 20, 21, 22, 23, 24, 25, 26, 27, 28, 29, 30, 31, 32, 48, 59, 60, 81, 90, 156, 504, 511, 513]
521: [1, 2, 3, 17, 18, 19, 20, 21, 22, 23, 24, 25, 26, 27, 28, 29, 30, 31, 32, 48, 59, 60, 81, 90, 156, 504, 511, 520]
522: [1, 2, 3, 17, 18, 19, 20, 21, 22, 23, 24, 25, 26, 27, 28, 29, 30, 31, 32, 48, 59, 60, 81, 90, 156, 504, 511]
523: [1, 2, 3, 17, 18, 19, 20, 21, 22, 23, 24, 25, 26, 27, 28, 29, 30, 31, 32, 48, 59, 60, 61, 81, 90, 156, 504, 511]
524: [1, 2, 3, 17, 18, 19, 20, 21, 22, 23, 24, 25, 26, 27, 28, 29, 30, 31, 32, 48, 59, 60, 81, 90, 156, 504, 511, 523]
525: [1, 2, 3, 17, 18, 19, 20, 21, 22, 23, 24, 25, 26, 27, 28, 29, 30, 31, 32, 48, 59, 60, 81, 90, 156, 504, 511, 523, 524]
526: [1, 2, 3, 17, 18, 19, 20, 21, 22, 23, 24, 25, 26, 27, 28, 29, 30, 31, 32, 48, 59, 60, 81, 90, 156, 504, 511, 523, 524, 525]
527: [1, 2, 3, 17, 18, 19, 20, 21, 22, 23, 24, 25, 26, 27, 28, 29, 30, 31, 32, 48, 59, 60, 61, 81, 90, 156, 504, 511, 523, 525, 526]
528: [1, 2, 3, 17, 18, 19, 20, 21, 22, 23, 24, 25, 26, 27, 28, 29, 30, 31, 32, 48, 59, 60, 61, 81, 90, 156, 504, 511, 523, 526, 527]
529: [1, 2, 3, 17, 18, 19, 20, 21, 22, 23, 24, 25, 26, 27, 28, 29, 30, 31, 32, 48, 59, 60, 61, 81, 90, 156, 504, 523, 527, 528]
532: [1, 2, 3, 4, 5, 6, 7, 8, 9, 10, 11, 12, 13, 14, 15, 16, 17, 75, 76, 77, 78, 79, 92, 512]
533: [1, 2, 3, 4, 5, 6, 7, 8, 9, 10, 11, 12, 13, 14, 15, 16, 17, 75, 76, 77, 78, 79, 92, 512, 532]
534: [1, 2, 3, 4, 5, 6, 7, 8, 9, 10, 11, 12, 13, 14, 15, 16, 17, 75, 76, 77, 78, 79, 92, 512, 532, 533]
535: [1, 2, 3, 4, 5, 6, 7, 8, 9, 10, 11, 12, 13, 14, 15, 16, 17, 75, 76, 77, 78, 79, 92, 512, 532]
536: [1, 2, 3, 4, 5, 6, 7, 8, 9, 10, 11, 12, 13, 14, 15, 16, 17, 75, 76, 77, 78, 79, 92, 512, 532]
537: [1, 2, 3, 4, 5, 6, 7, 8, 9, 10, 11, 12, 13, 14, 15, 16, 17, 75, 76, 77, 78, 79, 92, 512]
539: [1, 2, 3, 17, 18, 19, 20, 21, 22, 23, 24, 25, 26, 27, 28, 29, 30, 31, 32, 48, 59, 60, 61, 81, 90, 156, 504, 523, 527, 528, 529]
540: [1, 2, 3, 17, 18, 19, 20, 21, 22, 23, 24, 25, 26, 27, 28, 29, 30, 31, 32, 48, 56, 81, 90, 156]
541: [1, 2, 3, 17, 18, 19, 20, 21, 22, 23, 24, 25, 26, 27, 28, 29, 30, 31, 32, 48, 56, 81, 90, 156, 540]
542: [1, 2, 3, 17, 18, 19, 20, 21, 22, 23, 24, 25, 26, 27, 28, 29, 30, 31, 32, 39, 40, 41, 48, 56, 57, 81, 90, 156, 541]
543: [1, 2, 3, 17, 18, 19, 20, 21, 22, 23, 24, 25, 26, 27, 28, 29, 30, 31, 32, 48, 56, 81, 90, 156, 541, 542]
544: [1, 2, 3, 17, 18, 19, 20, 21, 22, 23, 24, 25, 26, 27, 28, 29, 30, 31, 32, 48, 56, 81, 90, 156, 541, 542, 543]
545: [1, 2, 3, 17, 18, 19, 20, 21, 22, 23, 24, 25, 26, 27, 28, 29, 30, 31, 32, 39, 40, 41, 48, 56, 57, 81, 90, 156, 542, 543]
546: [1, 2, 3, 17, 18, 19, 20, 21, 22, 23, 24, 25, 26, 27, 28, 29, 30, 31, 32, 39, 41, 48, 56, 57, 81, 90, 156, 542, 545]
547: [1, 2, 3, 17, 18, 19, 20, 21, 22, 23, 24, 25, 26, 27, 28, 29, 30, 31, 32, 48, 56, 81, 90, 156, 542, 545, 546]
548: [1, 2, 3, 4, 5, 6, 7, 8, 9, 10, 11, 12, 13, 14, 15, 16, 17, 75, 76, 77, 78, 79, 92]
549: [1, 2, 3, 17, 18, 19, 20, 21, 22, 23, 24, 25, 26, 27, 28, 29, 30, 31, 32, 48, 56, 81, 90, 156, 542, 545, 546]
550: [1, 2, 3, 4, 5, 6, 7, 8, 9, 10, 11, 12, 13, 14, 15, 16, 17, 75, 76, 77, 78, 79, 92, 548]
551: [1, 2, 3, 17, 18, 19, 20, 21, 22, 23, 24, 25, 26, 27, 28, 29, 30, 31, 32, 41, 48, 56, 81, 90, 156, 542, 545, 546]
552: [1, 2, 3, 4, 5, 6, 7, 8, 9, 10, 11, 12, 13, 14, 15, 16, 17, 75, 76, 77, 78, 79, 92]
553: [1, 2, 3, 4, 5, 6, 7, 8, 9, 10, 11, 12, 13, 14, 15, 16, 17, 75, 76, 77, 78, 79, 92, 552]
554: [1, 2, 3, 4, 5, 6, 7, 8, 9, 10, 11, 12, 13, 14, 15, 16, 17, 75, 76, 77, 78, 79, 92]
555: [1, 2, 3, 4, 5, 6, 7, 8, 9, 10, 11, 12, 13, 14, 15, 16, 17, 75, 76, 77, 78, 79, 92, 554]
556: [1, 2, 3, 4, 5, 6, 7, 8, 9, 10, 11, 12, 13, 14, 15, 16, 17, 75, 76, 77, 78, 79, 92]
558: [1, 2, 3, 17, 18, 19, 20, 21, 22, 23, 24, 25, 26, 27, 28, 29, 30, 31, 32, 41, 48, 56, 81, 90, 156, 542, 545, 546]
560: [1, 2, 3, 17, 18, 19, 20, 21, 22, 23, 24, 25, 26, 27, 28, 29, 30, 31, 32, 39, 41, 48, 56, 81, 90, 156, 542, 545, 546]
561: [1, 2, 3, 17, 18, 19, 20, 21, 22, 23, 24, 25, 26, 27, 28, 29, 30, 31, 32, 39, 41, 48, 56, 81, 90, 156, 542, 545, 546, 560]
562: [1, 2, 3, 17, 18, 19, 20, 21, 22, 23, 24, 25, 26, 27, 28, 29, 30, 31, 32, 39, 41, 48, 56, 81, 90, 156, 542, 545, 546]
563: [1, 2, 3, 17, 18, 19, 20, 21, 22, 23, 24, 25, 26, 27, 28, 29, 30, 31, 32, 39, 48, 56, 81, 90, 156, 542, 545, 546, 562]
564: [1, 2, 3, 17, 18, 19, 20, 21, 22, 23, 24, 25, 26, 27, 28, 29, 30, 31, 32, 39, 48, 56, 81, 90, 156, 542, 545, 546]
565: [1, 2, 3, 17, 18, 19, 20, 21, 22, 23, 24, 25, 26, 27, 28, 29, 30, 31, 32, 39, 48, 56, 81, 90, 156, 542, 545, 546, 564]
566: [1, 2, 3, 17, 18, 19, 20, 21, 22, 23, 24, 25, 26, 27, 28, 29, 30, 31, 32, 39, 48, 56, 57, 81, 90, 156, 542, 545, 546, 565]
567: [1, 2, 3, 17, 18, 19, 20, 21, 22, 23, 24, 25, 26, 27, 28, 29, 30, 31, 32, 39, 48, 56, 81, 90, 156, 542, 545, 546, 566]
568: [1, 2, 3, 17, 18, 19, 20, 21, 22, 23, 24, 25, 26, 27, 28, 29, 30, 31, 32, 39, 48, 56, 81, 90, 156, 542, 545, 546, 566, 567]
569: [1, 2, 3, 17, 18, 19, 20, 21, 22, 23, 24, 25, 26, 27, 28, 29, 30, 31, 32, 39, 48, 56, 57, 81, 90, 156, 542, 545, 546, 566]
572: [1, 2, 3, 4, 5, 6, 7, 8, 9, 10, 11, 12, 13, 14, 15, 16, 17, 75, 76, 77, 78, 79, 92]
574: [1, 2, 3, 17, 18, 19, 20, 21, 22, 23, 24, 25, 26, 27, 28, 29, 30, 31, 32, 39, 48, 56, 57, 81, 90, 156, 542, 545, 546, 566, 569]
575: [1, 2, 3, 17, 18, 19, 20, 21, 22, 23, 24, 25, 26, 27, 28, 29, 30, 31, 32, 39, 48, 56, 81, 90, 156, 542, 545]
577: [1, 2, 3, 17, 18, 19, 20, 21, 22, 23, 24, 25, 26, 27, 28, 29, 30, 31, 32, 39, 41, 48, 56, 81, 90, 156, 542, 545]
578: [1, 2, 3, 17, 18, 19, 20, 21, 22, 23, 24, 25, 26, 27, 28, 29, 30, 31, 32, 39, 40, 48, 56, 81, 90, 156, 542, 545]
579: [1, 2, 3, 17, 18, 19, 20, 21, 22, 23, 24, 25, 26, 27, 28, 29, 30, 31, 32, 39, 48, 56, 81, 90, 156, 542, 545, 578]
580: [1, 2, 3, 17, 18, 19, 20, 21, 22, 23, 24, 25, 26, 27, 28, 29, 30, 31, 32, 39, 48, 56, 81, 90, 156, 542, 545, 578]
581: [1, 2, 3, 17, 18, 19, 20, 21, 22, 23, 24, 25, 26, 27, 28, 29, 30, 31, 32, 39, 40, 48, 56, 58, 81, 90, 156, 542, 545, 578]
583: [1, 2, 3, 17, 18, 19, 20, 21, 22, 23, 24, 25, 26, 27, 28, 29, 30, 31, 32, 39, 40, 48, 56, 81, 90, 156, 542, 545, 578, 581]
584: [1, 2, 3, 17, 18, 19, 20, 21, 22, 23, 24, 25, 26, 27, 28, 29, 30, 31, 32, 39, 40, 48, 56, 81, 90, 156, 542, 545, 578, 581, 583]
585: [1, 2, 3, 17, 18, 19, 20, 21, 22, 23, 24, 25, 26, 27, 28, 29, 30, 31, 32, 39, 40, 48, 56, 81, 90, 156, 542, 545, 578, 581]
586: [1, 2, 3, 17, 18, 19, 20, 21, 22, 23, 24, 25, 26, 27, 28, 29, 30, 31, 32, 39, 40, 48, 56, 81, 90, 156, 542, 578, 581, 585]
587: [1, 2, 3, 17, 18, 19, 20, 21, 22, 23, 24, 25, 26, 27, 28, 29, 30, 31, 32, 39, 40, 48, 56, 81, 90, 156, 542, 578, 581]
588: [1, 2, 3, 17, 18, 19, 20, 21, 22, 23, 24, 25, 26, 27, 28, 29, 30, 31, 32, 39, 40, 48, 56, 81, 90, 156, 542, 578, 581, 587]
589: [1, 2, 3, 17, 18, 19, 20, 21, 22, 23, 24, 25, 26, 27, 28, 29, 30, 31, 32, 39, 40, 48, 56, 81, 90, 156, 542, 578, 581, 587, 588]
590: [1, 2, 3, 17, 18, 19, 20, 21, 22, 23, 24, 25, 26, 27, 28, 29, 30, 31, 32, 39, 40, 48, 56, 81, 90, 156, 542, 578, 581, 587]
591: [1, 2, 3, 17, 18, 19, 20, 21, 22, 23, 24, 25, 26, 27, 28, 29, 30, 31, 32, 39, 40, 48, 56, 81, 90, 156, 542, 581, 587, 590]
592: [1, 2, 3, 17, 18, 19, 20, 21, 22, 23, 24, 25, 26, 27, 28, 29, 30, 31, 32, 39, 40, 48, 56, 81, 90, 156, 542, 581, 587]
593: [1, 2, 3, 17, 18, 19, 20, 21, 22, 23, 24, 25, 26, 27, 28, 29, 30, 31, 32, 39, 40, 48, 56, 58, 81, 90, 156, 581, 587, 592]
594: [1, 2, 3, 17, 18, 19, 20, 21, 22, 23, 24, 25, 26, 27, 28, 29, 30, 31, 32, 39, 40, 48, 56, 58, 81, 90, 156, 581, 592, 593]
596: [1, 2, 3, 17, 18, 19, 20, 21, 22, 23, 24, 25, 26, 27, 28, 29, 30, 31, 32, 39, 40, 48, 56, 58, 81, 90, 156, 581, 594]
597: [1, 2, 3, 17, 18, 19, 20, 21, 22, 23, 24, 25, 26, 27, 28, 29, 30, 31, 32, 39, 40, 48, 56, 58, 81, 90, 156, 581, 594, 596]
598: [1, 2, 3, 17, 18, 19, 20, 21, 22, 23, 24, 25, 26, 27, 28, 29, 30, 31, 32, 39, 40, 48, 56, 58, 81, 90, 156, 581, 594]
599: [1, 2, 3, 4, 5, 6, 7, 8, 9, 10, 11, 12, 13, 14, 15, 16, 17, 75, 76, 77, 78, 79, 92]
601: [1, 2, 3, 17, 18, 19, 20, 21, 22, 23, 24, 25, 26, 27, 28, 29, 30, 31, 32, 39, 40, 48, 56, 58, 81, 90, 156, 581, 594, 598]
602: [1, 2, 3, 17, 18, 19, 20, 21, 22, 23, 24, 25, 26, 27, 28, 29, 30, 31, 32, 39, 48, 56, 81, 90, 156]
603: [1, 2, 3, 17, 18, 19, 20, 21, 22, 23, 24, 25, 26, 27, 28, 29, 30, 31, 32, 39, 48, 56, 81, 90, 156]
605: [1, 2, 3, 4, 5, 6, 7, 8, 9, 10, 11, 12, 13, 14, 15, 16, 17, 75, 76, 77, 78, 79, 92]
606: [1, 2, 3, 4, 5, 6, 7, 8, 9, 10, 11, 12, 13, 14, 15, 16, 17, 75, 76, 77, 78, 79, 92]
607: [1, 2, 3, 17, 18, 19, 20, 21, 22, 23, 24, 25, 26, 27, 28, 29, 30, 31, 32, 39, 48, 56, 81, 90, 156]
608: [1, 2, 3, 17, 18, 19, 20, 21, 22, 23, 24, 25, 26, 27, 28, 29, 30, 31, 32, 39, 48, 56, 81, 90, 156]
612: [1, 2, 3, 17, 18, 19, 20, 21, 22, 23, 24, 25, 26, 27, 28, 29, 30, 31, 32, 45, 48, 52, 53, 81, 90, 156]
617: [1, 2, 3, 17, 18, 19, 20, 21, 22, 23, 24, 25, 26, 27, 28, 29, 30, 31, 32, 45, 48, 52, 81, 90, 156, 612]
618: [1, 2, 3, 17, 18, 19, 20, 21, 22, 23, 24, 25, 26, 27, 28, 29, 30, 31, 32, 45, 48, 52, 53, 81, 90, 156, 612, 617]
619: [1, 2, 3, 17, 18, 19, 20, 21, 22, 23, 24, 25, 26, 27, 28, 29, 30, 31, 32, 45, 48, 52, 81, 90, 156, 612, 618]
620: [1, 2, 3, 17, 18, 19, 20, 21, 22, 23, 24, 25, 26, 27, 28, 29, 30, 31, 32, 45, 48, 52, 81, 90, 156, 612, 618, 619]
623: [1, 2, 3, 17, 18, 19, 20, 21, 22, 23, 24, 25, 26, 27, 28, 29, 30, 31, 32, 45, 48, 52, 81, 90, 156, 612]
624: [1, 2, 3, 4, 5, 6, 7, 8, 9, 10, 11, 12, 13, 14, 15, 16, 17, 75, 76, 77, 78, 79, 80, 92, 144, 145]
625: [1, 2, 3, 17, 18, 19, 20, 21, 22, 23, 24, 25, 26, 27, 28, 29, 30, 31, 32, 45, 48, 52, 81, 90, 156, 612, 618, 619]
626: [1, 2, 3, 17, 18, 19, 20, 21, 22, 23, 24, 25, 26, 27, 28, 29, 30, 31, 32, 45, 48, 52, 81, 90, 156, 612, 618, 619, 625]
627: [1, 2, 3, 17, 18, 19, 20, 21, 22, 23, 24, 25, 26, 27, 28, 29, 30, 31, 32, 45, 48, 52, 81, 90, 156, 612, 618, 619]
628: [1, 2, 3, 17, 18, 19, 20, 21, 22, 23, 24, 25, 26, 27, 28, 29, 30, 31, 32, 45, 48, 52, 81, 90, 156, 612, 618, 627]
629: [1, 2, 3, 17, 18, 19, 20, 21, 22, 23, 24, 25, 26, 27, 28, 29, 30, 31, 32, 45, 48, 52, 81, 90, 156, 612, 618]
630: [1, 2, 3, 17, 18, 19, 20, 21, 22, 23, 24, 25, 26, 27, 28, 29, 30, 31, 32, 45, 48, 52, 53, 81, 90, 156, 612, 618]
631: [1, 2, 3, 17, 18, 19, 20, 21, 22, 23, 24, 25, 26, 27, 28, 29, 30, 31, 32, 45, 48, 52, 53, 81, 90, 156, 612, 618, 630]
632: [1, 2, 3, 17, 18, 19, 20, 21, 22, 23, 24, 25, 26, 27, 28, 29, 30, 31, 32, 45, 48, 52, 53, 81, 90, 156, 612, 618, 630, 631]
634: [1, 2, 3, 17, 18, 19, 20, 21, 22, 23, 24, 25, 26, 27, 28, 29, 30, 31, 32, 45, 48, 52, 53, 81, 90, 156, 612, 618, 630, 632]
635: [1, 2, 3, 17, 18, 19, 20, 21, 22, 23, 24, 25, 26, 27, 28, 29, 30, 31, 32, 45, 48, 52, 53, 81, 90, 156, 612, 618, 630, 634]
637: [1, 2, 3, 17, 18, 19, 20, 21, 22, 23, 24, 25, 26, 27, 28, 29, 30, 31, 32, 45, 48, 52, 53, 81, 90, 156, 612, 618, 630, 634, 635]
638: [1, 2, 3, 4, 5, 6, 7, 8, 9, 10, 11, 12, 13, 14, 15, 16, 17, 75, 76, 77, 78, 79, 80, 92, 144, 145, 624]
639: [1, 2, 3, 4, 5, 6, 7, 8, 9, 10, 11, 12, 13, 14, 15, 16, 17, 75, 76, 77, 78, 79, 80, 92, 144, 145, 624, 638]
640: [1, 2, 3, 4, 5, 6, 7, 8, 9, 10, 11, 12, 13, 14, 15, 16, 17, 75, 76, 77, 78, 79, 80, 92, 144, 145, 624]
641: [1, 2, 3, 4, 5, 6, 7, 8, 9, 10, 11, 12, 13, 14, 15, 16, 17, 75, 76, 77, 78, 79, 80, 92, 144, 145, 624]
642: [1, 2, 3, 4, 5, 6, 7, 8, 9, 10, 11, 12, 13, 14, 15, 16, 17, 75, 76, 77, 78, 79, 80, 92, 144, 145, 624, 641]
643: [1, 2, 3, 4, 5, 6, 7, 8, 9, 10, 11, 12, 13, 14, 15, 16, 17, 75, 76, 77, 78, 79, 80, 92, 144, 145, 624]
645: [1, 2, 3, 17, 18, 19, 20, 21, 22, 23, 24, 25, 26, 27, 28, 29, 30, 31, 32, 45, 48, 52, 53, 81, 90, 156, 612, 618, 630, 634, 635]
