Description:

Following is a problem description of Graph Coloring Problem. It contains two section.

1. Problem's data description
2. The adjacency list representation of that specific problem.

Please calculate the best solution for this problem, which is the minimum number of colors needed to color the graph such that no two adjacent nodes have the same color.


[GCP_DATA_INFO]
Type: GCP, Graph Coloring Problem
Node: 450
Edge: 8168

[ADJACENCY_List]
2: [1]
4: [3]
5: [2]
7: [6]
8: [7]
9: [4]
12: [6, 7, 10]
15: [12]
16: [5]
17: [1, 3, 5]
18: [15]
19: [1]
20: [3, 4]
22: [3, 10, 11]
24: [18]
25: [3, 12, 17, 24]
26: [4, 9]
27: [6, 19]
28: [17]
30: [6, 7, 12]
31: [12, 15, 17, 20, 28, 30]
32: [30]
33: [1]
35: [18]
36: [35]
37: [26]
38: [13, 31, 33]
40: [29]
41: [24, 35]
42: [6, 35, 41]
43: [4, 9, 26, 30, 32]
45: [6, 23, 27]
46: [18, 19, 27, 28, 35]
48: [35, 36]
49: [2, 5, 6, 7, 10, 12, 15, 24, 30, 31, 32, 38, 43, 47]
50: [9, 38]
51: [29]
52: [24, 25]
53: [6, 7, 10, 12, 15, 25, 49]
54: [5]
55: [5, 18, 24, 37, 44]
56: [2, 52]
57: [8, 45]
58: [18, 24, 47, 49, 55, 56]
59: [18, 24, 55, 58]
60: [5, 12, 17, 42, 53]
61: [39]
62: [1, 61]
63: [28, 46]
64: [30]
65: [24, 42, 47, 49, 58]
66: [4, 7, 9, 12, 26, 27, 43, 53, 54, 60]
67: [14, 33, 38, 39, 44]
68: [7, 15, 27, 42, 64, 66]
69: [5, 16, 40, 47, 55]
70: [5, 17, 39, 52, 59, 60]
71: [27, 28, 30, 31, 67]
72: [2, 4, 8, 41, 47, 49, 56, 58, 65]
73: [1, 15, 18, 19, 31, 35, 38, 39, 46, 61, 67, 68]
74: [1, 33]
75: [4, 11, 42, 72, 73]
76: [4, 7, 8, 13, 23, 26, 28, 43, 45]
77: [1, 5, 16, 24, 27, 31, 38, 39, 41, 69, 71, 73]
78: [7]
79: [45]
80: [4, 13, 26, 30, 32, 39, 43, 49, 54, 56, 58, 67, 71, 73, 76]
81: [10, 17, 33, 69]
82: [6, 27, 35, 45, 48]
83: [9, 11, 28, 42, 46, 50, 57, 63, 73, 75, 79]
84: [3, 4, 13, 20, 33]
85: [7, 45, 51, 57, 78]
86: [6, 19, 27, 45, 46, 60, 82]
87: [16, 23]
88: [38, 50, 55, 61]
89: [4, 26, 28, 35, 36, 43, 46, 48, 63, 76, 80, 83, 85]
90: [19, 38, 50, 88]
91: [18, 24, 55, 57, 58, 59, 88]
92: [49, 55, 66, 88, 91]
93: [22, 85]
94: [5, 17, 42, 56, 58, 60, 70, 80]
95: [1, 19, 54, 69, 73, 91]
96: [7, 12, 25, 32, 42, 53, 65, 93]
97: [12, 25, 53, 60, 63, 74, 86, 96]
98: [2, 3, 4, 5, 17, 20, 26, 43, 51, 56, 58, 60, 70, 72, 75, 76, 80, 82, 84, 89, 94]
99: [11, 28, 35, 83]
100: [12, 35, 41, 42, 53, 60, 66, 97]
101: [35, 36, 48, 57, 75, 89]
102: [3, 22, 31, 38, 59, 73, 77]
103: [2, 15, 18, 69]
104: [6, 42, 51, 78, 98]
105: [8, 31, 34, 35, 41, 42, 47, 49, 50, 57, 58, 65, 72, 83, 100]
106: [2, 4, 5, 33, 49, 72, 73, 75, 83, 84, 98]
107: [13, 15, 18, 80, 81, 103]
108: [2, 5, 10, 12, 49, 53, 54, 66, 106]
109: [22, 75, 93]
110: [16, 33, 84, 88, 106]
111: [9, 29, 40, 47, 50, 52, 82, 83, 89, 98]
112: [4, 15, 26, 35, 43, 61, 68, 73, 76, 78, 80, 88, 89, 98, 99]
113: [30, 71, 80, 87, 109]
114: [50, 59, 82, 98, 102, 111]
115: [14, 27, 54, 66, 71, 77, 108]
116: [19, 31, 38, 57, 73, 77, 90, 102]
117: [18, 35, 45, 46, 53, 73, 79]
118: [6, 7, 12, 30, 31, 49, 53, 60, 66, 100, 105]
119: [6, 7, 12, 31, 38, 49, 53, 73, 77, 93, 102, 116]
120: [51, 64, 98, 104]
121: [24, 47, 69, 81]
122: [12, 13, 30, 31, 103, 118]
123: [44, 52, 59, 67, 102, 114]
125: [16, 31, 59, 85, 106]
126: [13, 38, 47, 52, 70, 123]
127: [3, 21, 26]
128: [19, 109]
129: [3, 17, 25, 47, 49, 58, 65, 72, 73, 75, 83, 92, 105, 106]
130: [33, 42, 65, 81, 96]
131: [6, 22, 42, 104, 105, 118]
132: [53, 60, 76]
133: [1, 33, 99]
134: [3, 12, 17, 25, 35, 53, 54, 60, 66, 86, 96, 97, 99, 108, 112, 115, 129]
135: [2, 56, 72, 98]
136: [9, 35, 36, 38, 47, 48, 50, 69, 83, 88, 89, 90, 101, 111]
137: [6, 7, 12, 28, 30, 31, 35, 41, 42, 49, 53, 71, 82, 98, 100, 105, 111, 114, 118, 119]
138: [59, 82, 98, 111, 114, 137]
139: [38, 41, 42, 47, 50, 53, 65, 72, 78, 88, 90, 96, 121, 130, 136]
140: [3, 4, 9, 17, 25, 26, 31, 43, 49, 66, 82, 98, 105, 111, 114, 121, 129, 134, 137, 138]
141: [7, 62, 78, 85, 93, 125]
142: [3, 17, 25, 93, 96, 129, 134, 140]
143: [34, 117]
144: [17, 23, 45, 65, 76, 93, 96]
145: [6, 7, 9, 30, 49, 96, 118, 137]
146: [15, 18, 72, 103, 107, 135]
147: [91, 120]
148: [1, 35, 47, 61, 62, 99, 112, 121, 134, 139]
149: [17, 31, 36, 40]
150: [27, 71, 77, 94, 115]
151: [6, 7, 11, 12, 29, 30, 39, 43, 49, 51, 53, 65, 73, 77, 83, 99, 102, 118, 119, 137, 145]
152: [1, 4, 33, 72, 75, 98, 106, 133]
153: [1, 19, 30, 42, 47, 65, 71, 73, 74, 80, 95, 96, 97, 112, 113, 130, 139]
154: [12, 15, 25, 33, 53, 68, 73, 84, 96, 97, 106, 110, 112, 134]
155: [2, 24, 25, 42, 46, 52, 60, 103, 133, 144]
156: [3, 4, 12, 15, 22, 24, 26, 29, 31, 33, 43, 49, 59, 76, 80, 84, 89, 97, 98, 100, 102, 106, 110, 112, 115, 154]
157: [10, 12, 15, 18, 49, 53, 54, 66, 71, 103, 107, 108, 115, 134, 146]
158: [6, 27, 42, 45, 49, 52, 59, 65, 78, 82, 86, 96, 123, 126, 130, 135, 139, 153, 156]
159: [4, 29, 51, 72, 75, 80, 91, 92, 98, 106, 151, 152]
160: [21, 42, 59, 60, 74, 82, 97, 98, 111, 114, 137, 138, 140, 153, 155]
161: [6, 7, 23, 30, 45, 49, 91, 95, 109, 113, 118, 137, 139, 142, 145, 150, 151]
162: [1, 2, 5, 22, 49, 50, 73, 75, 83, 93, 105, 106, 108, 109, 129]
163: [24, 41, 59, 77, 102, 114, 123, 140]
164: [1, 6, 7, 9, 30, 33, 47, 48, 49, 55, 71, 80, 113, 118, 133, 137, 145, 151, 152, 153, 161]
165: [4, 42, 52, 68, 69, 81, 86, 88, 109, 121, 123, 124, 126, 158]
166: [10, 13, 17, 22, 30, 32, 39, 43, 49, 56, 58, 62, 67, 73, 80, 94, 98, 107, 144, 159]
167: [18, 19, 24, 27, 29, 36, 46, 51, 55, 58, 59, 86, 91, 148, 151, 156, 159]
168: [4, 7, 26, 42, 43, 75, 76, 80, 83, 89, 96, 98, 112, 127, 156]
169: [9, 24, 25, 50, 52, 57, 83, 86, 101, 111, 136, 155]
170: [29, 39, 43, 51, 61, 70, 73, 77, 118, 151, 159, 167]
171: [30, 92, 115]
172: [19, 27, 31, 33, 38, 46, 55, 73, 77, 84, 86, 88, 91, 92, 102, 106, 110, 116, 119, 123, 154, 156, 167]
173: [6, 42, 63, 64, 71, 104, 131, 150, 154, 162]
175: [13, 35, 36, 38, 48, 52, 80, 89, 101, 123, 126, 136, 158, 159, 165, 166]
176: [8, 45, 53, 57, 60, 67, 83, 132]
177: [8, 16, 47, 71, 121, 136, 139, 148, 150, 176]
178: [33, 38, 39, 49, 60, 67, 70, 86, 92, 97, 129, 134, 170]
179: [39, 42, 48, 63, 67, 70, 73, 75, 80, 83, 166, 168, 173]
180: [19, 35, 36, 42, 47, 48, 59, 65, 89, 96, 101, 102, 114, 121, 123, 124, 130, 136, 139, 148, 153, 158, 163, 175, 177]
181: [33, 38, 42, 67, 95, 178]
182: [15, 40, 66, 68, 69, 73, 75, 80, 83, 106, 112, 129, 154, 162, 163]
183: [14, 22, 104]
184: [2, 9, 45, 56, 57, 72, 98, 116, 135]
185: [28, 76, 166, 174]
186: [1, 3, 9, 15, 17, 18, 24, 25, 33, 35, 46, 52, 73, 74, 103, 107, 117, 129, 134, 140, 142, 145, 146, 155, 157, 164, 169]
187: [33, 35, 36, 48, 89, 96, 101, 136, 145, 175, 180]
188: [24, 41, 57, 64, 65, 71, 77, 101, 150, 163, 169, 177, 180]
189: [1, 28, 46, 61, 62, 63, 83, 89, 110, 148]
190: [41, 51, 98, 104, 120, 126, 141]
191: [6, 7, 12, 33, 38, 42, 49, 53, 59, 65, 67, 73, 75, 83, 96, 102, 106, 114, 119, 123, 129, 130, 137, 139, 151, 153, 157, 158, 162, 163, 178, 180, 181, 182, 190]
192: [28, 31, 35, 36, 48, 49, 71, 89, 92, 101, 105, 109, 113, 129, 136, 137, 140, 151, 161, 175, 178, 180, 187, 188]
193: [1, 2, 106, 122, 125, 144, 166, 185]
194: [7, 13, 35, 38, 52, 70, 78, 82, 85, 126, 141, 175]
195: [6, 7, 10, 12, 49, 53, 83, 108, 119, 137, 151, 157, 162, 191]
196: [5, 42, 57, 101, 118, 169, 188]
197: [9, 24, 25, 52, 69, 80, 81, 121, 145, 155, 159, 163, 164, 165, 166, 169, 175, 186]
198: [10, 37, 38, 42, 50, 52, 55, 60, 70, 88, 90, 126, 136, 139, 155, 160, 190, 191, 194]
199: [7, 8, 45, 60, 76, 113, 117, 135, 150, 192]
200: [1, 7, 8, 33, 62, 74, 76, 148, 181, 186, 189, 199]
201: [37, 55, 97, 122, 198]
202: [30, 56, 58, 59, 80, 94, 98, 116, 125, 131, 166, 171]
203: [24, 25, 29, 40, 52, 86, 91, 95, 111, 155, 161, 169, 186, 197]
204: [6, 7, 8, 12, 35, 49, 53, 58, 60, 76, 119, 137, 151, 163, 176, 182, 191, 195, 199, 200]
205: [1, 7, 14, 19, 24, 33, 49, 60, 66, 68, 73, 84, 86, 95, 97, 106, 110, 134, 153, 154, 156, 172, 178]
206: [9, 24, 25, 42, 52, 90, 94, 155, 169, 172, 184, 186, 187, 197, 203]
207: [11, 46, 75, 131, 139, 154, 161, 203]
208: [5, 10, 12, 17, 22, 23, 45, 49, 50, 53, 54, 60, 66, 70, 76, 85, 94, 98, 105, 108, 115, 125, 134, 137, 141, 144, 157, 162, 166, 195]
209: [6, 10, 19, 27, 45, 46, 82, 85, 86, 93, 141, 158, 167, 172, 190, 191, 198]
210: [24, 25, 26, 29, 40, 52, 83, 111, 155, 169, 186, 197, 203, 206]
211: [20, 59, 85, 125, 129, 140, 141, 202, 208]
212: [30, 38, 39, 50, 60, 70, 71, 80, 86, 88, 90, 96, 97, 113, 134, 136, 139, 153, 164, 170, 178, 198, 205]
213: [5, 19, 27, 29, 31, 38, 46, 51, 55, 67, 69, 73, 77, 86, 88, 91, 92, 102, 116, 119, 151, 159, 167, 170, 172, 209]
214: [17, 31, 60, 149, 150]
215: [1, 17, 33, 38, 47, 55, 67, 73, 77, 88, 91, 92, 99, 114, 133, 152, 153, 164, 172, 178, 181, 191, 213]
216: [32, 39, 70, 122, 170, 175, 178, 212]
217: [12, 15, 26, 31, 36, 69, 81, 121, 156, 165, 175, 197]
218: [7, 41, 59, 94, 96, 102, 106, 114, 123, 125, 163, 168, 180, 190, 191, 193]
219: [1, 15, 17, 18, 33, 35, 36, 38, 41, 42, 46, 48, 60, 67, 68, 73, 77, 82, 86, 89, 97, 100, 101, 105, 106, 112, 117, 125, 134, 136, 137, 154, 175, 178, 180, 181, 182, 186, 187, 191, 192, 193, 194, 205, 212, 215, 218]
220: [29, 44, 47, 49, 56, 58, 65, 66, 67, 72, 78, 80, 94, 98, 105, 112, 123, 129, 149, 156, 166, 202]
221: [7, 28, 46, 47, 49, 50, 58, 63, 65, 66, 68, 72, 83, 89, 94, 105, 120, 129, 147, 162, 189, 205, 208, 218, 220]
222: [33, 38, 41, 67, 105, 118, 131, 178, 181, 190, 191, 215, 218, 219]
223: [4, 31, 47, 49, 57, 69, 72, 75, 98, 101, 105, 106, 121, 136, 140, 152, 159, 169, 188, 192, 196]
224: [3, 4, 10, 12, 20, 35, 41, 42, 49, 53, 82, 84, 97, 98, 100, 105, 108, 118, 131, 137, 157, 190, 195, 201, 208, 218, 219, 222]
225: [5, 16, 41, 69, 77, 131, 184, 207]
226: [2, 24, 25, 35, 52, 56, 72, 82, 98, 99, 112, 134, 135, 148, 155, 169, 184, 186, 194, 197, 203, 206, 210, 219]
227: [6, 7, 8, 13, 24, 38, 76, 91, 95, 103, 111, 114, 121, 126, 161, 166, 175, 185, 193, 194, 199, 200, 203, 204, 215]
228: [5, 17, 35, 41, 42, 60, 70, 82, 94, 98, 100, 105, 134, 137, 208, 219, 224]
229: [13, 28, 31, 38, 52, 71, 75, 123, 126, 137, 158, 165, 175, 192, 194, 207, 227]
230: [9, 16, 59, 73, 75, 83, 102, 106, 114, 123, 129, 145, 162, 163, 164, 180, 182, 186, 191, 196, 197, 218]
231: [7, 8, 41, 76, 85, 137, 190, 191, 198, 199, 200, 204, 209, 218, 222, 224, 227]
232: [17, 31, 41, 42, 45, 56, 57, 59, 75, 78, 80, 83, 85, 104, 105, 118, 125, 131, 139, 141, 149, 159, 160, 161, 166, 168, 175, 179, 190, 197, 207, 208, 211, 214, 218, 222, 224, 231]
233: [1, 12, 15, 19, 31, 45, 73, 90, 95, 109, 116, 117, 135, 153, 156, 199, 205, 217]
234: [1, 2, 27, 38, 50, 71, 77, 88, 90, 105, 115, 136, 139, 150, 162, 165, 166, 193, 197, 198, 208, 212, 221]
235: [38, 50, 69, 78, 81, 88, 90, 121, 136, 139, 158, 165, 171, 197, 198, 212, 217, 232, 234]
236: [3, 15, 17, 22, 31, 68, 73, 93, 102, 109, 112, 149, 154, 156, 162, 182, 214, 219, 232]
237: [15, 19, 30, 49, 53, 90, 91, 116, 135, 143, 171, 199, 202, 233]
238: [167, 174]
239: [18, 25, 27, 71, 77, 115, 150, 234]
240: [3, 17, 22, 31, 56, 58, 80, 94, 98, 102, 114, 146, 149, 156, 166, 202, 214, 215, 220, 227, 232, 236]
241: [47, 58, 60, 65, 86, 97, 118, 129, 134, 170, 176, 177, 178, 204, 205, 212, 219]
242: [10, 12, 28, 46, 49, 50, 53, 63, 83, 85, 89, 105, 108, 118, 125, 131, 141, 157, 162, 189, 195, 208, 211, 221, 222, 224, 232, 234]
243: [59, 97, 100, 112, 125, 156, 158, 202, 211]
244: [6, 7, 35, 36, 42, 48, 66, 68, 89, 90, 101, 104, 131, 136, 173, 175, 180, 187, 192, 205, 219, 221]
245: [12, 24, 28, 30, 31, 47, 49, 71, 92, 93, 96, 118, 121, 122, 137, 139, 144, 148, 156, 177, 180, 192, 205, 223, 227, 229]
246: [1, 28, 33, 44, 46, 62, 63, 67, 78, 83, 89, 112, 123, 133, 152, 164, 189, 215, 220, 221, 242]
247: [36, 43, 70, 71, 85, 93, 149, 151, 170, 176, 183, 209]
248: [190, 191, 198, 209, 214, 231]
249: [2, 10, 15, 18, 22, 57, 65, 101, 103, 107, 118, 121, 146, 155, 157, 166, 169, 180, 186, 188, 196, 208, 223, 245]
250: [1, 2, 5, 6, 33, 49, 74, 93, 96, 106, 108, 133, 144, 155, 162, 186, 200, 245]
251: [3, 4, 20, 23, 37, 45, 76, 84, 98, 135, 144, 208, 217, 224]
252: [59, 68, 78, 139, 156, 158, 190, 191, 198, 209, 231, 235, 243, 248]
253: [9, 50, 77, 83, 111, 136, 169, 182, 184, 189, 206]
254: [33, 40, 42, 48, 65, 69, 81, 96, 130, 139, 141, 153, 158, 180, 182, 191]
255: [3, 4, 13, 20, 28, 31, 38, 42, 71, 84, 98, 109, 113, 126, 137, 161, 173, 175, 192, 194, 224, 227, 229, 245, 251]
256: [10, 12, 15, 49, 53, 68, 73, 102, 108, 112, 154, 157, 182, 185, 195, 208, 219, 224, 236, 242]
257: [4, 12, 15, 26, 31, 35, 36, 43, 48, 57, 76, 80, 89, 98, 101, 112, 133, 136, 156, 168, 169, 175, 180, 187, 188, 192, 196, 217, 219, 223, 233, 244, 249]
258: [6, 7, 9, 21, 30, 40, 42, 49, 50, 61, 66, 68, 69, 83, 88, 111, 112, 118, 127, 136, 137, 141, 145, 151, 161, 164, 169, 173, 182, 205, 221, 244, 253, 254, 255]
259: [15, 35, 57, 83, 99, 105, 112, 118, 131, 134, 148, 162, 176, 188, 195, 222, 224, 226, 232, 242]
260: [46, 54, 105, 118, 131, 136, 137, 159, 222, 224, 226, 232, 242, 259]
261: [10, 22, 27, 63, 71, 77, 78, 115, 139, 150, 158, 166, 173, 179, 198, 208, 209, 234, 235, 239, 249, 252]
262: [2, 5, 10, 18, 24, 42, 49, 55, 58, 59, 60, 86, 91, 106, 108, 155, 160, 162, 167, 190, 191, 198, 209, 231, 248, 250, 252, 261]
263: [2, 5, 6, 7, 30, 32, 42, 43, 45, 49, 57, 60, 80, 85, 86, 97, 106, 108, 118, 134, 137, 145, 151, 155, 160, 161, 162, 164, 166, 178, 198, 205, 212, 214, 219, 232, 241, 250, 258, 262]
264: [12, 13, 30, 38, 53, 60, 66, 71, 80, 92, 100, 105, 107, 113, 118, 126, 131, 133, 153, 164, 166, 170, 175, 182, 194, 212, 222, 224, 227, 229, 232, 241, 242, 245, 255, 259, 260]
265: [6, 15, 19, 27, 45, 46, 68, 73, 82, 86, 89, 111, 112, 153, 154, 158, 167, 172, 182, 194, 209, 213, 219, 236, 243, 256]
266: [2, 5, 45, 49, 52, 57, 85, 106, 108, 123, 126, 158, 162, 165, 175, 229, 232, 250, 262, 263]
267: [9, 16, 50, 60, 71, 78, 83, 86, 88, 97, 111, 134, 136, 150, 165, 169, 173, 178, 205, 212, 219, 232, 234, 235, 241, 253, 258, 263]
268: [9, 24, 25, 42, 50, 52, 60, 92, 155, 160, 169, 176, 186, 197, 198, 203, 204, 206, 210, 226, 241, 262, 263]
269: [4, 9, 26, 43, 66, 140, 235, 261]
270: [1, 7, 19, 27, 46, 73, 86, 91, 95, 96, 139, 153, 161, 167, 168, 172, 176, 203, 205, 207, 209, 213, 218, 227, 232, 233, 265]
271: [9, 12, 15, 18, 24, 27, 41, 47, 53, 60, 66, 71, 77, 100, 103, 107, 115, 118, 146, 150, 153, 157, 163, 164, 184, 186, 188, 200, 206, 215, 234, 239, 249, 253, 261, 264]
272: [4, 5, 9, 26, 43, 55, 66, 69, 140, 196, 213, 230, 269]
273: [22, 43, 96, 142, 151, 170, 179, 247]
274: [12, 29, 30, 31, 35, 40, 41, 42, 51, 82, 98, 100, 104, 105, 111, 114, 118, 120, 122, 137, 138, 140, 160, 171, 190, 202, 203, 210, 218, 219, 224, 228, 237, 245]
275: [2, 47, 56, 69, 72, 98, 135, 136, 184, 223, 226]
276: [2, 5, 31, 35, 38, 42, 49, 73, 77, 82, 102, 106, 108, 116, 119, 133, 153, 155, 162, 172, 173, 194, 213, 219, 226, 250, 255, 258, 262, 263, 265, 266, 272]
277: [5, 33, 55, 69, 89, 175, 213, 221, 272]
278: [24, 41, 47, 49, 58, 65, 72, 105, 121, 129, 139, 148, 156, 177, 180, 205, 206, 220, 221, 245]
279: [28, 76, 80, 148, 185, 253, 275]
280: [3, 4, 20, 21, 36, 78, 82, 84, 97, 98, 104, 142, 201, 224, 228, 232, 251, 255]
281: [4, 42, 65, 67, 75, 78, 83, 168, 179, 180, 188, 203, 207, 232, 235, 249, 267]
282: [6, 7, 8, 11, 17, 28, 30, 31, 46, 49, 63, 83, 89, 99, 118, 137, 145, 149, 151, 161, 164, 189, 214, 221, 232, 236, 240, 242, 246, 256, 258, 263, 278]
283: [2, 5, 7, 8, 24, 49, 56, 72, 76, 91, 95, 98, 106, 107, 108, 114, 121, 135, 156, 161, 162, 184, 199, 200, 203, 204, 205, 215, 226, 227, 231, 240, 245, 250, 262, 263, 266, 270, 275, 276, 278]
284: [69, 78, 81, 121, 139, 145, 158, 165, 197, 217, 232, 235, 252, 261, 267, 281]
285: [8, 12, 25, 35, 49, 53, 57, 83, 92, 96, 97, 99, 112, 129, 134, 148, 154, 176, 177, 178, 191, 192, 207, 226, 259]
286: [5, 17, 55, 60, 69, 70, 94, 98, 110, 117, 208, 213, 228, 272, 277]
287: [1, 18, 33, 35, 46, 56, 58, 73, 74, 80, 94, 98, 117, 166, 186, 200, 202, 219, 220, 240, 250]
288: [12, 53, 60, 66, 89, 100, 118, 175, 262, 264, 269, 271, 277]
289: [8, 30, 71, 80, 113, 120, 147, 153, 164, 212, 221, 233, 264]
290: [6, 7, 12, 49, 53, 61, 62, 84, 119, 137, 148, 151, 189, 191, 195, 204, 241]
291: [2, 15, 40, 55, 68, 69, 73, 82, 88, 91, 92, 112, 154, 172, 182, 213, 215, 219, 224, 228, 236, 243, 254, 256, 258, 265, 280]
292: [6, 33, 42, 47, 49, 58, 65, 66, 72, 81, 89, 104, 105, 111, 123, 129, 130, 131, 173, 213, 220, 221, 235, 244, 254, 261, 265, 269, 278]
293: [33, 35, 36, 48, 64, 84, 87, 89, 101, 106, 110, 136, 154, 156, 172, 175, 180, 187, 192, 205, 207, 219, 244, 257, 285]
294: [2, 5, 17, 31, 49, 56, 58, 72, 91, 95, 98, 106, 108, 135, 149, 161, 162, 184, 203, 214, 226, 227, 232, 236, 240, 250, 262, 263, 266, 268, 270, 275, 276, 282, 283]
295: [14, 36, 67, 119, 216]
296: [29, 40, 79, 90, 111, 117, 157, 203, 207, 210, 274, 293]
297: [5, 17, 24, 41, 49, 51, 56, 58, 60, 61, 70, 77, 80, 94, 98, 104, 120, 156, 163, 166, 188, 190, 202, 205, 208, 220, 228, 240, 245, 271, 274, 278, 283, 286, 287]
298: [1, 3, 17, 20, 25, 35, 41, 42, 82, 100, 105, 129, 134, 137, 140, 142, 186, 194, 211, 215, 219, 224, 226, 228, 274, 276]
299: [39, 42, 60, 70, 93, 96, 139, 144, 155, 160, 161, 170, 178, 198, 207, 212, 213, 216, 232, 245, 250, 262, 263, 268, 270]
300: [11, 57, 64, 82, 98, 101, 111, 114, 137, 138, 140, 160, 169, 188, 191, 196, 223, 249, 257, 274]
301: [3, 4, 17, 20, 25, 40, 69, 82, 84, 92, 93, 96, 98, 111, 114, 129, 134, 137, 138, 140, 142, 144, 160, 182, 186, 222, 224, 245, 250, 251, 254, 255, 258, 264, 274, 280, 291, 298, 299, 300]
302: [1, 9, 19, 39, 42, 61, 65, 67, 73, 80, 93, 95, 96, 114, 130, 139, 140, 144, 153, 158, 163, 166, 170, 179, 180, 191, 205, 233, 245, 250, 253, 254, 270, 271, 299, 301]
303: [6, 13, 14, 38, 42, 47, 49, 52, 58, 65, 67, 72, 104, 105, 126, 129, 131, 172, 173, 175, 194, 220, 221, 227, 229, 244, 255, 264, 278, 292, 295]
304: [23, 45, 72, 76, 128, 135, 143, 144, 146, 161, 190, 191, 198, 208, 209, 231, 248, 251, 252, 262]
305: [10, 12, 13, 15, 49, 53, 62, 68, 73, 76, 99, 108, 112, 154, 157, 166, 182, 195, 208, 219, 224, 236, 242, 256, 265, 291]
306: [5, 14, 17, 31, 43, 59, 60, 67, 70, 80, 94, 98, 125, 149, 151, 159, 166, 170, 175, 197, 202, 208, 211, 214, 228, 232, 236, 240, 243, 247, 273, 282, 286, 294, 295, 297, 303]
307: [5, 17, 35, 41, 42, 60, 70, 94, 98, 100, 105, 137, 138, 208, 219, 224, 228, 251, 274, 286, 297, 298, 306]
308: [11, 47, 60, 69, 102, 105, 118, 131, 136, 176, 204, 207, 222, 223, 224, 232, 241, 242, 259, 260, 264, 268, 275]
309: [1, 20, 33, 58, 73, 74, 186, 200, 250, 287, 290, 298, 301]
310: [29, 35, 51, 99, 112, 134, 141, 148, 149, 151, 159, 167, 170, 213, 226, 231, 254, 258, 259, 285]
311: [5, 8, 16, 27, 47, 57, 66, 69, 77, 78, 82, 105, 113, 136, 139, 158, 192, 199, 223, 225, 235, 252, 261, 275, 284, 308]
312: [23, 45, 76, 113, 144, 161, 208, 251, 301, 304]
313: [47, 59, 125, 152, 202, 211, 243, 257, 272, 306]
314: [3, 12, 15, 27, 31, 36, 45, 57, 66, 80, 85, 156, 159, 166, 175, 197, 217, 232, 233, 257, 263, 266, 306, 311]
315: [7, 8, 9, 31, 38, 57, 59, 73, 76, 77, 79, 102, 116, 117, 119, 156, 158, 172, 184, 199, 200, 204, 206, 213, 227, 231, 243, 252, 253, 271, 276, 283, 296, 304]
316: [2, 13, 84, 103, 137, 147, 155, 163, 182, 204, 237, 249, 260, 275]
317: [33, 38, 60, 61, 67, 88, 112, 176, 178, 181, 191, 204, 215, 219, 222, 241, 258, 268, 308]
318: [6, 27, 29, 39, 45, 70, 82, 86, 96, 145, 156, 158, 170, 178, 187, 209, 212, 216, 220, 265, 299]
319: [38, 42, 53, 60, 86, 97, 132, 134, 150, 155, 160, 176, 178, 198, 205, 212, 219, 240, 241, 262, 263, 267, 268, 299]
320: [1, 2, 9, 27, 71, 77, 88, 114, 115, 129, 150, 165, 184, 193, 206, 234, 239, 253, 261, 267, 271, 302, 315]
321: [30, 35, 39, 60, 67, 71, 73, 80, 85, 86, 97, 99, 112, 113, 122, 134, 148, 153, 164, 166, 178, 179, 205, 212, 219, 226, 241, 259, 263, 264, 267, 285, 289, 302, 310, 319]
322: [1, 19, 42, 59, 65, 73, 95, 96, 130, 139, 153, 156, 158, 180, 191, 205, 233, 243, 252, 254, 266, 270, 281, 302, 315]
323: [4, 12, 30, 31, 75, 117, 118, 122, 171, 184, 202, 237, 245, 274, 281]
324: [10, 12, 35, 47, 49, 53, 55, 59, 61, 85, 88, 91, 92, 108, 112, 125, 141, 153, 157, 164, 172, 193, 195, 202, 208, 211, 213, 215, 224, 232, 242, 243, 256, 258, 271, 291, 305, 306, 313, 317]
325: [1, 4, 9, 22, 26, 33, 43, 44, 47, 59, 66, 93, 109, 133, 140, 152, 153, 156, 158, 162, 164, 215, 236, 243, 246, 252, 269, 271, 272, 292, 315, 322, 324]
326: [7, 15, 49, 53, 237]
327: [7, 38, 96, 168, 196, 218, 270]
328: [5, 19, 27, 29, 46, 51, 55, 62, 65, 69, 86, 151, 159, 166, 167, 170, 172, 180, 188, 196, 209, 213, 230, 249, 265, 270, 272, 277, 281, 286, 287, 305, 310]
329: [10, 18, 22, 35, 46, 73, 97, 100, 117, 123, 142, 156, 166, 186, 190, 208, 219, 243, 249, 261, 280, 287]
330: [24, 27, 41, 47, 66, 69, 77, 94, 113, 136, 163, 188, 192, 199, 218, 221, 223, 271, 275, 297, 308, 311, 314]
331: [9, 47, 49, 50, 58, 65, 72, 105, 129, 162, 208, 220, 221, 234, 242, 268, 278, 290, 292, 303]
332: [13, 21, 76, 126, 193, 246, 305]
333: [12, 15, 25, 30, 31, 36, 44, 53, 60, 86, 96, 97, 112, 134, 154, 156, 171, 175, 178, 201, 202, 205, 212, 217, 219, 224, 233, 237, 241, 257, 263, 267, 274, 280, 285, 314, 319, 321, 323]
334: [42, 63, 68, 69, 81, 121, 165, 173, 179, 188, 197, 206, 207, 217, 235, 255, 258, 261, 276, 278, 284, 293, 296]
335: [24, 49, 57, 92, 101, 106, 118, 129, 144, 169, 178, 188, 192, 196, 223, 249, 257, 264, 285, 286, 300]
336: [22, 35, 41, 42, 47, 48, 49, 58, 59, 65, 72, 82, 93, 100, 102, 105, 109, 114, 115, 123, 129, 137, 153, 162, 163, 164, 180, 191, 215, 218, 219, 220, 221, 224, 228, 230, 236, 271, 274, 278, 292, 298, 303, 307, 317, 324, 325, 331]
337: [29, 40, 111, 133, 155, 168, 176, 203, 210, 250, 258, 274, 276, 281, 296]
338: [19, 27, 46, 86, 120, 147, 167, 172, 209, 213, 221, 252, 265, 270, 289, 328]
339: [6, 7, 30, 31, 35, 49, 50, 105, 118, 137, 140, 145, 151, 161, 164, 192, 196, 223, 230, 258, 263, 272, 282, 328]
340: [30, 42, 63, 66, 75, 83, 139, 161, 168, 171, 173, 179, 194, 202, 207, 232, 237, 261, 270, 274, 281, 299, 323, 333, 334]
341: [7, 30, 32, 33, 43, 45, 49, 80, 84, 96, 106, 110, 117, 154, 156, 166, 168, 171, 172, 199, 202, 205, 218, 233, 237, 263, 270, 274, 277, 292, 293, 323, 327, 333, 340]
342: [1, 4, 19, 35, 69, 73, 75, 81, 94, 95, 99, 112, 121, 134, 143, 148, 153, 165, 197, 205, 217, 218, 221, 226, 233, 235, 259, 270, 281, 284, 285, 302, 310, 321, 322, 323, 330, 334]
343: [5, 16, 42, 65, 69, 77, 80, 81, 96, 121, 130, 139, 153, 158, 159, 165, 166, 174, 175, 180, 182, 191, 197, 217, 225, 232, 235, 249, 254, 264, 284, 302, 306, 311, 314, 322, 334, 342]
344: [1, 7, 9, 19, 21, 24, 25, 33, 49, 50, 52, 66, 68, 73, 83, 84, 95, 96, 106, 110, 111, 127, 136, 142, 153, 154, 155, 156, 169, 172, 186, 197, 203, 205, 206, 210, 221, 226, 233, 244, 245, 253, 258, 267, 268, 270, 273, 278, 283, 293, 297, 302, 322, 341, 342]
345: [4, 22, 63, 93, 109, 131, 162, 173, 179, 221, 229, 236, 261, 325, 334, 336, 340]
346: [30, 71, 80, 87, 113, 153, 164, 185, 212, 264, 267, 289, 305, 321]
347: [10, 11, 13, 20, 22, 24, 49, 83, 84, 99, 103, 106, 118, 125, 129, 140, 151, 156, 166, 170, 193, 196, 205, 208, 211, 218, 219, 241, 245, 249, 261, 264, 276, 278, 282, 283, 297, 298, 301, 309, 316, 329, 335, 344]
348: [15, 17, 27, 31, 41, 45, 57, 59, 66, 68, 73, 80, 85, 105, 112, 118, 125, 127, 131, 141, 149, 154, 159, 160, 166, 175, 182, 190, 197, 208, 211, 214, 218, 219, 222, 224, 231, 232, 236, 240, 242, 256, 259, 260, 263, 264, 265, 266, 282, 291, 294, 305, 306, 308, 311, 314, 324, 330, 337, 343]
349: [18, 28, 35, 42, 46, 63, 65, 73, 75, 83, 88, 89, 106, 117, 129, 162, 165, 168, 179, 180, 182, 186, 188, 189, 191, 203, 219, 221, 230, 232, 234, 242, 246, 249, 267, 281, 282, 287, 320, 328, 329, 340]
350: [4, 16, 39, 72, 75, 98, 106, 121, 152, 159, 211, 223, 264, 286, 301]
351: [10, 12, 33, 38, 42, 49, 53, 61, 62, 67, 75, 83, 88, 108, 112, 115, 139, 157, 161, 168, 178, 179, 181, 191, 195, 207, 208, 215, 219, 222, 224, 232, 242, 256, 258, 270, 281, 299, 305, 317, 324, 340, 349]
352: [9, 27, 40, 42, 50, 66, 69, 71, 77, 78, 83, 86, 111, 115, 136, 139, 141, 150, 158, 168, 169, 173, 182, 191, 234, 235, 239, 252, 253, 254, 255, 258, 261, 267, 271, 276, 284, 291, 301, 310, 311, 314, 320, 330, 334, 344, 348]
353: [15, 18, 19, 22, 34, 50, 93, 103, 105, 107, 109, 146, 157, 162, 186, 208, 221, 234, 236, 242, 249, 267, 271, 282, 289, 325, 331, 336, 345]
354: [12, 13, 30, 31, 42, 65, 96, 118, 122, 130, 139, 153, 158, 180, 191, 196, 245, 254, 274, 302, 322, 323, 332, 335, 343, 347]
355: [6, 15, 18, 33, 35, 38, 61, 67, 82, 88, 103, 107, 112, 146, 157, 178, 181, 186, 191, 194, 215, 219, 222, 226, 249, 258, 271, 276, 298, 317, 324, 351, 353]
356: [9, 12, 35, 42, 49, 50, 53, 60, 66, 68, 69, 81, 83, 88, 92, 99, 100, 111, 112, 118, 121, 129, 134, 136, 148, 165, 169, 178, 192, 197, 217, 226, 234, 235, 253, 258, 259, 264, 267, 271, 284, 285, 288, 310, 320, 321, 334, 335, 342, 343, 344, 349, 352]
357: [5, 16, 68, 69, 77, 114, 135, 136, 158, 215, 225, 227, 240, 283, 311, 343, 346]
358: [3, 4, 9, 20, 30, 33, 71, 80, 84, 92, 98, 106, 110, 113, 145, 153, 154, 156, 164, 172, 186, 197, 205, 212, 224, 230, 245, 251, 255, 264, 280, 289, 293, 301, 321, 341, 344, 346, 354]
359: [25, 43, 52, 111, 115, 151, 168, 170, 247, 273, 295, 306]
360: [19, 56, 106, 125, 146, 193, 218, 219, 244, 347]
361: [13, 38, 54, 66, 88, 108, 114, 115, 126, 134, 157, 165, 175, 194, 208, 215, 227, 229, 234, 240, 255, 264, 267, 283, 303, 320, 349, 356, 357]
362: [12, 20, 23, 28, 35, 45, 53, 54, 60, 66, 76, 82, 100, 108, 115, 118, 133, 134, 144, 155, 157, 185, 194, 208, 219, 226, 250, 251, 264, 271, 276, 279, 288, 298, 301, 304, 309, 312, 337, 355, 356, 361]
363: [10, 22, 27, 36, 70, 71, 77, 115, 142, 149, 150, 166, 208, 234, 239, 247, 249, 261, 271, 280, 306, 320, 329, 347, 352]
364: [7, 41, 59, 90, 91, 95, 96, 102, 106, 114, 123, 125, 161, 163, 168, 180, 190, 191, 193, 203, 218, 219, 222, 224, 227, 230, 231, 232, 270, 283, 294, 323, 327, 336, 341, 347, 348, 360]
365: [12, 15, 17, 31, 38, 40, 69, 73, 77, 81, 102, 116, 119, 121, 149, 156, 165, 172, 182, 197, 213, 214, 217, 232, 233, 235, 236, 240, 254, 257, 258, 276, 282, 284, 291, 294, 301, 306, 314, 315, 333, 334, 342, 343, 348, 352, 356]
366: [62, 105, 118, 131, 145, 152, 222, 224, 232, 242, 250, 259, 260, 264, 308, 348]
367: [3, 4, 20, 84, 85, 93, 96, 98, 141, 144, 209, 224, 245, 250, 251, 255, 280, 299, 301, 302, 326, 341, 358, 363]
368: [17, 31, 72, 135, 146, 149, 214, 232, 236, 240, 282, 294, 297, 304, 306, 348, 365]
369: [28, 31, 42, 47, 60, 71, 121, 133, 137, 139, 148, 155, 160, 177, 180, 192, 198, 229, 245, 250, 255, 262, 263, 268, 276, 278, 299, 319, 337, 362]
370: [6, 7, 12, 18, 31, 35, 38, 42, 46, 49, 53, 73, 77, 96, 102, 104, 105, 116, 117, 118, 119, 131, 137, 142, 151, 168, 172, 173, 186, 191, 195, 204, 213, 218, 219, 222, 224, 232, 242, 244, 255, 258, 259, 260, 264, 270, 273, 276, 287, 290, 292, 303, 308, 315, 327, 329, 334, 341, 344, 348, 349, 352, 364, 365, 366]
371: [4, 10, 12, 47, 49, 53, 64, 72, 75, 82, 98, 106, 108, 111, 114, 121, 127, 137, 138, 139, 140, 148, 152, 157, 159, 160, 177, 180, 188, 195, 207, 208, 223, 224, 229, 242, 245, 256, 274, 278, 300, 301, 305, 324, 350, 351, 369]
372: [7, 15, 52, 66, 68, 73, 112, 123, 126, 154, 158, 165, 175, 182, 205, 219, 221, 229, 236, 244, 248, 256, 258, 265, 266, 271, 291, 305, 344, 348]
373: [11, 83, 99, 151, 282, 332, 347, 369]
374: [47, 49, 56, 58, 65, 72, 78, 80, 94, 98, 105, 112, 129, 166, 183, 202, 220, 221, 240, 246, 278, 287, 292, 297, 303, 310, 331, 336]
375: [24, 33, 49, 84, 106, 110, 154, 156, 172, 205, 245, 251, 278, 283, 293, 297, 341, 344, 347, 358]
376: [9, 12, 49, 59, 88, 92, 102, 110, 114, 123, 129, 145, 163, 164, 178, 180, 186, 191, 192, 197, 218, 230, 285, 335, 336, 356, 358, 364, 372]
377: [31, 35, 43, 49, 59, 105, 121, 125, 133, 140, 151, 170, 192, 202, 211, 219, 223, 226, 243, 245, 247, 249, 273, 306, 313, 324, 339, 359]
378: [9, 24, 25, 37, 49, 52, 74, 145, 155, 156, 157, 164, 169, 186, 197, 203, 205, 206, 210, 226, 230, 245, 262, 268, 278, 283, 297, 344, 347, 358, 375, 376]
379: [8, 12, 15, 18, 31, 50, 57, 103, 105, 107, 146, 156, 157, 162, 176, 177, 186, 208, 217, 221, 233, 234, 242, 249, 257, 271, 285, 311, 314, 331, 333, 353, 355, 365, 375]
380: [13, 19, 27, 28, 46, 63, 83, 84, 86, 89, 136, 163, 167, 172, 182, 189, 204, 209, 213, 221, 226, 242, 246, 265, 270, 282, 316, 328, 338, 347, 349]
381: [3, 4, 18, 19, 20, 24, 27, 40, 42, 46, 55, 58, 59, 60, 74, 77, 84, 86, 91, 97, 98, 153, 155, 160, 167, 172, 198, 209, 213, 224, 232, 251, 255, 257, 262, 263, 265, 268, 270, 280, 299, 301, 319, 328, 338, 348, 358, 367, 369, 380]
382: [9, 12, 18, 24, 35, 38, 46, 49, 50, 53, 60, 66, 73, 88, 90, 100, 116, 117, 118, 136, 139, 145, 156, 164, 186, 197, 198, 205, 212, 219, 230, 234, 235, 245, 264, 271, 278, 283, 287, 288, 297, 329, 344, 347, 349, 356, 358, 362, 370, 375, 376, 378]
383: [28, 31, 49, 71, 75, 87, 92, 105, 129, 131, 137, 139, 140, 161, 178, 192, 207, 223, 225, 229, 232, 245, 255, 270, 285, 299, 312, 319, 335, 339, 340, 351, 356, 369, 371, 376, 377]
384: [4, 26, 30, 32, 43, 49, 56, 58, 76, 80, 89, 94, 98, 112, 137, 151, 156, 166, 168, 170, 202, 220, 240, 247, 257, 260, 263, 273, 287, 297, 306, 316, 341, 359, 374, 377]
385: [9, 21, 50, 52, 83, 111, 127, 134, 136, 169, 253, 258, 267, 291, 344, 352, 356, 359, 381]
386: [7, 8, 38, 50, 59, 76, 83, 88, 90, 136, 139, 142, 156, 158, 162, 169, 195, 198, 199, 200, 204, 210, 212, 227, 231, 234, 235, 243, 252, 259, 283, 315, 322, 325, 382]
387: [4, 9, 15, 18, 26, 30, 32, 43, 49, 63, 66, 80, 83, 103, 107, 140, 146, 157, 166, 169, 173, 179, 184, 186, 206, 210, 249, 253, 261, 263, 269, 271, 272, 286, 315, 320, 325, 334, 340, 341, 345, 353, 355, 379, 384, 386]
388: [6, 7, 12, 17, 24, 31, 49, 53, 82, 98, 111, 114, 119, 137, 138, 140, 149, 151, 160, 191, 195, 204, 214, 232, 236, 240, 242, 260, 274, 282, 290, 294, 300, 301, 306, 316, 348, 365, 368, 370, 371, 384]
389: [5, 7, 8, 22, 37, 38, 50, 55, 69, 76, 88, 90, 91, 92, 93, 96, 109, 136, 139, 145, 162, 171, 172, 187, 198, 199, 200, 201, 204, 212, 213, 215, 227, 231, 234, 235, 236, 272, 277, 283, 286, 291, 315, 318, 324, 325, 328, 336, 345, 353, 382, 386]
390: [2, 5, 8, 9, 49, 50, 64, 83, 86, 106, 108, 111, 136, 162, 169, 203, 250, 253, 258, 262, 263, 266, 267, 276, 283, 289, 294, 344, 352, 356, 385]
391: [4, 9, 20, 24, 26, 27, 43, 49, 66, 114, 117, 140, 156, 163, 205, 207, 245, 269, 272, 278, 283, 297, 302, 325, 344, 347, 350, 375, 378, 382, 387]
392: [35, 58, 65, 96, 99, 112, 134, 148, 180, 188, 201, 226, 249, 259, 281, 285, 310, 321, 328, 342, 349, 356]
393: [4, 9, 26, 39, 43, 52, 66, 67, 73, 80, 89, 111, 140, 166, 172, 179, 235, 261, 265, 269, 272, 292, 302, 321, 325, 359, 385, 387, 391]
394: [120, 143, 368]
395: [6, 7, 11, 30, 49, 60, 61, 83, 86, 88, 97, 99, 112, 118, 134, 137, 145, 151, 161, 164, 176, 178, 204, 205, 212, 219, 241, 258, 263, 267, 268, 282, 308, 317, 319, 321, 324, 333, 339, 347, 351, 355, 373]
396: [2, 5, 55, 69, 78, 89, 92, 104, 142, 175, 213, 232, 272, 277, 280, 286, 288, 328, 329, 362, 363, 389]
397: [1, 4, 9, 26, 29, 33, 43, 51, 59, 66, 74, 102, 114, 123, 133, 140, 146, 151, 152, 159, 163, 164, 167, 170, 180, 186, 191, 200, 213, 215, 218, 230, 246, 250, 251, 266, 269, 272, 287, 309, 310, 325, 328, 336, 364, 371, 376, 387, 391, 393]
398: [3, 22, 69, 81, 102, 121, 156, 165, 197, 217, 235, 236, 240, 244, 284, 334, 342, 343, 356, 365]
399: [1, 12, 15, 19, 31, 38, 58, 73, 77, 95, 102, 116, 119, 153, 156, 166, 172, 178, 185, 193, 205, 213, 217, 227, 233, 257, 270, 276, 302, 314, 315, 322, 333, 342, 344, 365, 370, 379]
400: [17, 31, 36, 43, 149, 151, 170, 214, 232, 236, 240, 247, 254, 273, 282, 294, 306, 348, 359, 363, 365, 368, 377, 384, 388]
401: [18, 31, 35, 46, 49, 73, 83, 105, 117, 140, 162, 186, 192, 219, 223, 225, 259, 287, 329, 330, 337, 339, 349, 370, 377, 382, 383]
402: [3, 4, 7, 8, 20, 26, 43, 65, 76, 80, 82, 84, 89, 98, 111, 112, 114, 137, 138, 140, 156, 160, 168, 180, 188, 199, 200, 204, 206, 224, 227, 231, 249, 251, 255, 257, 274, 278, 280, 281, 283, 289, 300, 301, 315, 328, 334, 349, 358, 367, 371, 381, 384, 386, 388, 389, 390, 392]
403: [12, 15, 31, 32, 35, 36, 39, 47, 48, 89, 101, 136, 152, 156, 175, 180, 187, 192, 217, 219, 226, 233, 244, 257, 293, 314, 333, 365, 377, 379, 399]
404: [2, 3, 5, 17, 22, 30, 49, 60, 70, 94, 97, 98, 102, 106, 108, 133, 155, 156, 162, 171, 202, 208, 228, 236, 237, 240, 250, 262, 263, 266, 274, 276, 283, 286, 294, 297, 306, 307, 323, 333, 337, 340, 341, 362, 369, 390, 398]
405: [33, 38, 67, 79, 101, 178, 181, 190, 191, 198, 199, 209, 215, 219, 222, 231, 248, 252, 262, 304, 317, 351, 355]
406: [35, 41, 42, 50, 60, 100, 105, 118, 131, 133, 137, 155, 160, 198, 219, 222, 224, 228, 232, 242, 250, 259, 260, 262, 263, 264, 268, 274, 275, 276, 298, 299, 307, 308, 319, 336, 337, 348, 362, 366, 369, 370, 381, 404]
407: [6, 9, 50, 59, 73, 83, 102, 111, 114, 123, 136, 163, 169, 180, 184, 191, 206, 218, 230, 253, 258, 267, 271, 315, 320, 336, 343, 344, 351, 352, 356, 364, 376, 385, 387, 390, 397]
408: [14, 35, 56, 58, 80, 82, 94, 98, 104, 166, 194, 202, 219, 220, 226, 240, 276, 287, 297, 298, 355, 362, 374, 384]
409: [6, 27, 31, 33, 38, 45, 57, 59, 67, 73, 77, 82, 85, 86, 102, 116, 119, 131, 135, 156, 158, 172, 178, 181, 191, 207, 209, 213, 215, 219, 222, 225, 232, 243, 252, 263, 265, 266, 276, 314, 315, 317, 318, 322, 325, 348, 351, 355, 357, 365, 370, 383, 386, 399, 405]
410: [9, 13, 166, 197, 234, 332, 339, 354]
411: [17, 45, 57, 85, 93, 97, 190, 197, 209, 232, 247, 263, 266, 310, 314, 333, 348, 377, 404, 409]
412: [13, 29, 38, 39, 41, 70, 126, 138, 156, 161, 170, 175, 178, 194, 212, 216, 220, 227, 228, 229, 255, 264, 266, 281, 299, 303, 318, 361, 408]
413: [5, 16, 18, 35, 46, 69, 73, 77, 79, 99, 112, 114, 117, 134, 148, 186, 215, 219, 225, 226, 227, 240, 259, 283, 285, 287, 296, 310, 311, 315, 321, 329, 342, 343, 349, 356, 357, 361, 370, 382, 392, 401]
414: [5, 17, 20, 60, 70, 88, 94, 98, 110, 208, 228, 275, 286, 290, 297, 306, 307, 376, 404]
415: [7, 8, 30, 59, 71, 76, 80, 113, 125, 153, 164, 199, 200, 202, 204, 211, 212, 227, 231, 243, 264, 283, 284, 289, 306, 313, 315, 321, 324, 346, 358, 377, 386, 389, 402]
416: [12, 15, 31, 51, 63, 82, 98, 104, 106, 114, 120, 125, 135, 156, 172, 173, 179, 190, 193, 199, 215, 217, 218, 219, 227, 233, 237, 240, 257, 261, 262, 274, 283, 297, 314, 333, 334, 340, 345, 347, 352, 357, 360, 361, 364, 365, 379, 387, 399, 403, 413]
417: [29, 40, 64, 91, 95, 111, 113, 161, 188, 196, 203, 210, 227, 270, 274, 283, 293, 294, 296, 300, 337, 364, 371]
418: [1, 33, 47, 54, 74, 153, 164, 167, 186, 200, 215, 234, 250, 271, 272, 287, 309, 324, 325, 336, 392, 397]
419: [15, 18, 52, 68, 70, 73, 82, 85, 98, 103, 107, 111, 112, 114, 123, 125, 126, 137, 138, 140, 141, 146, 154, 157, 158, 160, 165, 175, 182, 186, 208, 211, 219, 229, 232, 236, 242, 243, 247, 249, 256, 265, 266, 271, 274, 291, 300, 301, 305, 306, 324, 348, 353, 355, 363, 371, 372, 379, 387, 388, 402]
420: [11, 42, 78, 83, 94, 99, 151, 191, 199, 203, 206, 207, 232, 235, 267, 281, 282, 284, 308, 319, 347, 373, 386, 395]
421: [39, 42, 65, 70, 96, 130, 139, 153, 158, 170, 178, 180, 188, 191, 212, 216, 249, 254, 275, 281, 290, 299, 302, 318, 322, 327, 328, 343, 349, 354, 392, 395, 402, 412, 417]
422: [73, 88, 110, 268, 343, 376, 414]
423: [14, 51, 69, 81, 98, 104, 112, 120, 121, 165, 171, 190, 194, 197, 217, 235, 274, 284, 297, 334, 342, 343, 356, 365, 389, 398, 416]
424: [3, 5, 12, 16, 22, 45, 53, 60, 66, 68, 69, 71, 77, 100, 102, 118, 150, 156, 173, 225, 236, 240, 264, 267, 271, 278, 288, 311, 315, 343, 356, 357, 362, 382, 398, 404, 413, 420]
425: [1, 10, 15, 17, 18, 22, 23, 24, 41, 45, 55, 58, 59, 76, 77, 91, 103, 107, 144, 146, 157, 163, 166, 167, 186, 188, 208, 249, 251, 256, 261, 262, 271, 297, 304, 312, 329, 330, 347, 353, 355, 362, 363, 379, 381, 387, 419]
426: [1, 19, 56, 58, 73, 80, 94, 95, 98, 100, 153, 166, 197, 202, 205, 220, 233, 240, 270, 287, 297, 302, 322, 340, 342, 344, 374, 377, 384, 392, 399, 408]
427: [28, 46, 48, 56, 63, 83, 89, 134, 171, 189, 205, 221, 235, 242, 243, 246, 265, 282, 291, 321, 333, 349, 380, 389, 408, 419, 423]
428: [27, 66, 71, 77, 78, 79, 88, 115, 147, 150, 165, 232, 234, 235, 239, 252, 259, 261, 267, 271, 281, 284, 311, 314, 320, 330, 348, 349, 352, 356, 361, 363, 420]
429: [19, 20, 27, 46, 62, 86, 103, 110, 118, 166, 167, 172, 209, 213, 265, 270, 305, 328, 338, 380, 381]
430: [3, 22, 39, 59, 66, 67, 73, 74, 80, 97, 102, 114, 123, 141, 156, 163, 166, 179, 180, 191, 218, 230, 231, 236, 240, 299, 302, 321, 333, 336, 364, 376, 393, 397, 398, 404, 407, 411, 424]
431: [12, 13, 24, 30, 31, 38, 42, 49, 97, 118, 122, 126, 135, 150, 156, 158, 173, 175, 194, 205, 227, 229, 245, 255, 258, 264, 270, 274, 276, 277, 278, 283, 297, 303, 323, 334, 344, 347, 352, 354, 357, 361, 370, 375, 378, 382, 391, 409, 412]
432: [24, 25, 30, 33, 38, 52, 71, 80, 84, 86, 106, 110, 113, 125, 153, 154, 155, 156, 164, 169, 172, 186, 193, 197, 203, 205, 206, 210, 212, 218, 219, 226, 264, 268, 289, 293, 321, 341, 344, 346, 347, 358, 360, 364, 375, 378, 383, 390, 415, 416]
433: [27, 40, 69, 71, 77, 93, 96, 115, 144, 150, 166, 182, 197, 234, 239, 245, 250, 254, 258, 261, 271, 291, 299, 301, 302, 320, 352, 363, 365, 367, 407, 410, 414, 422, 428]
434: [10, 33, 38, 42, 48, 61, 67, 82, 88, 112, 153, 173, 175, 178, 181, 190, 191, 215, 219, 222, 255, 258, 265, 276, 317, 324, 334, 336, 351, 352, 355, 370, 378, 395, 405, 409, 431]
435: [4, 9, 26, 43, 66, 76, 80, 89, 98, 112, 116, 140, 156, 168, 206, 207, 229, 257, 269, 272, 278, 293, 296, 325, 334, 384, 387, 391, 393, 397, 402]
436: [13, 80, 182, 185, 264, 305, 332, 343, 354, 410, 417]
437: [3, 4, 9, 20, 33, 42, 50, 60, 84, 88, 98, 106, 110, 154, 155, 156, 160, 165, 172, 193, 198, 205, 224, 234, 251, 255, 262, 263, 267, 268, 276, 280, 293, 299, 301, 319, 320, 331, 341, 344, 349, 356, 358, 361, 367, 369, 375, 381, 402, 406, 428, 432]
438: [6, 7, 8, 12, 29, 35, 40, 49, 53, 76, 99, 111, 112, 119, 133, 134, 137, 139, 148, 151, 155, 161, 191, 195, 199, 200, 203, 204, 207, 209, 210, 226, 227, 231, 232, 250, 259, 270, 274, 276, 283, 285, 290, 296, 299, 310, 315, 321, 337, 340, 342, 351, 352, 356, 362, 369, 370, 383, 386, 388, 389, 392, 402, 404, 406, 413, 415, 417]
439: [11, 24, 27, 41, 47, 60, 66, 69, 71, 77, 78, 83, 99, 114, 115, 136, 150, 151, 163, 176, 177, 188, 203, 204, 207, 215, 223, 227, 232, 234, 235, 239, 240, 241, 261, 267, 268, 271, 275, 281, 282, 283, 284, 297, 308, 311, 314, 317, 320, 330, 347, 348, 352, 357, 361, 363, 373, 395, 413, 416, 420, 425, 428, 433]
440: [1, 12, 13, 38, 53, 54, 60, 66, 91, 92, 100, 108, 115, 118, 126, 134, 157, 159, 175, 194, 208, 227, 229, 255, 264, 271, 288, 303, 356, 361, 362, 382, 384, 412, 424, 431]
441: [32, 38, 50, 78, 88, 90, 115, 136, 139, 198, 212, 232, 234, 235, 267, 281, 284, 340, 382, 386, 389, 420, 428, 439]
442: [30, 47, 51, 63, 71, 80, 86, 98, 104, 113, 120, 153, 164, 173, 179, 190, 191, 206, 212, 215, 243, 261, 264, 265, 271, 274, 276, 289, 297, 321, 324, 325, 333, 334, 336, 340, 345, 346, 358, 387, 415, 416, 418, 423, 431, 432, 434]
443: [4, 9, 26, 35, 41, 42, 43, 57, 66, 94, 100, 105, 116, 137, 140, 184, 206, 219, 224, 228, 253, 269, 271, 272, 274, 298, 307, 315, 320, 325, 336, 364, 387, 391, 393, 397, 406, 407, 420, 435]
444: [1, 13, 33, 35, 76, 133, 152, 164, 215, 246, 305, 325, 332, 397]
445: [4, 12, 15, 26, 27, 28, 31, 43, 46, 48, 63, 66, 76, 80, 82, 83, 89, 98, 112, 156, 168, 189, 217, 221, 233, 242, 246, 257, 282, 311, 314, 330, 333, 336, 348, 349, 352, 365, 379, 380, 384, 399, 402, 403, 416, 426, 427, 428, 434, 435, 439]
446: [1, 5, 8, 12, 17, 19, 25, 42, 53, 60, 70, 73, 94, 95, 96, 97, 98, 134, 153, 154, 155, 160, 187, 198, 205, 207, 208, 228, 233, 262, 263, 268, 270, 285, 286, 289, 293, 297, 299, 302, 306, 307, 319, 322, 333, 342, 344, 369, 381, 390, 399, 402, 404, 406, 414, 426, 437]
447: [13, 38, 47, 50, 60, 69, 88, 90, 121, 126, 128, 136, 139, 175, 176, 194, 198, 204, 212, 218, 223, 227, 229, 234, 235, 241, 255, 264, 268, 275, 303, 308, 311, 317, 330, 361, 382, 386, 389, 395, 398, 412, 431, 439, 440, 441]
448: [69, 91, 92, 159, 212, 339, 429, 440]
449: [7, 10, 12, 53, 60, 63, 66, 96, 100, 118, 168, 190, 218, 264, 270, 271, 280, 288, 327, 341, 356, 362, 364, 370, 382, 393, 424, 440]
450: [6, 7, 18, 19, 28, 35, 41, 42, 46, 63, 66, 68, 72, 73, 78, 83, 89, 104, 117, 131, 139, 158, 173, 186, 189, 190, 205, 218, 219, 221, 222, 224, 231, 232, 235, 242, 244, 246, 252, 258, 261, 278, 282, 284, 287, 292, 303, 311, 329, 344, 348, 349, 352, 364, 370, 372, 380, 382, 401, 413, 427, 445]
