Description:

Following is a problem description of Graph Coloring Problem. It contains two section.

1. Problem's data description
2. The adjacency list representation of that specific problem.

Please calculate the best solution for this problem, which is the minimum number of colors needed to color the graph such that no two adjacent nodes have the same color.


[GCP_DATA_INFO]
Type: GCP, Graph Coloring Problem
Node: 450
Edge: 8169

[ADJACENCY_List]
4: [3]
7: [2]
8: [6]
10: [8]
11: [3, 4]
13: [2]
16: [5, 7]
17: [12]
18: [10]
19: [1, 13]
20: [13, 19]
22: [3, 4, 11]
23: [5, 10, 16, 18]
24: [15, 21]
25: [4, 14]
26: [4]
28: [9]
30: [5, 10, 14, 17]
31: [4, 12, 26]
32: [1, 4, 5, 7, 16, 25]
34: [15, 23]
35: [3, 4, 32]
36: [5, 9, 30]
37: [4, 17, 26, 31, 32]
38: [14, 21]
39: [7, 10, 17, 18, 23, 30, 32]
40: [16, 21]
41: [2, 21, 32, 37, 38]
42: [20, 37]
43: [1, 24, 32]
44: [3, 4, 5, 11, 22, 32, 35]
45: [3, 6, 8, 10, 23, 35, 44]
46: [8, 10, 12, 14, 27, 30]
47: [6, 8, 45]
49: [5, 15, 27, 30, 36]
50: [9, 46]
51: [28]
52: [21, 38, 41]
53: [7, 12, 16, 35, 49]
54: [4, 6, 8, 17, 25, 32, 45, 47]
55: [2, 5, 7, 21, 30, 36, 44, 49]
56: [15, 24, 32]
57: [8, 49]
58: [18, 47]
59: [55]
60: [3, 22]
61: [3, 4, 11, 21, 22, 38, 41, 44, 52]
62: [14, 21, 25, 58]
63: [4, 8, 10, 46]
64: [2, 30, 41]
65: [21, 38, 41, 52, 61]
66: [2, 13, 19, 54]
67: [32, 33, 56, 60]
68: [2, 5, 27, 41, 64]
69: [5, 15, 49]
70: [5, 32, 36, 44]
71: [14, 18, 23, 25, 30, 34, 46]
72: [1, 11, 35]
73: [35, 39, 63, 72]
74: [2, 33, 65, 70]
75: [3, 4, 11, 22, 31, 37, 44, 61, 63]
76: [4, 18, 25, 32, 54, 63, 75]
77: [8, 10, 35, 36, 37, 42, 45, 46, 54, 63, 72, 73]
78: [7, 10, 11, 14, 30, 39, 46, 71, 75]
79: [16, 18, 40, 42, 45, 76]
80: [4, 25, 27, 32, 49, 54, 76]
81: [10, 17, 18, 23, 39, 54]
82: [10, 70]
83: [6, 14, 42, 46, 47, 78]
84: [13, 19, 20, 21, 62, 66, 74, 81]
85: [26]
86: [1, 72]
87: [10, 13, 16, 18, 19, 20, 23, 39, 54, 66, 81, 84]
88: [54, 72, 86]
89: [4, 7, 26, 31, 32, 37, 39, 63, 73, 75, 76, 85]
90: [10, 18, 19, 23, 26, 39, 81, 85, 87]
91: [57]
92: [66, 88]
93: [12, 17, 37, 41]
94: [1, 17, 54, 60, 72, 81]
95: [1, 49, 53, 69, 86, 91]
96: [4, 12, 25, 32, 54, 58, 76, 80]
97: [1, 32, 43, 63, 65, 74]
98: [1, 4, 11, 26, 31, 37, 63, 72, 75, 76, 89, 94]
99: [4, 21, 32, 35, 85]
100: [1, 13, 15, 32, 43, 47, 49, 69, 97]
101: [75]
102: [19, 31, 38, 46, 66, 75, 84]
103: [2, 66]
104: [10, 30, 39, 67, 78, 82, 100]
105: [49, 53, 95]
106: [5, 32, 44, 70, 81, 84]
107: [49, 53, 81, 95, 105]
108: [44]
109: [74, 75]
110: [7, 16, 53, 68, 81, 84, 106]
111: [7, 24, 47, 58]
112: [5, 8, 10, 11, 30, 36, 46, 49, 55, 63, 75, 77, 78]
113: [1, 13, 19, 20, 21, 55, 84, 87, 106, 109]
114: [2, 41, 43, 47, 50, 58, 62, 64, 68, 100, 111]
115: [1, 4, 5, 14, 16, 32, 35, 46, 53, 58, 62, 63, 75, 76, 81, 83, 84, 86, 89, 95, 98, 114]
116: [7, 49, 57, 112]
117: [3, 4, 11, 14, 21, 22, 30, 38, 41, 44, 46, 52, 61, 62, 65, 71, 74, 75, 78, 79, 109]
118: [12, 15, 21, 49, 55, 69, 84, 96, 100, 113]
119: [6, 8, 10, 11, 12, 17, 45, 47, 54, 77, 86, 93]
120: [2, 32, 37, 41, 49, 56, 64, 67, 68, 114]
121: [10, 13, 18, 19, 20, 23, 39, 54, 72, 81, 84, 86, 87, 88, 90, 113]
122: [5, 12, 14, 38, 68, 96, 100, 103, 114, 118]
123: [1, 5, 17, 26, 30, 32, 39, 53, 56, 67, 68, 85, 120, 122]
124: [10, 18, 23, 39, 54, 65, 74, 81, 87, 90, 97, 121]
125: [4, 14, 32, 38, 62, 79, 96, 98, 105, 117, 122]
126: [33, 55, 62, 70, 117, 125]
127: [12, 17, 26, 70, 74, 85, 90, 93, 119]
128: [19, 65, 66, 84, 102]
129: [47, 50, 58, 62, 73, 100, 111, 122]
130: [6, 8, 29, 45, 47, 54, 96, 119]
131: [5, 8, 10, 22, 46, 63, 68, 77, 105, 112, 122, 123]
132: [4, 25, 32, 35, 49, 53, 54, 68, 76, 80, 95, 96, 105, 107, 115]
133: [4, 6, 19, 32, 35, 47, 66, 74, 83, 84, 96, 99, 102, 111, 128]
134: [3, 25, 71, 108, 112, 115, 131]
135: [12, 18, 56, 70, 74, 76, 79, 96, 118, 122, 127]
136: [3, 32, 35, 44, 45, 56, 67, 87, 120, 123]
137: [6, 9, 15, 24, 28, 49, 56, 69, 100, 111, 118, 126, 133]
138: [15, 27, 49, 53, 59, 69, 70, 71, 80, 82, 95, 100, 105, 107, 118, 132, 137]
139: [1, 14, 25, 38, 62, 102, 123]
140: [31, 72, 86, 88, 121]
141: [5, 23, 24, 26, 54, 62, 85, 90, 99, 121, 123, 124, 127]
142: [3, 23, 35, 44, 45, 56, 104, 136]
143: [124]
144: [12, 17, 21, 38, 41, 52, 55, 61, 65, 88, 93, 117, 119, 127]
145: [4, 12, 32, 37, 42, 44, 58, 59, 77, 96, 118, 122, 125, 133, 135]
146: [1, 15, 35, 37, 53, 115, 123, 132, 139]
147: [5, 10, 30, 39, 68, 74, 78, 97, 104, 125]
148: [1, 9, 10, 36, 47, 82, 86, 95, 100, 104, 115]
149: [27, 32, 37, 40, 41, 43, 49, 71, 80, 120, 130, 138]
150: [94, 97]
151: [11, 14, 25, 50, 62, 65, 75, 78, 83, 112, 139]
152: [5, 21, 23, 38, 41, 52, 55, 61, 65, 74, 84, 115, 117, 133, 141, 144]
153: [1, 11, 15, 30, 32, 43, 45, 65, 72, 74, 97, 98, 100, 124, 146, 147, 150]
154: [2, 15, 74, 76, 87, 105, 136]
155: [8, 10, 39, 46, 63, 77, 87, 112, 131, 136, 154]
156: [4, 35, 53, 63, 75, 76, 77, 89, 98, 100, 115, 132, 146]
157: [10, 13, 18, 19, 20, 23, 36, 39, 71, 74, 76, 79, 81, 84, 87, 90, 110, 113, 121, 124, 133, 135, 152]
158: [27, 32, 49, 74, 80, 96, 97, 133, 138, 145, 147, 149, 153]
159: [80, 103]
160: [21, 24, 35, 47, 54, 58, 62, 72, 73, 77, 84, 111, 129]
161: [6, 8, 10, 30, 39, 45, 47, 54, 77, 78, 104, 119, 130, 147, 150]
162: [1, 4, 5, 32, 44, 70, 94, 100, 106, 123, 137, 139, 146]
163: [5, 24, 68, 77, 114, 141, 147]
164: [1, 2, 7, 32, 33, 37, 43, 45, 55, 75, 97, 100, 111, 150, 153]
165: [4, 17, 32, 65, 74, 84, 86, 96, 97, 109, 119, 124, 125, 133, 143, 145, 152, 153, 157]
166: [27, 34, 49, 62, 74, 80, 84, 109, 117, 138, 149, 158]
167: [4, 9, 35, 36, 53, 58, 63, 75, 76, 89, 98, 115, 132, 146, 148, 156]
168: [5, 7, 30, 31, 32, 36, 39, 49, 55, 75, 89, 102, 112]
169: [6, 10, 14, 30, 39, 46, 47, 54, 62, 66, 71, 78, 83, 87, 104, 117, 125, 126, 133, 147, 161]
170: [3, 4, 11, 14, 22, 25, 44, 61, 62, 75, 117, 124, 139, 143, 151]
171: [1, 10, 82, 86, 95, 104, 115, 148]
172: [5, 12, 16, 32, 33, 86, 96, 115, 118, 119, 122, 123, 135, 145, 165]
173: [5, 16, 31, 32, 37, 42, 64, 77, 115, 145, 172]
174: [6, 21, 32, 47, 55, 83, 96, 113, 118, 133, 145, 158, 169]
175: [7, 9, 32, 33, 36, 39, 63, 73, 89, 105, 114, 122, 125, 126, 148, 167, 168]
176: [13, 17, 19, 20, 21, 60, 62, 67, 74, 84, 87, 104, 110, 113, 121, 133, 152, 157, 160, 165]
177: [16, 40, 79, 136]
178: [7, 10, 30, 39, 70, 74, 78, 104, 111, 127, 128, 135, 147, 161, 164, 169]
179: [11, 13, 19, 20, 21, 22, 48, 62, 63, 70, 75, 84, 87, 113, 121, 157, 160, 176]
180: [3, 11, 14, 22, 25, 37, 42, 62, 77, 101, 139, 145, 151, 170, 173]
181: [36, 45, 49, 53, 64, 79, 95, 105, 107, 132, 138, 157]
182: [5, 25, 63, 68, 71, 73, 74, 89, 109, 117, 134, 147, 163, 166, 171, 175]
183: [4, 14, 22, 23, 25, 26, 32, 45, 46, 49, 57, 62, 83, 85, 90, 96, 104, 115, 116, 125, 127, 131, 139, 141, 142, 145, 151, 165, 170, 176, 180]
184: [7, 16, 20, 42, 45, 57, 91, 106, 111, 113, 164, 178]
185: [6, 15, 47, 49, 54, 66, 69, 83, 87, 97, 100, 118, 133, 137, 138, 150, 153, 166, 169, 174]
186: [76, 132, 145]
187: [15, 49, 53, 69, 95, 100, 101, 105, 107, 118, 132, 137, 138, 181, 185]
188: [2, 16, 31, 40, 72, 74, 79, 86, 88, 121, 125, 140, 154, 169, 177]
189: [1, 5, 10, 20, 28, 30, 36, 49, 55, 77, 82, 86, 95, 104, 110, 112, 115, 133, 137, 148, 168, 171]
190: [5, 15, 23, 24, 30, 56, 88, 137, 141, 152, 153]
191: [10, 14, 18, 25, 58, 60, 62, 75, 82, 104, 139, 148, 151, 170, 171, 180, 183, 189]
192: [11, 23, 45, 46, 75, 78, 98, 112, 142, 151, 183, 188]
193: [2, 5, 7, 39, 54, 55, 68, 121, 122, 123, 124, 131, 141, 164]
194: [11, 26, 75, 78, 85, 90, 112, 127, 141, 151, 176, 183, 192]
195: [14, 34, 36, 46, 77, 83, 115, 183, 189, 191]
196: [5, 23, 34, 42, 57, 68, 71, 110, 125, 141, 147, 152, 157, 163, 176, 182, 190]
197: [70, 73, 76, 82, 88, 129, 138, 154, 190]
198: [29, 37, 42, 77, 104, 110, 119, 145, 157, 173, 176, 180, 194, 196]
199: [6, 8, 10, 12, 20, 45, 46, 47, 54, 63, 65, 77, 96, 97, 112, 118, 119, 121, 122, 128, 130, 131, 135, 145, 150, 153, 155, 161, 172, 185]
200: [1, 19, 30, 36, 62, 66, 74, 76, 84, 97, 102, 123, 128, 133, 139, 146, 147, 153, 154, 157, 158, 162, 166, 181, 190, 197]
201: [16, 18, 40, 49, 53, 58, 76, 79, 88, 95, 105, 107, 132, 135, 138, 144, 157, 160, 177, 181, 187, 188, 191, 197]
202: [11, 27, 30, 49, 72, 80, 98, 119, 131, 138, 149, 153, 158, 166, 190, 200]
203: [18, 54, 66, 76, 79, 87, 110, 121, 135, 157, 169, 185, 196, 201]
204: [1, 14, 18, 20, 30, 32, 35, 43, 46, 58, 71, 78, 97, 100, 117, 153, 163, 164, 169, 191, 200, 201]
205: [7, 14, 16, 17, 30, 39, 53, 62, 110, 123, 141, 165, 176]
206: [14, 36, 38, 70, 77, 82, 90, 122, 125, 138, 172, 187, 189, 195, 197]
207: [5, 30, 36, 49, 55, 112, 166, 168, 189]
208: [1, 12, 14, 17, 37, 38, 54, 81, 93, 94, 119, 122, 125, 127, 137, 144, 200, 206]
209: [26, 37, 41, 85, 90, 93, 175, 198, 206]
210: [26, 41, 43, 49, 57, 70, 82, 85, 116, 123, 138, 141, 149, 169, 183, 197, 206]
211: [2, 49, 53, 74, 98, 105, 125, 147, 154, 175, 188]
212: [14, 16, 18, 40, 46, 70, 74, 76, 79, 83, 88, 115, 127, 135, 144, 157, 177, 178, 183, 188, 195, 201, 203]
213: [60, 67, 86, 119, 165, 172, 176]
214: [5, 16, 23, 87, 125, 141, 143, 147, 150, 152, 190, 196, 211]
215: [1, 12, 21, 32, 43, 70, 82, 87, 91, 96, 97, 99, 100, 113, 118, 122, 135, 138, 145, 153, 164, 172, 197, 199, 204, 206, 210]
216: [5, 7, 32, 37, 39, 41, 44, 70, 74, 89, 106, 114, 120, 122, 127, 135, 149, 162, 168, 175, 178, 190, 212]
217: [2, 4, 15, 26, 41, 45, 63, 64, 68, 73, 75, 76, 89, 98, 114, 115, 120, 146, 153, 156, 164, 167, 175, 182]
218: [3, 4, 11, 22, 32, 35, 44, 61, 75, 96, 99, 117, 125, 133, 145, 165, 170, 183]
219: [7, 32, 35, 37, 41, 63, 72, 73, 76, 77, 87, 89, 111, 113, 120, 132, 149, 160, 164, 175, 178, 182, 184, 186, 215, 216, 217]
220: [19, 43, 54, 66, 84, 87, 102, 128, 133, 149, 156, 169, 185, 200, 203, 210]
221: [7, 16, 32, 39, 49, 53, 89, 95, 105, 107, 110, 111, 125, 132, 138, 164, 168, 175, 178, 181, 184, 187, 201, 205, 211, 216, 219]
222: [4, 14, 22, 32, 35, 38, 45, 64, 65, 76, 79, 96, 99, 122, 125, 128, 131, 133, 145, 165, 178, 181, 183, 199, 206, 208, 218]
223: [32, 56, 67, 115, 120, 123, 136, 152, 159]
224: [2, 3, 15, 22, 24, 41, 45, 56, 60, 64, 68, 79, 114, 120, 137, 181, 190, 217, 222]
225: [7, 21, 38, 41, 52, 61, 65, 79, 111, 117, 144, 152, 164, 178, 184, 219, 221]
226: [11, 17, 35, 54, 72, 73, 77, 81, 94, 98, 100, 137, 153, 155, 160, 162, 202, 208, 219]
227: [6, 13, 100, 103, 111, 189]
228: [5, 25, 32, 35, 44, 53, 70, 71, 106, 115, 132, 134, 146, 156, 162, 167, 182, 187, 216, 224]
229: [11, 32, 38, 74, 75, 78, 87, 96, 97, 112, 133, 145, 147, 151, 153, 158, 165, 174, 192, 194, 200, 215]
230: [9, 16, 23, 40, 79, 87, 114, 117, 177, 188, 196, 201, 212, 214]
231: [15, 24, 28, 47, 56, 85, 137, 189, 190, 205, 224]
232: [10, 30, 31, 39, 42, 45, 75, 77, 78, 79, 102, 104, 119, 124, 143, 147, 150, 161, 165, 168, 169, 178, 181, 222, 224]
233: [12, 74, 96, 105, 109, 117, 118, 122, 125, 135, 145, 166, 172, 175, 182, 199, 211, 215, 221]
234: [72, 86, 88, 96, 121, 130, 140, 188]
235: [4, 17, 32, 35, 54, 72, 81, 86, 88, 94, 99, 121, 133, 137, 140, 188, 189, 208, 218, 222, 226, 227, 234]
236: [202]
237: [49, 53, 80, 91, 104, 105, 125, 142, 175, 183, 211, 221, 233]
238: [14, 21, 25, 35, 47, 53, 62, 75, 81, 84, 106, 110, 115, 117, 123, 125, 126, 132, 139, 146, 151, 156, 160, 166, 167, 169, 170, 174, 176, 179, 180, 183, 191, 200, 228]
239: [1, 15, 17, 18, 25, 30, 39, 49, 69, 76, 79, 84, 86, 95, 100, 115, 118, 123, 135, 137, 138, 139, 146, 148, 157, 162, 171, 185, 187, 189, 200, 201, 203, 205, 212]
240: [2, 7, 35, 53, 55, 56, 94, 115, 123, 132, 146, 156, 164, 167, 193, 228, 238, 239]
241: [37, 65, 75, 124, 143, 164, 165, 170, 177, 232]
242: [14, 21, 24, 26, 28, 30, 46, 55, 71, 78, 85, 90, 113, 117, 118, 127, 141, 160, 169, 174, 183, 194, 204]
243: [1, 17, 43, 49, 53, 56, 59, 84, 86, 95, 115, 135, 146, 148, 149, 165, 171, 176, 189, 205, 210, 211, 217, 220, 237, 239]
244: [1, 5, 16, 32, 37, 42, 68, 77, 86, 87, 90, 95, 110, 115, 136, 145, 147, 148, 157, 170, 171, 172, 173, 176, 180, 189, 196, 198, 239, 243]
245: [2, 10, 18, 23, 31, 39, 74, 81, 87, 90, 121, 124, 154, 157, 173, 188, 203, 211]
246: [58, 62, 100, 114, 115, 220, 242]
247: [14, 21, 30, 46, 62, 71, 83, 84, 93, 109, 113, 115, 160, 176, 179, 183, 194, 195, 212, 238]
248: [30, 42, 54, 70, 81, 82, 84, 106, 110, 121, 124, 125, 138, 141, 147, 153, 190, 193, 197, 200, 202, 206, 210, 211, 214, 215, 238]
249: [23, 34, 71, 196, 208]
250: [2, 6, 13, 19, 20, 41, 47, 64, 68, 76, 83, 84, 87, 113, 114, 120, 121, 132, 133, 157, 169, 174, 176, 179, 185, 186, 217, 219, 224]
251: [5, 17, 30, 32, 37, 39, 44, 45, 63, 70, 73, 74, 89, 106, 123, 127, 135, 150, 153, 162, 164, 175, 178, 182, 205, 208, 212, 216, 217, 219, 228, 239]
252: [1, 17, 32, 54, 81, 84, 94, 96, 106, 110, 121, 124, 133, 141, 145, 158, 174, 193, 200, 208, 226, 229, 235, 238, 248]
253: [8, 9, 10, 36, 37, 42, 46, 63, 77, 99, 112, 131, 145, 155, 173, 180, 182, 189, 195, 198, 199, 206, 244]
254: [11, 33, 49, 53, 72, 95, 97, 98, 105, 107, 132, 138, 150, 153, 181, 185, 187, 199, 201, 202, 221, 226]
255: [3, 4, 22, 25, 63, 71, 73, 74, 89, 97, 134, 138, 147, 149, 153, 158, 161, 175, 182, 200, 217, 219, 228, 229, 251]
256: [23, 30, 38, 45, 102, 139, 142, 153, 183, 190, 192, 200, 202, 248]
257: [36, 157, 181, 200]
258: [2, 7, 55, 70, 74, 111, 112, 124, 127, 135, 143, 154, 164, 165, 178, 184, 188, 193, 211, 212, 216, 219, 221, 225, 232, 240, 241, 245, 251]
259: [14, 31, 46, 72, 83, 86, 88, 105, 115, 121, 140, 183, 188, 195, 212, 234, 235, 247]
260: [10, 11, 14, 17, 30, 39, 46, 54, 72, 78, 81, 83, 94, 98, 104, 115, 136, 147, 153, 161, 169, 178, 183, 195, 202, 208, 212, 226, 232, 235, 247, 252, 254, 259]
261: [8, 10, 30, 39, 45, 46, 63, 72, 77, 78, 86, 88, 104, 112, 115, 119, 121, 131, 140, 147, 155, 161, 167, 169, 178, 188, 199, 232, 234, 235, 253, 259, 260]
262: [14, 18, 58, 72, 74, 86, 88, 108, 109, 117, 121, 140, 166, 182, 188, 191, 198, 201, 204, 206, 233, 234, 235, 259, 261]
263: [1, 14, 25, 42, 49, 57, 62, 100, 116, 123, 137, 139, 146, 151, 162, 170, 180, 183, 191, 200, 210, 226, 238, 239]
264: [2, 13, 14, 25, 46, 62, 66, 71, 80, 83, 100, 115, 134, 139, 151, 170, 180, 182, 183, 191, 195, 212, 227, 228, 238, 247, 255, 259, 260, 263]
265: [1, 6, 18, 21, 24, 58, 62, 76, 79, 88, 111, 129, 135, 137, 144, 157, 191, 200, 201, 203, 204, 208, 212, 239, 252, 262]
266: [3, 23, 35, 44, 45, 49, 53, 79, 124, 136, 142, 143, 165, 181, 183, 192, 211, 222, 224, 232, 237, 241, 243, 256, 258]
267: [2, 5, 6, 16, 32, 41, 47, 64, 68, 70, 82, 83, 94, 114, 115, 120, 133, 136, 138, 158, 169, 172, 173, 174, 184, 185, 197, 206, 210, 215, 217, 224, 244, 248, 250]
268: [5, 9, 18, 24, 30, 36, 49, 55, 76, 79, 112, 135, 157, 168, 189, 201, 203, 204, 207, 212, 239, 261, 265]
269: [5, 16, 17, 21, 30, 32, 37, 38, 40, 41, 52, 61, 65, 71, 105, 109, 113, 115, 117, 125, 144, 152, 168, 172, 173, 175, 208, 211, 221, 225, 233, 237, 244, 247, 251, 267]
270: [1, 5, 12, 13, 17, 18, 19, 20, 32, 37, 44, 67, 70, 71, 84, 86, 87, 93, 95, 104, 106, 110, 113, 115, 119, 121, 127, 139, 144, 148, 157, 162, 171, 176, 179, 183, 189, 194, 196, 198, 208, 216, 228, 239, 243, 244, 247, 250, 251, 269]
271: [12, 27, 95, 96, 118, 122, 124, 135, 145, 172, 199, 200, 215, 233]
272: [1, 10, 19, 54, 66, 82, 84, 86, 87, 95, 102, 104, 115, 128, 133, 148, 169, 171, 185, 189, 191, 200, 203, 220, 223, 238, 239, 243, 244, 270]
273: [11, 21, 22, 30, 62, 71, 74, 75, 84, 109, 113, 160, 176, 179, 238, 247, 269]
274: [11, 32, 56, 67, 72, 98, 104, 110, 120, 123, 136, 142, 153, 183, 196, 202, 203, 223, 226, 237, 254, 260]
275: [11, 21, 32, 46, 55, 69, 75, 78, 87, 96, 109, 112, 113, 118, 133, 136, 145, 151, 158, 174, 192, 194, 229, 242, 244, 247, 252, 269, 273]
276: [2, 25, 37, 41, 42, 64, 68, 71, 74, 77, 114, 120, 134, 145, 154, 173, 180, 182, 188, 198, 211, 217, 224, 228, 244, 245, 250, 253, 255, 257, 258, 264, 267]
277: [14, 38, 105, 108, 122, 125, 175, 206, 208, 211, 221, 222, 233, 237, 269]
278: [11, 15, 17, 49, 62, 69, 72, 75, 78, 84, 100, 112, 118, 137, 138, 139, 151, 165, 166, 176, 185, 187, 192, 194, 200, 205, 229, 238, 239, 243, 275]
279: [28, 33, 37, 42, 43, 77, 80, 126, 145, 148, 173, 175, 180, 198, 244, 253, 261, 268, 276]
280: [21, 36, 47, 58, 62, 77, 99, 111, 114, 117, 119, 125, 126, 133, 137, 169, 189, 195, 206, 215, 224, 238, 253]
281: [31, 75, 102, 104, 142, 168, 180, 183, 232, 237, 238, 274]
282: [3, 4, 14, 25, 26, 31, 35, 37, 44, 45, 46, 50, 62, 78, 83, 89, 98, 136, 139, 140, 142, 151, 170, 173, 180, 183, 188, 191, 238, 245, 256, 259, 263, 264, 266]
283: [2, 41, 49, 53, 64, 68, 95, 100, 105, 107, 114, 120, 122, 132, 138, 175, 181, 187, 201, 204, 216, 217, 221, 224, 227, 246, 250, 254, 267, 276]
284: [4, 23, 32, 45, 96, 125, 142, 145, 157, 160, 165, 176, 183, 192, 198, 218, 222, 256, 266]
285: [21, 27, 49, 53, 62, 72, 80, 84, 86, 88, 112, 121, 138, 140, 149, 154, 158, 160, 166, 168, 176, 179, 188, 202, 211, 234, 235, 237, 238, 243, 247, 259, 261, 262, 266, 273, 274]
286: [5, 30, 36, 49, 55, 62, 79, 110, 112, 117, 125, 126, 168, 169, 189, 207, 222, 230, 238, 268, 280]
287: [10, 18, 23, 39, 53, 58, 76, 81, 84, 87, 90, 105, 106, 110, 121, 123, 124, 125, 132, 146, 157, 175, 186, 201, 211, 219, 221, 233, 237, 238, 240, 245, 248, 250, 252, 269, 277]
288: [4, 13, 14, 17, 19, 20, 26, 31, 36, 37, 84, 87, 89, 98, 105, 113, 121, 125, 157, 175, 176, 179, 181, 191, 200, 208, 211, 221, 233, 237, 250, 251, 257, 262, 269, 270, 277, 282, 287]
289: [8, 21, 30, 55, 87, 113, 118, 174, 215, 219, 242, 275]
290: [22, 37, 42, 61, 75, 78, 79, 83, 124, 131, 139, 143, 151, 162, 164, 165, 183, 189, 204, 222, 232, 241, 258, 263, 266, 282]
291: [1, 2, 7, 55, 164, 193, 200, 208, 240, 252, 258, 265, 280]
292: [33, 131, 164]
293: [1, 32, 36, 43, 76, 86, 87, 95, 97, 100, 110, 115, 136, 148, 153, 154, 155, 157, 164, 171, 176, 181, 189, 196, 197, 198, 200, 204, 215, 239, 243, 244, 257, 270, 272, 275, 288]
294: [5, 43, 58, 68, 95, 147, 149, 163, 167, 182, 185, 196, 210, 220, 243, 275, 283]
295: [12, 14, 17, 93, 119, 127, 134, 144, 208, 216, 270]
296: [10, 14, 18, 23, 36, 39, 46, 59, 67, 81, 83, 87, 90, 109, 113, 115, 121, 124, 138, 157, 168, 181, 183, 195, 200, 212, 245, 247, 257, 259, 260, 264, 269, 273, 275, 287, 288, 293]
297: [8, 10, 34, 46, 62, 63, 77, 84, 98, 112, 124, 131, 155, 166, 199, 200, 238, 253, 261, 271, 278]
298: [17, 26, 30, 39, 85, 90, 100, 122, 123, 127, 129, 137, 141, 162, 165, 176, 183, 194, 205, 219, 226, 239, 242, 243, 251, 263, 278]
299: [21, 37, 42, 60, 67, 70, 75, 77, 93, 99, 127, 135, 145, 160, 173, 176, 180, 198, 213, 215, 238, 244, 250, 251, 253, 276, 279, 280, 281]
300: [10, 11, 18, 58, 72, 82, 98, 104, 142, 148, 153, 171, 183, 189, 191, 201, 202, 204, 226, 237, 254, 260, 262, 265, 272, 274, 281, 289]
301: [4, 6, 8, 14, 17, 20, 32, 37, 38, 42, 45, 47, 54, 77, 79, 96, 119, 122, 125, 128, 130, 132, 145, 161, 165, 173, 176, 178, 180, 183, 184, 188, 198, 199, 205, 206, 208, 218, 222, 243, 244, 245, 253, 276, 277, 278, 279, 284, 298, 299]
302: [7, 16, 53, 84, 96, 110, 115, 130, 163, 205, 216, 221, 234, 239, 243, 253]
303: [14, 38, 67, 104, 122, 125, 150, 172, 176, 206, 208, 222, 251, 270, 277, 292, 301]
304: [3, 21, 23, 35, 38, 41, 44, 45, 52, 61, 65, 81, 84, 106, 110, 117, 136, 142, 144, 152, 183, 192, 225, 238, 248, 252, 256, 266, 269, 282, 284, 287]
305: [23, 45, 49, 57, 68, 74, 76, 109, 116, 117, 132, 142, 147, 166, 182, 183, 186, 192, 204, 210, 219, 233, 244, 250, 256, 262, 263, 266, 284, 287, 304]
306: [12, 17, 37, 70, 73, 76, 82, 87, 88, 93, 105, 113, 119, 125, 127, 129, 138, 144, 154, 175, 190, 197, 200, 206, 208, 210, 211, 215, 219, 221, 233, 237, 248, 251, 267, 269, 270, 277, 287, 288, 289, 293, 295]
307: [5, 26, 32, 35, 44, 48, 53, 70, 90, 106, 115, 132, 138, 146, 156, 162, 167, 209, 216, 228, 238, 240, 251, 270]
308: [22, 45, 79, 102, 131, 181, 183, 207, 222, 224, 232, 266, 290]
309: [20, 26, 30, 81, 85, 90, 100, 115, 127, 137, 141, 153, 162, 183, 190, 194, 200, 202, 226, 242, 248, 256, 263, 298]
310: [23, 28, 34, 58, 71, 137, 189, 196, 231, 249, 287]
311: [5, 16, 21, 32, 82, 84, 99, 105, 115, 172, 173, 215, 239, 243, 244, 267, 269, 280, 299, 302]
312: [5, 18, 23, 36, 76, 79, 135, 141, 152, 154, 157, 181, 190, 196, 197, 200, 201, 203, 212, 214, 239, 257, 265, 268, 288, 293, 296, 301, 306]
313: [4, 6, 8, 21, 25, 32, 36, 38, 41, 45, 47, 52, 54, 55, 61, 65, 66, 76, 80, 87, 96, 117, 119, 125, 130, 132, 144, 145, 152, 157, 161, 165, 169, 181, 183, 185, 199, 200, 203, 218, 220, 222, 225, 234, 257, 269, 272, 284, 288, 293, 296, 301, 304, 312]
314: [3, 22, 32, 56, 67, 85, 120, 123, 136, 223, 255, 274]
315: [36, 42, 59, 79, 116, 138, 157, 168, 172, 181, 184, 200, 206, 232, 257, 288, 290, 293, 296, 303, 312, 313]
316: [10, 21, 30, 39, 50, 55, 57, 78, 104, 109, 113, 118, 142, 147, 161, 169, 174, 178, 183, 203, 232, 237, 242, 247, 260, 261, 269, 273, 274, 275, 281, 289, 296, 300]
317: [7, 111, 128, 164, 178, 184, 219, 221, 222, 225, 231, 258, 268, 301]
318: [6, 8, 11, 26, 45, 47, 54, 90, 119, 130, 161, 199, 202, 209, 301, 307, 313]
319: [7, 14, 16, 35, 38, 53, 100, 110, 115, 122, 123, 125, 132, 137, 146, 150, 156, 162, 167, 205, 206, 208, 221, 222, 226, 228, 238, 240, 263, 277, 287, 298, 301, 302, 303, 307, 309]
320: [1, 2, 9, 19, 41, 45, 53, 64, 68, 72, 79, 91, 94, 98, 113, 114, 120, 123, 124, 146, 162, 181, 217, 222, 224, 232, 238, 240, 250, 266, 267, 271, 276, 283, 287, 297, 308, 319]
321: [23, 34, 71, 75, 122, 196, 205, 212, 238, 249, 281, 299, 310]
322: [15, 24, 43, 49, 53, 56, 63, 75, 135, 137, 149, 190, 210, 211, 220, 224, 231, 237, 238, 243, 266, 281, 285, 294, 299, 321]
323: [4, 7, 12, 21, 25, 32, 54, 56, 67, 76, 80, 94, 96, 99, 104, 111, 120, 123, 132, 136, 142, 164, 178, 183, 184, 186, 215, 219, 221, 223, 225, 237, 250, 258, 274, 280, 281, 287, 299, 300, 305, 311, 313, 314, 316, 317]
324: [4, 32, 88, 96, 115, 125, 137, 145, 165, 183, 208, 218, 222, 235, 284, 301, 302, 305, 313]
325: [2, 13, 14, 38, 59, 66, 122, 125, 164, 206, 208, 222, 246, 264, 269, 277, 301, 303, 319]
326: [1, 2, 7, 15, 32, 43, 49, 55, 69, 97, 100, 118, 137, 138, 153, 164, 185, 187, 193, 204, 215, 239, 240, 258, 278, 291, 293]
327: [38, 170, 196, 218, 244, 308]
328: [4, 23, 34, 47, 62, 63, 69, 71, 75, 76, 89, 98, 105, 115, 125, 141, 156, 159, 167, 175, 196, 205, 211, 217, 221, 233, 237, 249, 269, 277, 287, 288, 306, 310, 321]
329: [5, 10, 18, 36, 53, 68, 70, 71, 77, 82, 100, 122, 123, 131, 138, 146, 157, 189, 193, 195, 197, 206, 210, 215, 217, 238, 240, 243, 248, 253, 267, 270, 280, 287, 306, 319, 320]
330: [7, 8, 10, 16, 41, 46, 53, 63, 77, 84, 94, 110, 112, 115, 131, 134, 155, 199, 205, 221, 239, 243, 253, 261, 297, 302, 311, 319]
331: [7, 32, 65, 96, 111, 124, 133, 139, 143, 145, 158, 162, 164, 170, 174, 178, 184, 219, 221, 225, 229, 252, 258, 263, 275, 290, 317, 323]
332: [13, 19, 20, 21, 54, 84, 85, 87, 99, 100, 113, 114, 121, 124, 141, 157, 176, 179, 193, 215, 246, 248, 250, 252, 270, 280, 283, 288, 299, 311, 323]
333: [2, 15, 24, 41, 44, 56, 64, 68, 97, 112, 114, 120, 131, 134, 137, 190, 217, 224, 231, 250, 267, 276, 283, 320, 322, 330]
334: [1, 5, 17, 31, 32, 37, 43, 53, 68, 75, 97, 100, 102, 122, 123, 131, 147, 153, 163, 164, 165, 168, 173, 176, 182, 193, 196, 204, 205, 215, 232, 241, 243, 245, 278, 281, 282, 290, 293, 294, 298, 301, 326, 329]
335: [12, 16, 17, 23, 34, 71, 93, 106, 113, 119, 127, 144, 184, 196, 208, 249, 267, 270, 295, 306, 310, 321, 328]
336: [13, 15, 47, 49, 69, 100, 118, 128, 137, 138, 148, 162, 178, 185, 187, 220, 222, 226, 227, 239, 263, 264, 278, 298, 301, 309, 317, 319, 326]
337: [14, 30, 46, 71, 78, 83, 117, 151, 168, 169, 176, 204, 242, 281, 282, 290, 296, 315]
338: [1, 4, 19, 20, 27, 94, 97, 121, 150, 153, 185, 199, 200, 208, 252, 254, 265, 291]
339: [4, 62, 63, 70, 75, 76, 82, 89, 98, 115, 138, 141, 156, 167, 197, 205, 206, 208, 210, 215, 217, 223, 230, 248, 267, 306, 320, 328, 329]
340: [5, 32, 56, 67, 68, 74, 81, 84, 106, 110, 120, 122, 123, 131, 133, 136, 152, 157, 165, 171, 176, 193, 223, 238, 248, 252, 261, 268, 274, 279, 287, 304, 314, 323, 329, 334, 336]
341: [3, 5, 7, 22, 30, 33, 36, 49, 55, 97, 112, 150, 153, 164, 168, 185, 189, 190, 199, 200, 202, 207, 248, 254, 255, 256, 268, 286, 292, 309, 314, 338]
342: [7, 111, 124, 143, 164, 170, 178, 184, 219, 221, 225, 233, 258, 317, 323, 331]
343: [7, 10, 16, 25, 45, 53, 71, 74, 76, 77, 84, 109, 110, 115, 117, 119, 134, 154, 161, 166, 182, 197, 200, 205, 221, 228, 232, 233, 239, 243, 255, 261, 262, 264, 276, 293, 302, 305, 306, 311, 312, 319, 330]
344: [25, 30, 72, 86, 88, 115, 121, 140, 153, 188, 190, 200, 202, 205, 234, 235, 248, 256, 258, 259, 261, 262, 273, 280, 285, 295, 309, 341]
345: [1, 22, 32, 37, 41, 43, 56, 74, 93, 97, 100, 109, 117, 131, 146, 153, 164, 166, 182, 183, 204, 209, 215, 222, 229, 233, 262, 290, 293, 305, 308, 311, 326, 334, 343]
346: [4, 6, 47, 54, 66, 72, 80, 83, 87, 94, 97, 133, 150, 153, 162, 169, 174, 177, 185, 199, 200, 203, 220, 250, 254, 267, 272, 313, 338, 341]
347: [36, 193, 208]
348: [45, 59, 79, 112, 149, 150, 161, 181, 222, 224, 232, 239, 266, 308, 314, 320, 329]
349: [12, 17, 22, 75, 78, 83, 87, 93, 119, 121, 127, 131, 144, 151, 183, 188, 203, 208, 222, 245, 255, 270, 282, 290, 295, 306, 308, 335, 337, 345]
350: [31, 75, 102, 159, 168, 211, 232, 281, 301, 334]
351: [9, 10, 28, 74, 84, 115, 133, 137, 152, 157, 165, 176, 189, 208, 223, 227, 235, 324, 332, 340]
352: [2, 14, 21, 25, 62, 74, 78, 90, 99, 139, 151, 154, 170, 180, 183, 188, 191, 206, 209, 211, 215, 238, 245, 258, 263, 264, 273, 276, 280, 282, 299, 311, 323, 332, 348]
353: [34, 46, 50, 57, 109, 162, 282]
354: [16, 40, 53, 75, 79, 118, 123, 146, 177, 188, 201, 212, 230, 238, 240, 281, 287, 299, 319, 320, 321, 322, 329]
355: [2, 9, 28, 74, 81, 137, 148, 154, 188, 189, 194, 209, 211, 245, 258, 276, 351, 352]
356: [3, 12, 17, 22, 27, 49, 60, 80, 93, 112, 119, 127, 138, 144, 149, 158, 166, 168, 202, 208, 224, 270, 285, 295, 306, 335, 349]
357: [7, 16, 20, 21, 32, 37, 53, 56, 67, 75, 97, 99, 110, 120, 121, 123, 124, 136, 143, 146, 150, 153, 164, 165, 185, 199, 205, 215, 221, 223, 232, 238, 240, 241, 254, 258, 266, 274, 280, 287, 290, 299, 302, 311, 314, 319, 320, 323, 329, 330, 332, 334, 338, 340, 341, 343, 346, 352, 354]
358: [14, 16, 33, 40, 46, 79, 83, 115, 126, 175, 177, 183, 188, 195, 201, 212, 230, 247, 259, 260, 264, 279, 296, 317, 354]
359: [5, 8, 10, 12, 25, 30, 36, 46, 48, 49, 55, 63, 77, 96, 112, 115, 118, 122, 130, 131, 135, 145, 146, 155, 168, 172, 189, 191, 199, 205, 207, 215, 233, 253, 261, 262, 268, 271, 285, 286, 288, 295, 297, 330, 341, 356]
360: [1, 19, 123, 124, 139, 146, 162, 200, 217, 239, 243, 244, 263, 326, 329, 341, 349, 359]
361: [2, 19, 21, 41, 53, 64, 66, 68, 70, 82, 84, 87, 99, 102, 113, 114, 120, 123, 128, 133, 138, 146, 197, 200, 206, 210, 215, 217, 219, 220, 224, 229, 238, 240, 248, 250, 267, 272, 276, 280, 283, 287, 289, 299, 306, 311, 319, 320, 323, 329, 332, 333, 339, 352, 354, 357]
362: [1, 28, 51, 66, 118, 200, 208, 252, 265, 291, 298, 338]
363: [32, 36, 37, 41, 77, 120, 149, 189, 195, 206, 216, 219, 239, 253, 280, 329, 352]
364: [5, 21, 32, 44, 70, 76, 98, 99, 106, 125, 132, 162, 186, 203, 211, 215, 216, 218, 219, 228, 250, 251, 270, 280, 287, 299, 305, 307, 311, 316, 323, 332, 352, 357, 361]
365: [4, 6, 8, 17, 26, 31, 37, 42, 45, 47, 49, 53, 54, 69, 77, 89, 98, 119, 121, 124, 128, 130, 141, 145, 161, 165, 173, 176, 178, 180, 193, 198, 199, 205, 211, 222, 237, 243, 244, 248, 252, 253, 266, 276, 278, 279, 282, 285, 288, 298, 299, 301, 313, 317, 318, 322, 332, 334, 336]
366: [13, 14, 19, 20, 25, 30, 46, 62, 71, 78, 84, 87, 113, 117, 121, 129, 139, 145, 151, 152, 157, 166, 169, 170, 176, 179, 180, 183, 191, 200, 204, 238, 242, 250, 263, 264, 265, 270, 278, 282, 288, 297, 332, 337, 352]
367: [3, 4, 32, 36, 49, 57, 77, 93, 96, 101, 116, 125, 145, 165, 183, 189, 195, 206, 210, 218, 221, 222, 253, 263, 280, 284, 301, 305, 313, 324, 326, 329, 341, 363]
368: [3, 34, 35, 44, 45, 65, 72, 73, 74, 77, 97, 124, 136, 142, 153, 160, 165, 166, 214, 219, 226, 266, 271, 282, 297, 304, 320]
369: [2, 8, 10, 18, 28, 46, 47, 51, 63, 74, 76, 77, 79, 100, 111, 112, 131, 133, 135, 137, 148, 154, 155, 157, 188, 199, 201, 203, 211, 212, 239, 245, 253, 258, 261, 265, 268, 276, 280, 297, 312, 330, 336, 352, 355, 359, 362]
370: [14, 30, 46, 62, 71, 78, 84, 96, 104, 117, 166, 169, 200, 204, 238, 242, 278, 297, 337, 366]
371: [4, 33, 37, 42, 47, 58, 63, 75, 76, 77, 89, 98, 111, 114, 115, 126, 145, 156, 164, 167, 173, 175, 180, 198, 217, 241, 244, 253, 276, 279, 280, 290, 299, 301, 328, 334, 339, 357, 358, 365]
372: [5, 30, 46, 68, 110, 122, 123, 131, 153, 190, 193, 200, 202, 248, 256, 309, 329, 334, 338, 340, 341, 344]
373: [2, 21, 74, 85, 99, 141, 154, 188, 189, 211, 215, 227, 235, 245, 258, 276, 279, 280, 299, 311, 323, 332, 351, 352, 355, 357, 361, 364, 369]
374: [22, 23, 34, 40, 49, 57, 71, 78, 83, 110, 116, 131, 150, 151, 157, 172, 176, 183, 196, 198, 206, 210, 222, 244, 249, 251, 263, 270, 282, 290, 293, 303, 305, 308, 310, 315, 321, 328, 335, 337, 345, 349, 367]
375: [2, 14, 23, 33, 34, 49, 71, 74, 154, 161, 164, 188, 196, 211, 245, 249, 258, 262, 276, 288, 292, 310, 321, 328, 335, 341, 352, 355, 369, 373, 374]
376: [5, 12, 17, 68, 93, 102, 110, 119, 122, 123, 127, 131, 144, 193, 208, 230, 270, 295, 306, 329, 334, 335, 340, 349, 350, 356, 372]
377: [30, 43, 81, 87, 113, 115, 133, 149, 153, 186, 190, 200, 202, 210, 215, 219, 220, 243, 248, 256, 289, 294, 306, 309, 313, 322, 341, 344, 361, 372]
378: [37, 52, 72, 74, 75, 84, 86, 88, 109, 117, 121, 133, 140, 152, 157, 164, 165, 166, 176, 182, 188, 233, 234, 235, 241, 259, 261, 262, 285, 290, 305, 334, 340, 343, 344, 345, 351, 357, 371]
379: [1, 15, 46, 50, 105, 113, 125, 128, 175, 178, 195, 200, 208, 211, 221, 222, 233, 237, 252, 265, 269, 277, 282, 287, 288, 291, 301, 306, 317, 328, 336, 338, 353, 362, 365]
380: [14, 30, 32, 46, 56, 67, 71, 78, 84, 100, 104, 117, 120, 123, 136, 137, 142, 162, 169, 183, 189, 203, 204, 223, 226, 237, 242, 263, 274, 281, 298, 300, 309, 314, 316, 319, 323, 336, 337, 340, 357, 364, 366, 370]
381: [35, 40, 54, 55, 58, 72, 73, 77, 160, 167, 219, 226, 257, 265, 294, 368]
382: [18, 108, 341, 356, 378]
383: [5, 30, 36, 49, 55, 87, 112, 168, 189, 192, 207, 215, 229, 268, 286, 312, 341, 359, 361]
384: [58, 96, 145, 163, 260, 287, 310, 350]
385: [7, 14, 21, 38, 41, 49, 52, 53, 58, 61, 65, 95, 105, 107, 111, 117, 132, 134, 138, 144, 152, 164, 167, 178, 181, 184, 187, 201, 219, 221, 225, 254, 258, 269, 283, 294, 304, 313, 317, 323, 331, 342, 381]
386: [42, 43, 52, 79, 142, 149, 210, 220, 232, 243, 290, 294, 315, 322, 377]
387: [14, 46, 83, 115, 166, 183, 195, 212, 247, 259, 260, 263, 264, 296, 358]
388: [14, 15, 21, 24, 30, 46, 56, 71, 78, 111, 114, 117, 137, 160, 169, 190, 204, 224, 231, 242, 265, 294, 322, 333, 337, 366, 370, 380, 384]
389: [7, 16, 42, 53, 79, 93, 110, 112, 116, 145, 205, 221, 232, 290, 302, 315, 319, 330, 343, 357, 386]
390: [49, 86, 157, 176, 198, 266, 284, 289, 356]
391: [117]
392: [18, 23, 34, 58, 71, 75, 96, 145, 148, 189, 191, 196, 201, 204, 238, 249, 262, 265, 281, 299, 300, 310, 321, 322, 328, 335, 336, 354, 355, 374, 375, 384]
393: [5, 12, 16, 21, 32, 38, 41, 47, 52, 58, 61, 65, 96, 111, 114, 115, 117, 118, 122, 135, 144, 145, 146, 152, 172, 173, 199, 215, 225, 233, 244, 267, 269, 271, 277, 280, 304, 311, 313, 359, 360, 371, 385]
394: [23, 30, 35, 70, 72, 73, 77, 82, 138, 153, 160, 190, 197, 200, 202, 206, 210, 215, 219, 226, 248, 256, 267, 306, 309, 329, 339, 341, 344, 353, 361, 368, 372, 377, 381]
395: [7, 111, 164, 178, 184, 219, 221, 225, 258, 317, 323, 331, 339, 342, 385]
396: [5, 63, 68, 70, 73, 74, 89, 92, 109, 117, 147, 163, 166, 175, 182, 196, 217, 219, 233, 251, 255, 262, 294, 295, 305, 334, 343, 345, 362, 378]
397: [1, 5, 17, 26, 30, 33, 39, 47, 53, 58, 68, 85, 111, 114, 122, 123, 126, 131, 139, 141, 146, 150, 162, 175, 193, 200, 205, 210, 238, 239, 240, 251, 263, 279, 280, 287, 298, 303, 319, 320, 329, 334, 340, 354, 357, 358, 359, 360, 361, 371, 372, 374, 376, 393]
398: [16, 31, 64, 75, 102, 154, 168, 170, 181, 207, 222, 232, 244, 281, 327, 334, 335, 350]
399: [5, 16, 17, 23, 32, 44, 49, 53, 68, 70, 73, 74, 95, 105, 106, 107, 115, 122, 123, 127, 128, 131, 132, 135, 138, 141, 152, 162, 165, 172, 173, 176, 178, 181, 185, 187, 190, 193, 196, 201, 205, 212, 214, 216, 221, 222, 228, 243, 244, 251, 254, 258, 267, 269, 270, 275, 278, 283, 298, 301, 307, 311, 312, 317, 329, 334, 336, 340, 364, 365, 372, 376, 379, 385, 393, 397]
400: [5, 17, 32, 36, 37, 41, 68, 73, 74, 76, 87, 109, 113, 117, 120, 129, 147, 149, 154, 157, 163, 166, 181, 182, 196, 197, 200, 208, 215, 216, 219, 233, 251, 254, 257, 262, 269, 270, 288, 289, 293, 294, 296, 305, 306, 312, 313, 315, 334, 343, 345, 361, 363, 374, 377, 378, 396]
401: [78, 83, 105, 151, 225, 282, 290, 337, 349, 374]
402: [4, 6, 8, 17, 45, 47, 54, 63, 65, 74, 75, 76, 79, 89, 97, 98, 115, 119, 124, 125, 130, 153, 156, 161, 165, 167, 176, 188, 199, 205, 217, 243, 278, 298, 301, 313, 318, 328, 334, 339, 365, 368, 371, 399]
403: [5, 7, 16, 23, 30, 32, 37, 39, 41, 44, 70, 81, 87, 89, 106, 113, 115, 120, 141, 149, 152, 153, 162, 168, 172, 173, 175, 190, 196, 200, 202, 214, 215, 216, 219, 221, 228, 244, 248, 251, 256, 257, 267, 269, 270, 289, 306, 307, 309, 311, 312, 341, 344, 361, 363, 364, 372, 377, 393, 394, 399, 400]
404: [3, 11, 22, 35, 53, 108, 115, 132, 146, 150, 156, 160, 161, 167, 180, 228, 232, 238, 240, 250, 307, 319, 348]
405: [11, 47, 58, 111, 114, 119, 191, 199, 202, 262, 280, 288, 318, 359, 371, 393, 397]
406: [4, 32, 35, 53, 99, 115, 132, 133, 146, 155, 156, 167, 218, 222, 228, 235, 238, 240, 260, 307, 312, 319, 380, 402, 404]
407: [6, 163]
408: [10, 14, 23, 34, 71, 82, 104, 148, 171, 189, 191, 196, 202, 249, 272, 284, 300, 307, 310, 321, 328, 335, 374, 375, 392]
409: [38, 53, 62, 84, 166, 200, 225, 238, 278, 297, 315, 366, 370]
410: [4, 38, 63, 75, 76, 89, 94, 98, 102, 114, 115, 129, 139, 156, 167, 217, 256, 267, 328, 339, 346, 354, 371, 402]
411: [17, 30, 39, 58, 107, 123, 153, 165, 176, 190, 200, 202, 205, 239, 243, 248, 251, 256, 278, 287, 298, 301, 309, 310, 334, 341, 344, 365, 372, 377, 384, 394, 397, 399, 402, 403]
412: [6, 8, 41, 45, 47, 54, 119, 130, 138, 161, 199, 228, 301, 313, 318, 365, 402, 408]
413: [12, 14, 17, 30, 37, 46, 62, 71, 75, 78, 79, 80, 93, 117, 119, 125, 126, 127, 144, 164, 169, 204, 208, 230, 237, 238, 241, 242, 259, 270, 280, 286, 290, 295, 306, 334, 335, 337, 342, 349, 356, 357, 366, 370, 371, 376, 378, 380, 388]
414: [1, 2, 5, 7, 17, 26, 36, 37, 55, 85, 88, 123, 141, 157, 164, 181, 190, 193, 197, 200, 208, 210, 240, 251, 252, 257, 258, 265, 269, 270, 288, 291, 293, 296, 306, 312, 313, 315, 326, 338, 362, 379, 380, 397, 400]
415: [24, 28, 44, 51, 54, 121, 124, 141, 163, 193, 231, 248, 252, 284, 332, 362, 365, 369]
416: [12, 18, 74, 76, 79, 96, 109, 117, 118, 122, 135, 145, 157, 166, 172, 182, 199, 201, 203, 212, 215, 233, 239, 240, 262, 265, 268, 271, 305, 312, 343, 345, 352, 359, 360, 369, 378, 393, 396, 400]
417: [2, 15, 21, 23, 34, 49, 55, 69, 71, 74, 98, 100, 109, 110, 113, 118, 125, 137, 138, 154, 157, 174, 176, 185, 187, 188, 196, 198, 203, 211, 239, 242, 244, 245, 247, 249, 258, 269, 270, 273, 274, 275, 276, 278, 289, 293, 296, 310, 316, 321, 326, 328, 335, 336, 352, 355, 364, 369, 373, 374, 375, 380, 383, 392, 408]
418: [10, 18, 23, 39, 62, 76, 81, 87, 90, 121, 124, 129, 132, 157, 186, 219, 245, 250, 265, 287, 296, 305, 323, 364, 366, 414]
419: [10, 17, 18, 23, 26, 39, 49, 53, 56, 58, 70, 81, 85, 87, 90, 121, 123, 124, 135, 138, 141, 157, 165, 176, 191, 201, 204, 205, 210, 211, 237, 243, 245, 262, 265, 266, 278, 285, 287, 296, 298, 300, 301, 322, 334, 363, 365, 392, 397, 399, 402, 411, 414, 418]
420: [14, 33, 38, 112, 116, 122, 125, 126, 175, 206, 208, 214, 222, 277, 279, 301, 303, 319, 325, 358, 371, 389, 397]
421: [22, 42, 50, 57, 65, 74, 79, 97, 124, 128, 131, 153, 165, 170, 183, 199, 222, 232, 237, 244, 290, 308, 312, 315, 327, 345, 349, 368, 374, 386, 389, 395, 398, 402]
422: [21, 24, 26, 33, 73, 85, 88, 123, 126, 141, 163, 175, 178, 210, 246, 268, 279, 358, 366, 371, 397, 414, 415, 419, 420]
423: [75, 119, 194, 238, 281, 284, 299, 321, 322, 337, 354, 392]
424: [16, 36, 45, 68, 110, 157, 173, 181, 200, 257, 288, 293, 296, 312, 313, 315, 335, 372, 376, 398, 400, 405, 414, 420]
425: [4, 18, 34, 76, 79, 91, 135, 144, 157, 162, 166, 201, 203, 212, 239, 264, 265, 268, 297, 312, 346, 354, 368, 369, 416]
426: [1, 7, 14, 16, 17, 32, 38, 43, 53, 97, 100, 110, 122, 123, 125, 129, 146, 149, 153, 164, 204, 205, 206, 208, 210, 212, 215, 220, 221, 222, 238, 240, 243, 277, 287, 293, 294, 298, 301, 302, 303, 319, 320, 322, 325, 326, 329, 330, 334, 343, 345, 354, 357, 361, 377, 386, 389, 397, 420]
427: [17, 23, 25, 34, 59, 71, 134, 138, 149, 165, 176, 182, 196, 205, 228, 243, 249, 255, 264, 276, 278, 296, 298, 301, 310, 315, 321, 328, 333, 334, 335, 343, 365, 374, 375, 392, 399, 401, 402, 408, 411, 417, 419, 423]
428: [10, 17, 27, 30, 39, 42, 54, 78, 79, 81, 94, 104, 132, 147, 161, 169, 178, 208, 226, 232, 235, 252, 260, 261, 290, 315, 316, 349, 372, 386, 389, 421]
429: [2, 7, 10, 14, 16, 32, 38, 45, 53, 56, 66, 67, 76, 77, 103, 105, 110, 115, 119, 120, 122, 123, 125, 136, 152, 154, 161, 175, 197, 200, 205, 206, 208, 211, 215, 221, 222, 223, 232, 233, 237, 261, 269, 274, 277, 287, 288, 293, 301, 302, 303, 306, 312, 314, 319, 323, 325, 328, 330, 340, 343, 351, 357, 379, 380, 389, 400, 420, 426]
430: [2, 51, 59, 66, 74, 75, 103, 179, 231, 238, 281, 299, 321, 322, 354, 392, 423, 429]
431: [2, 7, 14, 74, 97, 147, 150, 153, 154, 158, 164, 188, 200, 211, 229, 245, 255, 258, 262, 270, 276, 288, 352, 355, 367, 369, 373, 375, 417]
432: [1, 19, 23, 32, 43, 86, 95, 97, 100, 106, 113, 115, 148, 153, 164, 171, 184, 189, 204, 215, 239, 243, 244, 270, 272, 293, 320, 326, 334, 335, 345, 398, 426]
433: [26, 54, 77, 85, 96, 115, 123, 130, 141, 160, 210, 234, 302, 324, 381, 397, 407, 414, 419, 422]
434: [15, 33, 48, 124, 126, 143, 146, 153, 165, 175, 217, 232, 241, 258, 266, 279, 290, 355, 357, 358, 371, 378, 397, 420, 422]
435: [4, 5, 26, 31, 37, 68, 89, 98, 109, 113, 116, 122, 123, 131, 193, 206, 209, 229, 247, 269, 273, 275, 282, 288, 296, 307, 316, 318, 329, 334, 340, 365, 372, 376, 386, 397, 399, 401, 417]
436: [15, 49, 57, 68, 69, 74, 80, 97, 100, 116, 118, 137, 138, 147, 153, 158, 183, 185, 187, 200, 210, 229, 237, 239, 244, 255, 263, 278, 305, 326, 327, 336, 342, 367, 374, 410, 413, 417, 425, 431, 432]
437: [5, 10, 30, 36, 39, 49, 51, 55, 72, 78, 86, 88, 104, 112, 121, 140, 147, 156, 161, 168, 169, 178, 188, 189, 207, 232, 234, 235, 259, 260, 261, 262, 268, 279, 285, 286, 316, 340, 341, 344, 359, 378, 383, 428]
438: [7, 10, 16, 21, 29, 42, 45, 53, 77, 79, 90, 99, 110, 112, 116, 119, 127, 135, 161, 205, 206, 209, 215, 221, 232, 251, 261, 280, 290, 299, 302, 311, 315, 319, 323, 330, 332, 337, 343, 352, 357, 361, 364, 373, 386, 389, 420, 421, 426, 428, 429]
439: [60, 80, 83, 237, 308, 413, 420, 436]
440: [1, 54, 57, 64, 91, 181, 184, 222, 271, 384, 398]
441: [4, 5, 14, 16, 32, 35, 46, 56, 67, 68, 83, 84, 99, 115, 120, 122, 123, 131, 133, 136, 148, 172, 173, 183, 189, 193, 195, 212, 218, 222, 223, 235, 239, 243, 244, 247, 259, 260, 264, 267, 269, 274, 296, 302, 311, 314, 323, 324, 329, 330, 334, 340, 343, 355, 357, 358, 372, 376, 380, 387, 392, 393, 397, 399, 403, 406, 429, 433, 435]
442: [1, 84, 86, 95, 115, 148, 150, 153, 164, 171, 189, 239, 243, 244, 270, 272, 293, 302, 311, 330, 343, 416, 431, 432, 441]
443: [1, 4, 5, 16, 20, 32, 42, 44, 57, 70, 91, 94, 106, 162, 184, 216, 228, 251, 267, 270, 274, 282, 301, 307, 320, 335, 346, 364, 387, 399, 403, 410, 425, 440]
444: [12, 13, 35, 53, 62, 74, 96, 109, 115, 117, 118, 122, 125, 126, 132, 133, 135, 145, 146, 156, 166, 167, 169, 172, 182, 199, 215, 228, 233, 238, 240, 262, 271, 280, 286, 305, 307, 319, 343, 345, 358, 359, 378, 393, 396, 400, 404, 406, 413, 416]
445: [53, 66, 89, 123, 128, 146, 178, 194, 222, 238, 240, 287, 301, 317, 319, 320, 329, 336, 354, 357, 361, 365, 379, 397, 399, 426]
446: [4, 32, 45, 60, 65, 74, 96, 97, 124, 125, 145, 153, 165, 183, 187, 218, 222, 270, 284, 285, 301, 313, 324, 367, 368, 402, 421]
447: [16, 38, 128, 136, 218, 308, 335, 346, 361, 398, 424]
448: [69, 70, 82, 92, 138, 197, 206, 210, 212, 215, 248, 249, 267, 306, 317, 329, 339, 361, 394, 422, 429]
449: [31, 36, 47, 48, 58, 75, 102, 111, 114, 157, 168, 181, 200, 232, 257, 280, 281, 288, 293, 296, 312, 313, 315, 334, 337, 350, 371, 393, 397, 398, 400, 405, 414, 424]
450: [5, 7, 16, 19, 21, 32, 39, 78, 83, 89, 99, 115, 131, 151, 168, 172, 173, 175, 215, 216, 221, 244, 267, 269, 280, 282, 290, 299, 311, 323, 332, 337, 349, 352, 357, 361, 364, 373, 374, 393, 399, 401, 403, 438, 441]
