Description:

Following is a problem description of Graph Coloring Problem. It contains two section.

1. Problem's data description
2. The adjacency list representation of that specific problem.

Please calculate the best solution for this problem, which is the minimum number of colors needed to color the graph such that no two adjacent nodes have the same color.


[GCP_DATA_INFO]
Type: GCP, Graph Coloring Problem
Node: 450
Edge: 17425

[ADJACENCY_List]
2: [1]
3: [1]
4: [1, 2]
5: [3]
6: [4]
7: [1, 3]
8: [7]
9: [2, 3]
11: [7]
12: [1, 3, 5]
13: [3]
15: [6, 9]
16: [5, 9]
17: [2, 3, 4, 6, 13]
18: [1, 3, 7, 9, 10, 13]
19: [1, 2, 3, 7, 9, 18]
20: [8, 12]
21: [10, 12, 20]
22: [4, 5, 6]
23: [3, 12, 13, 17, 19, 20]
24: [1, 2, 3, 13, 15, 17, 21, 23]
25: [2, 5, 7, 9, 10, 19, 21]
26: [13, 18]
27: [1, 3, 7, 18, 19, 23, 26]
28: [6, 12, 15, 18, 24, 26, 27]
29: [1, 10, 16, 18]
30: [10, 16, 18, 21, 25, 26, 27, 28]
31: [2, 4, 8, 15, 17, 19, 20]
32: [3, 4, 5, 11, 12, 17]
33: [1, 2, 9, 19, 24, 25, 26]
34: [1, 10, 18, 26, 27, 28, 29, 30]
35: [3, 5, 12, 28, 32]
36: [2, 4, 9, 15, 17, 26, 27, 28, 30, 31]
37: [1, 5, 18, 20, 21, 22, 26, 33, 34]
38: [28, 36]
39: [1, 2, 3, 7, 18, 19, 20, 27, 30]
40: [1, 2, 3, 4, 6, 8, 11, 13, 17, 21, 23, 24, 31, 36]
41: [2, 3, 4, 6, 17, 19, 22, 27, 31, 36, 40]
42: [2, 8, 9, 19, 25, 33]
43: [1, 20, 21, 24, 27, 30, 36, 40, 41]
44: [1, 3, 5, 12, 17, 18, 20, 21, 22, 23, 24, 27, 30, 32, 37, 39, 40, 43]
45: [22, 28, 36]
46: [26, 27, 30, 41, 43]
47: [6, 15]
48: [21, 30, 39, 44]
49: [1, 2, 9, 16, 17, 19, 25, 26, 29, 33, 37, 42]
50: [3, 9, 11, 15, 19, 26, 32, 36]
51: [2, 8, 9, 12, 17, 19, 20, 22, 23, 25, 28, 31, 33, 36, 38, 40, 42, 44, 49]
52: [1, 4, 36]
53: [10, 12, 18, 29, 33, 34, 49]
54: [3, 7, 8, 18, 21, 22, 35, 40, 44]
55: [7, 11, 19, 23, 31, 39]
56: [1, 9, 12, 15, 28, 29, 33, 36, 38, 43, 45, 50, 51]
57: [1, 3, 18, 27, 30, 39, 43, 44, 50, 54, 55]
58: [35, 42, 54]
59: [1, 2, 3, 7, 16, 18, 19, 24, 27, 39, 40, 45]
60: [12, 24, 28, 36, 38, 40, 51, 56]
61: [2, 9, 19, 25, 31, 33, 42, 45, 49, 51, 55]
62: [1, 2, 4, 11, 17, 21, 24, 31, 36, 40, 41, 43, 44, 54, 55]
63: [1, 2, 8, 9, 12, 16, 18, 19, 20, 21, 23, 25, 26, 30, 31, 33, 34, 35, 37, 42, 44, 46, 49, 51, 54, 58, 61]
64: [4, 5, 18, 21, 24, 26, 27, 28, 30, 32, 34, 36, 40, 43, 44, 46, 48, 62, 63]
65: [1, 20, 24, 27, 28, 39, 43, 44, 55, 57]
66: [10, 18, 29, 34, 53, 57, 59]
67: [8, 10, 18, 20, 21, 23, 25, 29, 30, 31, 33, 34, 40, 49, 51, 53, 55, 66]
68: [1, 2, 4, 17, 19, 23, 27, 28, 29, 31, 36, 40, 41, 62]
69: [2, 3, 4, 17, 31, 33, 36, 40, 41, 62, 68]
70: [1, 3, 7, 8, 18, 22, 33, 36, 44, 49, 54, 57, 61]
71: [7, 16, 25, 30, 43, 57]
72: [6, 17, 33, 63, 69]
73: [2, 3, 5, 9, 14, 18, 19, 25, 29, 30, 33, 39, 42, 44, 49, 51, 54, 55, 57, 61, 63, 64, 68, 70, 71]
74: [5, 16, 17, 20, 21, 26, 30, 33, 37, 46, 63, 64]
75: [2, 9, 24, 28, 39, 57, 65, 66]
76: [12, 28, 60]
77: [16, 20, 26, 28, 29, 30, 36, 38, 39, 42, 45, 49, 50, 51, 56, 57, 58, 60, 65, 71, 73]
78: [1, 12, 17, 21, 26, 30, 46, 48, 56, 63, 64, 69, 74]
79: [20, 45, 70, 77]
80: [1, 3, 7, 9, 18, 19, 27, 39, 45, 50, 53, 59, 79]
81: [13, 20, 28, 35, 43, 45, 54, 58, 63]
82: [9, 12, 15, 20, 23, 27, 36, 44, 50, 51, 56, 59, 63, 66, 68, 73]
83: [22, 29, 42, 50, 51, 56, 57, 66, 77]
84: [3, 5, 11, 13, 14, 18, 22, 29, 37, 40, 44, 54, 56, 57, 62, 64, 70, 73, 77, 83]
85: [1, 2, 12, 22, 24, 26, 33, 37, 40, 49, 51, 56, 59, 78, 83]
86: [5, 8, 22, 24, 29, 30, 37, 39, 40, 43, 44, 45, 48, 51, 60, 67, 68, 73, 79, 80, 84]
87: [1, 21, 30, 39, 42, 44, 48, 51, 57, 65, 66, 75, 83, 86]
88: [1, 3, 4, 9, 15, 18, 29, 36, 44, 45, 50, 52, 54, 56, 57, 66, 70, 72, 73, 82, 83, 84]
89: [3, 15, 17, 26, 32, 33, 35, 37, 44, 48, 49, 53, 54, 58, 63, 67, 68, 81, 85]
90: [54]
91: [1, 2, 4, 18, 26, 27, 28, 30, 32, 33, 34, 39, 43, 44, 49, 57, 64, 65, 68, 70, 75, 82]
92: [19, 20, 22, 23, 27, 28, 31, 36, 38, 43, 50, 51, 56, 60, 63, 68, 77, 81]
93: [2, 12, 14, 20, 23, 35, 44, 51, 54, 58, 63, 73, 81, 82, 89]
94: [12, 29, 35, 51, 54, 58, 60, 63, 66, 81, 83, 85, 88, 89, 93]
95: [9, 16, 35, 41, 43, 53, 54, 56, 58, 63, 80, 81, 89, 93, 94]
96: [2, 5, 9, 19, 25, 27, 28, 30, 33, 36, 42, 43, 49, 51, 53, 61, 63, 64, 67, 68, 73, 89]
97: [1, 2, 3, 4, 9, 12, 13, 17, 18, 19, 20, 23, 25, 29, 33, 42, 44, 49, 51, 52, 54, 57, 61, 63, 70, 73, 74, 78, 79, 81, 82, 84, 88, 93, 96]
98: [3, 4, 6, 9, 12, 17, 19, 22, 27, 28, 36, 38, 41, 43, 46, 50, 51, 56, 57, 60, 74, 77, 78, 80, 83, 92, 97]
99: [17, 25, 33, 56, 69, 72]
100: [4, 16, 27, 32, 41, 43, 46, 64, 71, 84, 91, 98]
101: [2, 8, 15, 20, 21, 24, 37, 39, 60, 63, 74, 75, 91]
102: [3, 7, 9, 11, 15, 17, 19, 21, 26, 29, 30, 33, 36, 40, 41, 46, 50, 54, 55, 56, 62, 63, 64, 66, 69, 72, 74, 78, 82, 83, 88, 94, 99]
103: [2, 6, 9, 12, 17, 19, 20, 23, 25, 26, 29, 30, 33, 36, 39, 42, 44, 48, 49, 50, 51, 57, 61, 63, 66, 69, 72, 73, 75, 77, 82, 83, 86, 87, 88, 93, 94, 96, 97, 99, 102]
104: [1, 3, 6, 15, 16, 18, 19, 23, 26, 27, 28, 30, 34, 36, 37, 40, 41, 42, 47, 50, 58, 63, 64, 68, 71, 72, 77, 91, 92, 100, 102, 103]
105: [9, 15, 20, 36, 39, 45, 50, 56, 59, 65, 77, 82, 88, 92, 102]
106: [1, 2, 4, 22, 27, 39, 43, 44, 47, 51, 52, 57, 65, 72, 75, 83, 85, 88, 91, 97, 101]
107: [1, 8, 18, 34, 37, 39, 40, 51, 55, 63, 66, 67, 68, 86, 89, 104]
108: [1, 2, 3, 17, 19, 26, 27, 28, 36, 39, 41, 42, 43, 44, 45, 50, 54, 57, 65, 75, 77, 81, 90, 91, 101, 102, 103, 104, 106]
109: [2, 6, 16, 17, 24, 25, 29, 40, 49, 60, 72, 73, 77, 86, 93, 100, 103]
110: [17, 21, 28, 29, 40, 45, 53, 54, 57, 62, 66, 69, 75, 80, 81, 83, 87, 88, 94, 95, 102, 103, 108]
111: [6, 15, 16, 17, 20, 26, 29, 30, 33, 37, 45, 47, 49, 56, 63, 71, 72, 85, 88, 89, 97, 100, 103, 104, 109]
112: [3, 6, 10, 13, 15, 17, 18, 21, 23, 24, 28, 29, 34, 39, 40, 53, 55, 57, 65, 66, 67, 73, 74, 75, 78, 97, 98]
113: [4, 33, 69, 72, 99, 102, 103]
114: [1, 12, 21, 27, 43, 44, 48, 56, 57, 65, 78, 85, 91, 106, 108]
115: [6, 8, 17, 20, 28, 43, 45, 56, 67, 72, 81, 92, 99, 103, 106, 108, 109, 110, 111]
116: [7, 9, 19, 24, 28, 31, 49, 55, 61, 65, 75, 112]
117: [5, 12, 16, 20, 23, 24, 26, 28, 39, 43, 44, 51, 60, 63, 65, 68, 71, 74, 75, 77, 82, 89, 93, 97, 100, 103, 104, 105, 107, 111, 112, 116]
118: [1, 2, 6, 16, 17, 24, 34, 40, 45, 59, 72, 85, 103, 105, 109, 111, 115]
119: [8, 17, 21, 40, 48, 51, 63, 67, 68, 74, 78, 86, 89, 97, 98, 101, 103, 107, 112, 114, 117]
120: [2, 13, 21, 29, 39, 40, 54, 62, 75, 81, 91, 97, 101, 102, 106, 108, 110]
121: [1, 5, 13, 17, 18, 25, 26, 27, 28, 30, 34, 37, 62, 63, 64, 74, 78, 91, 97, 98, 104, 107, 112, 119]
122: [1, 13, 20, 21, 24, 29, 40, 43, 44, 62, 64, 68, 81, 92, 115]
123: [24, 28, 45, 57, 59, 65, 66, 75, 87, 91, 103, 105, 110, 112, 116, 117, 118]
124: [2, 4, 8, 15, 17, 20, 31, 36, 39, 40, 41, 51, 62, 65, 67, 68, 69, 77, 86, 89, 105, 107, 110, 115, 117, 119]
125: [3, 5, 6, 11, 12, 16, 17, 18, 29, 30, 32, 33, 35, 39, 40, 44, 48, 49, 53, 54, 56, 57, 62, 64, 67, 70, 72, 73, 77, 82, 83, 84, 86, 87, 88, 89, 96, 97, 103, 104, 109, 111, 115, 118]
126: [15, 19, 25, 33, 52, 56, 78, 89, 99, 112, 121, 124]
127: [1, 11, 12, 13, 20, 23, 29, 36, 44, 45, 51, 59, 63, 68, 81, 82, 89, 90, 93, 97, 103, 105, 107, 117, 118, 119, 120, 122, 123]
128: [19, 23, 27, 31, 55, 61, 68, 87, 92, 104, 112, 116]
129: [1, 2, 6, 8, 9, 12, 16, 17, 19, 21, 24, 25, 30, 33, 40, 42, 43, 44, 49, 51, 56, 59, 61, 62, 63, 64, 65, 72, 73, 78, 85, 87, 96, 97, 99, 101, 102, 103, 109, 111, 114, 115, 118, 119, 122, 125]
130: [1, 2, 11, 18, 23, 34, 37, 39, 40, 43, 62, 63, 71, 75, 84, 91, 96, 101, 104, 106, 107, 108, 117, 120, 121, 125, 128]
131: [20, 21, 22, 37, 45, 63, 74, 90, 101, 115, 127]
132: [10, 11, 18, 26, 29, 34, 36, 40, 43, 50, 53, 62, 66, 67, 71, 72, 77, 84, 90, 103, 104, 108, 112, 117, 125, 127, 130, 131]
133: [1, 3, 17, 18, 25, 34, 37, 40, 44, 49, 63, 74, 78, 97, 98, 99, 102, 104, 107, 110, 112, 119, 121, 124, 126, 129, 130]
134: [7, 8, 25, 28, 35, 36, 38, 41, 51, 54, 56, 58, 60, 63, 66, 70, 72, 77, 81, 89, 92, 93, 94, 95, 98, 104, 132]
135: [11, 17, 33, 40, 62, 69, 71, 72, 84, 87, 99, 102, 103, 113, 125, 128, 129, 130, 132, 133]
136: [1, 9, 12, 13, 18, 20, 23, 29, 39, 44, 45, 51, 54, 56, 59, 63, 65, 66, 68, 77, 79, 82, 83, 84, 88, 90, 93, 94, 97, 102, 103, 105, 110, 117, 118, 122, 123, 124, 125, 127, 131, 132]
137: [1, 3, 7, 13, 18, 19, 26, 27, 28, 30, 34, 36, 39, 43, 45, 50, 59, 64, 68, 80, 81, 89, 91, 92, 96, 104, 105, 107, 108, 110, 115, 117, 119, 121, 127]
138: [8, 40, 51, 67, 72, 86, 107, 119, 124]
139: [3, 13, 17, 23, 24, 40, 43, 50, 55, 62, 65, 71, 80, 92, 105, 112, 117, 128, 130, 132, 137]
140: [1, 6, 13, 17, 28, 29, 33, 36, 38, 51, 56, 60, 68, 69, 72, 77, 92, 98, 99, 102, 103, 113, 122, 124, 127, 129, 133, 134, 135, 136]
141: [5, 12, 19, 20, 22, 37, 43, 44, 75, 81, 84, 86, 92, 98, 115, 122, 126]
142: [19, 26, 28, 36, 50, 51, 68, 77, 87, 96, 103, 104, 108, 128, 132, 133, 135]
143: [2, 9, 19, 25, 30, 33, 34, 39, 42, 44, 48, 49, 51, 59, 61, 63, 66, 73, 75, 82, 86, 87, 90, 91, 96, 97, 101, 103, 106, 108, 116, 120, 125, 127, 129, 130, 131, 132, 136]
144: [1, 2, 13, 26, 29, 30, 39, 46, 50, 57, 62, 63, 64, 74, 75, 78, 83, 88, 91, 92, 97, 98, 101, 102, 105, 106, 108, 111, 120, 121, 130, 137, 139, 143]
145: [1, 5, 13, 18, 22, 27, 29, 37, 43, 44, 51, 52, 54, 56, 57, 61, 65, 68, 77, 83, 84, 85, 86, 88, 91, 97, 102, 106, 108, 111, 114, 122, 125, 126, 127, 136, 140, 141, 144]
146: [2, 3, 5, 11, 12, 16, 22, 32, 35, 37, 40, 44, 62, 73, 74, 84, 86, 93, 94, 105, 109, 117, 125, 130, 132, 135, 141, 145]
147: [1, 3, 17, 30, 32, 33, 44, 48, 49, 55, 65, 70, 81, 86, 87, 89, 91, 133, 139, 143]
148: [3, 5, 12, 32, 35, 45, 50, 57, 79, 80, 86, 89, 92, 105, 125, 137, 139, 144, 146]
149: [1, 3, 15, 18, 19, 34, 35, 37, 40, 44, 63, 104, 107, 121, 126, 130, 133, 141]
150: [3, 7, 11, 13, 14, 17, 21, 23, 24, 26, 27, 28, 30, 33, 36, 37, 40, 43, 49, 52, 54, 55, 62, 64, 68, 84, 85, 89, 90, 96, 102, 110, 111, 112, 120, 126, 127, 131, 132, 136, 137, 139, 142, 143, 145]
151: [16, 19, 23, 24, 27, 28, 40, 43, 60, 68, 71, 86, 89, 92, 100, 104, 107, 109, 111, 117, 119, 127, 128, 130, 132, 137, 139]
152: [9, 11, 13, 18, 43, 68, 111, 136, 145]
153: [1, 10, 20, 21, 25, 30, 42, 43, 58, 65, 67, 77, 81, 87, 92, 104, 115, 122, 129, 141]
154: [7, 11, 22, 26, 30, 38, 46, 51, 52, 55, 57, 63, 64, 66, 74, 75, 78, 83, 85, 87, 102, 103, 106, 110, 120, 123, 126, 144, 145, 150]
155: [1, 3, 12, 13, 14, 17, 21, 23, 24, 27, 40, 41, 43, 46, 54, 56, 62, 78, 85, 87, 98, 100, 102, 110, 112, 114, 120, 129, 139, 150]
156: [10, 13, 18, 26, 29, 34, 53, 54, 57, 66, 67, 75, 83, 87, 88, 90, 94, 102, 103, 108, 110, 112, 115, 121, 123, 132, 136, 137, 144, 154]
157: [20, 29, 39, 41, 45, 65, 66, 77, 79, 80, 83, 86, 88, 94, 102, 103, 105, 110, 117, 123, 124, 134, 136, 148, 156]
158: [3, 6, 13, 16, 17, 20, 21, 23, 24, 28, 37, 40, 49, 60, 63, 71, 72, 74, 100, 101, 103, 104, 109, 111, 112, 115, 117, 118, 125, 129, 131, 139, 140, 150, 151, 155]
159: [12, 14, 20, 23, 33, 44, 51, 63, 69, 72, 82, 93, 97, 99, 102, 103, 113, 117, 127, 135, 136, 140]
160: [2, 4, 15, 17, 20, 21, 23, 31, 36, 37, 40, 41, 43, 62, 63, 68, 69, 71, 74, 78, 89, 101, 112, 117, 121, 124, 126, 128, 130, 131, 132, 139, 151, 158]
161: [1, 20, 27, 41, 43, 44, 45, 46, 52, 57, 65, 77, 79, 91, 98, 100, 106, 108, 114, 120, 126, 145, 147, 150, 154, 155]
162: [29, 68, 73, 86, 148]
163: [1, 6, 7, 11, 15, 17, 18, 26, 27, 28, 30, 34, 36, 45, 47, 50, 52, 55, 59, 64, 65, 72, 77, 81, 87, 91, 102, 103, 104, 105, 108, 109, 110, 111, 112, 115, 118, 121, 123, 125, 126, 127, 129, 132, 136, 137, 142, 145, 150, 153, 154, 158, 161]
164: [3, 5, 12, 23, 30, 32, 35, 45, 48, 55, 67, 79, 80, 86, 87, 90, 123, 125, 127, 131, 132, 136, 143, 146, 147, 148, 150, 157, 162]
165: [3, 17, 22, 23, 29, 32, 44, 52, 54, 70, 88, 89, 97, 99, 111, 126, 128, 130, 139, 144, 145, 147, 150, 154, 160, 161, 163]
166: [9, 18, 21, 24, 39, 40, 43, 44, 55, 62, 64, 72, 75, 104, 107, 122, 129, 132, 134, 136, 152, 157]
167: [8, 22, 26, 33, 37, 49, 50, 51, 57, 58, 83, 85, 89, 98, 106, 111, 144, 145, 150, 151, 154]
168: [2, 8, 17, 21, 29, 40, 45, 51, 54, 62, 66, 67, 79, 80, 83, 86, 88, 94, 99, 102, 103, 104, 107, 110, 119, 120, 123, 124, 125, 127, 129, 133, 135, 136, 138, 140, 148, 150, 155, 156, 157, 164]
169: [1, 15, 17, 29, 43, 53, 68, 71, 78, 80, 89, 95, 99, 102, 110, 112, 117, 121, 122, 124, 126, 127, 129, 130, 132, 133, 135, 136, 139, 140, 145, 151, 160, 168]
170: [7, 11, 28, 29, 36, 38, 40, 51, 55, 56, 60, 61, 62, 77, 84, 92, 98, 102, 125, 129, 130, 132, 134, 135, 140, 146, 150, 152, 154, 163]
171: [2, 5, 23, 39, 75, 91, 101, 105, 106, 108, 120, 128, 130, 139, 143, 144, 160, 165]
172: [15, 16, 18, 21, 26, 27, 28, 30, 34, 40, 45, 52, 54, 62, 64, 71, 81, 89, 91, 100, 102, 104, 108, 110, 111, 115, 117, 120, 121, 124, 126, 137, 138, 145, 150, 151, 154, 155, 158, 160, 161, 163, 165, 168, 169]
173: [1, 3, 4, 14, 17, 20, 26, 27, 30, 32, 39, 43, 44, 46, 57, 63, 64, 65, 74, 77, 78, 89, 91, 93, 100, 102, 105, 106, 108, 114, 117, 124, 136, 144, 145, 147, 154, 157, 159, 161, 165]
174: [1, 2, 3, 12, 18, 39, 44, 54, 56, 57, 70, 72, 73, 75, 78, 84, 85, 88, 91, 97, 101, 104, 106, 108, 114, 120, 125, 129, 130, 132, 133, 134, 143, 144, 155, 166, 171]
175: [5, 8, 19, 20, 22, 30, 31, 37, 39, 44, 48, 51, 55, 67, 84, 86, 87, 98, 107, 126, 141, 143, 145, 146, 147, 149, 164, 166]
176: [6, 8, 17, 35, 42, 50, 60, 67, 72, 92, 103, 105, 109, 111, 115, 117, 118, 124, 125, 129, 137, 139, 144, 148, 149, 158, 163, 171]
177: [3, 11, 13, 17, 23, 24, 26, 33, 37, 40, 49, 85, 89, 111, 112, 139, 150, 155, 158, 167]
178: [1, 15, 20, 27, 29, 41, 42, 43, 46, 51, 68, 71, 79, 83, 87, 89, 97, 98, 100, 117, 122, 124, 126, 127, 130, 132, 136, 139, 140, 145, 151, 155, 160, 161, 169, 172]
179: [1, 12, 20, 21, 22, 23, 28, 33, 37, 38, 39, 44, 45, 49, 51, 56, 59, 63, 65, 70, 74, 77, 81, 82, 91, 93, 97, 101, 103, 105, 108, 110, 115, 117, 118, 120, 123, 124, 127, 131, 136, 137, 147, 157, 158, 159, 160, 163, 172, 173]
180: [4, 6, 10, 12, 14, 18, 19, 22, 28, 29, 34, 35, 41, 53, 60, 66, 67, 76, 98, 112, 114, 126, 132, 141, 149, 156, 175]
181: [1, 5, 7, 8, 11, 16, 21, 24, 33, 40, 42, 43, 44, 49, 51, 54, 58, 62, 63, 64, 67, 70, 74, 77, 84, 86, 90, 91, 98, 101, 104, 107, 117, 119, 122, 124, 125, 129, 130, 132, 134, 135, 138, 146, 147, 153, 166, 168, 170, 172, 175, 179]
182: [2, 3, 4, 5, 6, 9, 13, 17, 18, 19, 22, 23, 24, 25, 33, 40, 41, 42, 48, 49, 51, 61, 63, 64, 66, 73, 93, 96, 97, 98, 103, 109, 112, 129, 136, 139, 143, 146, 150, 152, 155, 158, 166, 177, 180]
183: [1, 12, 17, 20, 23, 28, 43, 44, 51, 56, 63, 65, 68, 71, 82, 87, 93, 96, 97, 103, 115, 117, 127, 128, 129, 130, 132, 135, 136, 139, 142, 150, 151, 153, 159, 160, 163, 169, 178, 179]
184: [4, 6, 7, 11, 16, 22, 41, 52, 55, 93, 98, 102, 150, 154, 163, 170, 180, 182]
185: [1, 12, 20, 23, 25, 26, 27, 43, 44, 51, 57, 63, 65, 69, 76, 82, 91, 93, 97, 99, 101, 103, 106, 108, 114, 117, 126, 127, 133, 136, 145, 159, 161, 169, 173, 179, 183]
186: [8, 10, 18, 20, 22, 29, 31, 34, 43, 50, 51, 53, 57, 63, 66, 67, 81, 83, 85, 92, 98, 101, 106, 112, 115, 119, 120, 122, 129, 132, 141, 144, 145, 153, 154, 156, 167, 175, 180, 181]
187: [20, 23, 39, 55, 67, 79, 96, 97, 105, 136, 164, 178]
188: [1, 3, 4, 10, 12, 16, 18, 19, 21, 29, 34, 40, 41, 47, 53, 54, 56, 62, 66, 67, 71, 72, 77, 78, 79, 83, 84, 85, 90, 100, 102, 104, 108, 110, 111, 112, 114, 117, 120, 125, 129, 132, 134, 136, 145, 150, 151, 155, 156, 158, 166, 168, 172, 174, 180, 186]
189: [28, 57, 68, 91, 96, 123, 142, 150, 183]
190: [7, 8, 16, 17, 30, 54, 63, 70, 99, 111, 120, 129, 134, 156, 158, 181]
191: [7, 12, 20, 23, 44, 50, 51, 57, 63, 68, 75, 82, 89, 93, 97, 103, 107, 117, 119, 127, 132, 136, 137, 151, 159, 179, 183, 185]
192: [3, 18, 26, 44, 54, 57, 66, 70, 73, 75, 84, 87, 88, 97, 103, 110, 123, 125, 151, 154, 156, 174]
193: [2, 4, 6, 7, 11, 16, 22, 26, 30, 41, 46, 50, 54, 55, 57, 63, 64, 74, 78, 83, 95, 98, 102, 111, 129, 136, 144, 145, 150, 154, 163, 167, 170, 173, 180, 182, 184, 186, 190]
194: [1, 10, 11, 12, 22, 40, 51, 56, 60, 62, 71, 78, 83, 84, 85, 106, 114, 125, 129, 130, 132, 135, 145, 146, 154, 155, 160, 167, 170, 174, 178, 181, 186, 188]
195: [2, 3, 9, 13, 19, 26, 29, 30, 33, 46, 50, 57, 63, 64, 66, 69, 71, 72, 73, 74, 75, 77, 78, 80, 87, 88, 93, 98, 99, 102, 103, 109, 110, 113, 123, 129, 135, 140, 144, 146, 154, 156, 159, 165, 173, 182, 192, 193]
196: [5, 20, 28, 36, 38, 39, 45, 51, 56, 59, 60, 64, 65, 73, 77, 79, 92, 97, 98, 105, 117, 118, 123, 124, 127, 134, 136, 140, 148, 157, 162, 163, 164, 170, 173, 178, 179, 182, 187]
197: [8, 26, 28, 30, 35, 36, 38, 40, 46, 51, 54, 56, 58, 60, 63, 64, 67, 74, 77, 78, 81, 86, 88, 89, 92, 93, 94, 95, 98, 101, 102, 107, 119, 124, 129, 134, 138, 140, 144, 154, 168, 170, 173, 181, 186, 193, 195, 196]
198: [14, 26, 29, 36, 50, 66, 68, 77, 83, 88, 94, 102, 103, 104, 108, 110, 132, 136, 142, 155, 156, 157, 163, 168]
199: [7, 8, 20, 26, 31, 36, 43, 50, 51, 54, 56, 67, 70, 77, 95, 103, 104, 108, 122, 132, 134, 142, 163, 175, 181, 186, 190, 198]
200: [1, 2, 4, 6, 16, 22, 24, 27, 40, 41, 59, 66, 68, 82, 85, 91, 98, 118, 129, 141, 166, 180, 182, 184, 193]
201: [2, 3, 4, 5, 12, 17, 22, 23, 31, 32, 35, 36, 37, 40, 41, 44, 62, 68, 69, 84, 86, 124, 125, 128, 130, 135, 139, 141, 145, 146, 148, 160, 164, 165, 171, 175]
202: [11, 16, 29, 32, 40, 50, 55, 62, 65, 71, 84, 88, 97, 100, 104, 111, 117, 125, 130, 132, 135, 136, 139, 144, 145, 146, 147, 151, 158, 165, 170, 172, 181, 184, 188, 193, 194]
203: [2, 4, 17, 19, 31, 36, 40, 41, 44, 62, 68, 69, 87, 94, 119, 124, 144, 160, 187, 201]
204: [20, 38, 98, 138, 163, 175, 181]
205: [6, 17, 72, 87, 103, 109, 111, 114, 115, 118, 125, 128, 129, 135, 142, 158, 163, 176, 183]
206: [17, 47, 49, 72, 90, 122, 133, 147, 158, 172, 190]
207: [2, 3, 4, 5, 17, 19, 21, 22, 23, 24, 27, 31, 33, 36, 37, 39, 40, 41, 43, 44, 49, 50, 53, 62, 64, 67, 68, 69, 84, 86, 87, 89, 92, 96, 102, 104, 105, 108, 122, 124, 125, 128, 129, 135, 141, 142, 145, 146, 151, 160, 166, 175, 181, 183, 187, 188, 193, 201, 202, 203, 205]
208: [1, 3, 4, 11, 17, 21, 32, 40, 44, 52, 54, 62, 84, 88, 89, 97, 102, 106, 110, 117, 120, 125, 126, 130, 132, 135, 145, 146, 147, 150, 154, 155, 161, 163, 165, 168, 170, 172, 173, 181, 188, 194, 199, 202]
209: [3, 4, 5, 12, 26, 28, 32, 33, 35, 37, 49, 57, 64, 66, 68, 75, 85, 87, 89, 91, 93, 96, 100, 103, 110, 111, 123, 125, 142, 146, 148, 150, 154, 156, 164, 167, 173, 175, 177, 183, 189, 192, 195, 201]
210: [1, 3, 12, 13, 17, 18, 23, 24, 26, 27, 28, 29, 30, 34, 40, 42, 44, 50, 53, 54, 57, 58, 64, 68, 69, 70, 73, 77, 83, 84, 88, 91, 96, 97, 98, 104, 112, 121, 122, 125, 127, 133, 136, 137, 139, 140, 142, 144, 145, 149, 150, 153, 155, 158, 163, 167, 169, 172, 174, 177, 178, 180, 181, 182, 183, 186, 189, 192, 193, 209]
211: [1, 18, 20, 21, 31, 34, 37, 63, 74, 98, 101, 104, 107, 120, 121, 130, 131, 133, 149, 158, 160, 175, 179, 181, 202, 204]
212: [2, 9, 19, 25, 26, 31, 33, 36, 42, 49, 50, 51, 53, 55, 61, 63, 69, 72, 73, 77, 78, 96, 97, 99, 102, 103, 104, 108, 113, 116, 128, 129, 132, 135, 140, 142, 143, 153, 159, 163, 178, 182, 195, 196, 198, 199]
213: [2, 4, 15, 17, 31, 36, 40, 41, 47, 62, 68, 69, 89, 124, 126, 160, 169, 172, 178, 201, 203, 207]
214: [7, 12, 19, 20, 23, 25, 27, 44, 51, 57, 63, 66, 68, 71, 75, 82, 87, 92, 93, 97, 103, 104, 107, 110, 117, 123, 127, 128, 132, 136, 151, 154, 156, 159, 179, 183, 185, 191, 192, 195, 205, 207, 209]
215: [1, 4, 8, 43, 52, 56, 63, 88, 95, 97, 98, 101, 106, 119, 129, 131, 175, 181, 186, 197, 199, 204, 208, 211]
216: [1, 3, 7, 11, 18, 19, 23, 27, 28, 32, 36, 38, 39, 50, 51, 55, 56, 59, 60, 75, 77, 80, 92, 98, 102, 123, 127, 128, 130, 134, 137, 139, 140, 150, 154, 160, 163, 165, 168, 170, 171, 175, 181, 184, 193, 196, 197, 201, 202, 204, 211, 215]
217: [6, 13, 15, 18, 24, 26, 27, 28, 30, 34, 40, 60, 64, 86, 91, 104, 109, 112, 121, 122, 126, 137, 144, 151, 156, 163, 172, 199, 210]
218: [2, 11, 29, 33, 40, 56, 62, 69, 72, 77, 83, 84, 99, 102, 103, 104, 113, 125, 130, 132, 134, 135, 136, 140, 145, 146, 147, 159, 161, 166, 170, 174, 181, 184, 188, 194, 195, 202, 208, 212]
219: [1, 4, 10, 15, 18, 24, 27, 29, 34, 41, 42, 43, 46, 51, 52, 53, 66, 67, 83, 87, 88, 97, 98, 100, 101, 106, 108, 112, 132, 155, 156, 161, 178, 180, 186, 188, 208, 215]
220: [16, 17, 29, 55, 65, 99, 102, 129, 133, 135, 139, 140, 147, 168, 169, 184, 193, 202]
221: [24, 26, 28, 36, 39, 50, 65, 75, 77, 87, 92, 103, 104, 105, 108, 112, 116, 117, 123, 128, 132, 135, 137, 139, 142, 144, 148, 162, 163, 176, 183, 187, 198, 199, 205, 207, 212]
222: [13, 17, 42, 43, 56, 58, 77, 81, 95, 104, 129, 140, 153, 158, 181, 199, 210, 215]
223: [3, 5, 11, 16, 19, 31, 32, 40, 55, 61, 62, 66, 71, 74, 84, 100, 104, 111, 116, 117, 125, 128, 130, 132, 134, 135, 137, 146, 151, 157, 158, 170, 172, 181, 188, 194, 202, 208, 212, 214, 218]
224: [1, 3, 8, 17, 28, 29, 32, 44, 45, 52, 54, 63, 65, 68, 81, 88, 89, 90, 97, 101, 108, 110, 111, 115, 119, 122, 126, 127, 129, 136, 137, 140, 144, 145, 147, 150, 154, 156, 161, 163, 165, 169, 172, 173, 178, 179, 181, 186, 188, 190, 197, 202, 208, 210, 215]
225: [3, 16, 19, 29, 30, 41, 43, 45, 54, 59, 63, 68, 73, 84, 86, 102, 104, 105, 108, 111, 118, 123, 127, 129, 136, 145, 162, 163, 179, 184, 188, 190, 193, 196, 198, 202, 207, 220]
226: [11, 12, 33, 35, 40, 54, 58, 62, 63, 69, 71, 72, 81, 84, 89, 93, 94, 95, 99, 102, 103, 113, 125, 130, 132, 134, 135, 140, 146, 159, 160, 170, 181, 194, 195, 197, 202, 208, 212, 217, 218, 223]
227: [6, 9, 11, 16, 17, 30, 49, 63, 68, 72, 93, 103, 109, 111, 115, 116, 118, 125, 129, 143, 158, 163, 168, 176, 190, 193, 205, 211, 225]
228: [19, 39, 62, 69, 87, 105, 142, 187, 207, 221]
229: [6, 15, 26, 28, 33, 37, 38, 49, 50, 57, 83, 85, 89, 98, 111, 112, 144, 150, 163, 167, 177, 186, 193, 209, 210, 217]
230: [14, 96, 114, 121, 146, 171, 196, 214, 221]
231: [1, 20, 22, 39, 65, 77, 87, 105, 117, 124, 129, 136, 153, 157, 163, 173, 179, 183, 190, 196]
232: [19, 25, 41, 43, 56, 95, 99, 126, 133, 141, 149, 175, 180, 185, 199, 215, 222]
233: [2, 4, 15, 17, 19, 31, 35, 36, 40, 41, 43, 56, 62, 68, 69, 89, 95, 99, 122, 124, 126, 141, 149, 160, 169, 172, 175, 176, 178, 180, 199, 201, 203, 207, 213, 215, 217, 222, 224, 232]
234: [19, 23, 25, 26, 27, 36, 50, 57, 68, 75, 77, 83, 89, 92, 93, 95, 98, 103, 104, 105, 107, 108, 117, 119, 127, 128, 132, 137, 139, 142, 144, 148, 151, 163, 167, 176, 186, 191, 193, 198, 199, 202, 207, 210, 212, 214, 221, 229]
235: [3, 17, 20, 21, 24, 29, 30, 32, 33, 39, 40, 43, 44, 48, 49, 53, 62, 64, 65, 67, 77, 86, 87, 88, 89, 96, 97, 103, 105, 111, 117, 122, 124, 125, 129, 136, 143, 144, 145, 147, 157, 165, 166, 173, 179, 181, 196, 202, 207, 208, 224, 231]
236: [13, 17, 20, 55, 65, 81, 97, 99, 102, 120, 127, 129, 133, 135, 139, 140, 147, 152, 168, 169, 177, 202, 220, 227]
237: [3, 8, 17, 18, 28, 32, 33, 35, 36, 38, 40, 44, 45, 49, 51, 53, 54, 56, 57, 58, 60, 63, 67, 68, 70, 73, 77, 79, 80, 81, 84, 86, 88, 89, 92, 93, 94, 95, 96, 97, 98, 107, 117, 119, 124, 125, 134, 138, 140, 142, 147, 148, 150, 151, 157, 158, 164, 165, 168, 170, 173, 174, 181, 183, 189, 192, 196, 197, 207, 208, 209, 210, 216, 224, 226, 235]
238: [8, 9, 11, 19, 20, 24, 30, 31, 40, 48, 49, 51, 55, 60, 61, 62, 65, 67, 84, 86, 87, 109, 116, 125, 128, 130, 132, 135, 139, 143, 146, 147, 151, 164, 170, 172, 175, 181, 186, 194, 199, 202, 208, 212, 217, 218, 220, 223, 226, 227, 236]
239: [6, 11, 17, 19, 21, 23, 28, 35, 40, 54, 62, 72, 84, 87, 102, 103, 109, 110, 111, 115, 118, 120, 123, 125, 126, 128, 129, 130, 132, 135, 141, 142, 146, 149, 150, 155, 158, 163, 168, 170, 172, 175, 176, 180, 181, 183, 188, 194, 202, 205, 207, 208, 218, 221, 223, 226, 227, 230, 232, 233, 238]
240: [6, 8, 16, 17, 18, 19, 20, 26, 27, 28, 30, 31, 33, 34, 36, 46, 50, 51, 55, 56, 61, 63, 64, 67, 71, 74, 77, 78, 81, 91, 92, 97, 98, 99, 100, 102, 103, 104, 106, 108, 111, 112, 116, 117, 119, 121, 126, 128, 132, 133, 137, 142, 144, 151, 154, 158, 163, 172, 173, 175, 186, 188, 193, 195, 197, 198, 199, 202, 210, 212, 217, 221, 223, 234, 238]
241: [14, 30, 48, 50, 84, 86, 87, 143, 147, 148, 150, 162, 164, 175, 196, 238]
242: [1, 4, 11, 15, 19, 21, 26, 27, 30, 40, 43, 44, 46, 52, 54, 57, 62, 63, 64, 65, 74, 78, 84, 88, 89, 91, 97, 102, 106, 108, 110, 112, 114, 120, 121, 124, 125, 126, 130, 132, 135, 141, 144, 145, 146, 149, 150, 154, 155, 158, 160, 161, 163, 165, 168, 169, 170, 172, 173, 175, 178, 180, 181, 185, 188, 193, 194, 195, 197, 202, 208, 213, 215, 218, 219, 223, 224, 226, 232, 233, 238, 239, 240]
243: [3, 9, 11, 14, 15, 16, 19, 32, 34, 36, 50, 56, 80, 82, 84, 88, 95, 98, 102, 105, 150, 195, 202, 216, 241]
244: [4, 8, 20, 23, 32, 48, 55, 64, 67, 79, 91, 97, 100, 115, 124, 136, 153, 164, 173, 176, 178, 187, 196, 209]
245: [4, 8, 10, 16, 18, 27, 29, 34, 41, 43, 46, 49, 50, 53, 57, 63, 66, 67, 77, 83, 90, 98, 100, 101, 109, 112, 119, 125, 127, 129, 131, 132, 136, 143, 144, 147, 150, 155, 156, 161, 164, 167, 178, 180, 181, 186, 188, 193, 197, 210, 211, 215, 218, 219, 224, 229, 234, 236]
246: [6, 12, 17, 26, 29, 33, 37, 49, 53, 62, 66, 72, 80, 83, 85, 87, 88, 89, 94, 95, 102, 103, 109, 110, 111, 112, 115, 118, 125, 129, 136, 150, 156, 157, 158, 163, 167, 168, 169, 176, 177, 198, 205, 209, 227, 229, 239]
247: [7, 8, 23, 27, 30, 36, 43, 53, 54, 55, 56, 64, 67, 70, 80, 90, 95, 96, 108, 110, 134, 137, 150, 156, 164, 169, 181, 187, 190, 199, 224, 244, 246]
248: [6, 7, 17, 43, 55, 62, 65, 71, 72, 90, 103, 109, 111, 115, 117, 118, 125, 127, 129, 130, 131, 132, 136, 139, 143, 147, 150, 151, 158, 160, 163, 164, 169, 176, 178, 183, 189, 202, 205, 214, 220, 227, 232, 236, 238, 239, 245, 246]
249: [1, 6, 11, 13, 15, 21, 26, 27, 28, 40, 43, 44, 54, 57, 62, 65, 83, 84, 90, 91, 102, 104, 106, 108, 110, 112, 114, 120, 121, 125, 130, 132, 135, 137, 144, 145, 146, 150, 155, 156, 161, 163, 168, 170, 172, 173, 181, 185, 188, 194, 201, 202, 208, 217, 218, 223, 226, 229, 238, 239, 242]
250: [52, 59, 184]
251: [6, 10, 15, 19, 28, 35, 112, 122, 135, 142, 163, 192, 199, 217, 228, 229, 233, 249]
252: [3, 13, 16, 18, 29, 43, 44, 45, 54, 56, 57, 59, 68, 70, 73, 84, 86, 88, 93, 95, 97, 111, 118, 125, 145, 162, 174, 192, 199, 200, 210, 211, 215, 222, 225, 232, 233, 237]
253: [2, 16, 20, 21, 39, 40, 54, 62, 65, 71, 73, 77, 93, 100, 102, 104, 105, 109, 110, 111, 117, 120, 124, 136, 146, 148, 150, 151, 155, 157, 158, 162, 164, 168, 172, 173, 179, 182, 187, 188, 195, 196, 202, 208, 223, 231, 235, 239, 240, 241, 242, 249]
254: [1, 5, 11, 13, 18, 22, 26, 27, 28, 30, 36, 37, 38, 40, 43, 44, 51, 56, 57, 60, 62, 65, 71, 73, 77, 84, 86, 90, 91, 92, 98, 106, 108, 114, 121, 125, 127, 130, 131, 132, 134, 135, 136, 137, 140, 141, 143, 144, 145, 146, 147, 150, 152, 156, 161, 164, 170, 173, 175, 181, 185, 194, 195, 196, 197, 201, 202, 207, 208, 216, 217, 218, 223, 226, 237, 238, 239, 242, 245, 248, 249]
255: [2, 4, 7, 14, 17, 21, 25, 29, 31, 36, 40, 41, 46, 48, 62, 68, 69, 71, 73, 74, 78, 86, 96, 97, 98, 112, 114, 119, 121, 124, 133, 160, 162, 201, 203, 207, 213, 214, 225, 233, 240, 252]
256: [7, 9, 11, 26, 33, 37, 49, 55, 85, 87, 89, 102, 111, 116, 120, 128, 135, 142, 143, 150, 154, 163, 165, 167, 170, 177, 183, 184, 190, 193, 205, 207, 209, 216, 221, 227, 229, 238, 239, 246]
257: [5, 6, 16, 17, 26, 30, 41, 46, 63, 64, 72, 74, 78, 102, 103, 109, 111, 115, 117, 118, 125, 129, 141, 144, 146, 148, 154, 158, 162, 163, 164, 173, 176, 181, 193, 195, 196, 197, 198, 205, 223, 227, 239, 240, 241, 242, 246, 248, 253]
258: [5, 9, 16, 20, 24, 26, 29, 30, 39, 40, 46, 49, 60, 63, 64, 65, 74, 77, 78, 86, 99, 102, 105, 109, 116, 117, 124, 125, 136, 143, 144, 146, 151, 154, 157, 173, 179, 181, 193, 195, 196, 197, 217, 223, 227, 231, 235, 238, 240, 242, 245, 253, 256, 257]
259: [1, 20, 26, 30, 33, 39, 46, 49, 55, 63, 64, 65, 68, 70, 74, 77, 78, 91, 102, 105, 117, 124, 136, 139, 144, 147, 148, 154, 157, 162, 164, 168, 173, 179, 181, 193, 195, 196, 197, 202, 220, 231, 235, 236, 238, 240, 241, 242, 248, 253, 257, 258]
260: [5, 6, 15, 20, 22, 28, 37, 43, 44, 50, 81, 84, 86, 87, 92, 105, 112, 115, 122, 137, 139, 141, 144, 145, 146, 148, 153, 155, 163, 169, 171, 175, 176, 178, 186, 201, 207, 217, 221, 229, 234, 249, 251, 254]
261: [3, 16, 18, 19, 20, 21, 26, 27, 28, 29, 30, 34, 40, 41, 49, 52, 54, 62, 64, 77, 91, 102, 104, 108, 109, 110, 120, 121, 125, 127, 137, 150, 155, 163, 168, 172, 188, 190, 207, 208, 210, 217, 225, 239, 240, 242, 245, 249, 253, 256, 258]
262: [1, 27, 30, 43, 44, 45, 51, 57, 59, 65, 71, 73, 77, 85, 91, 94, 96, 105, 106, 108, 114, 118, 123, 127, 136, 145, 161, 163, 173, 179, 185, 195, 196, 225, 242, 249, 254]
263: [22, 26, 33, 37, 47, 49, 51, 83, 85, 89, 90, 98, 106, 111, 127, 131, 132, 136, 143, 145, 147, 150, 154, 161, 164, 167, 175, 177, 181, 186, 194, 204, 209, 211, 215, 216, 218, 229, 245, 246, 248, 254, 256]
264: [1, 5, 9, 10, 15, 16, 18, 19, 21, 22, 25, 30, 31, 34, 36, 37, 44, 45, 50, 55, 56, 59, 61, 63, 67, 74, 82, 84, 86, 88, 102, 104, 105, 107, 116, 117, 118, 121, 123, 127, 128, 130, 133, 136, 141, 145, 146, 149, 153, 163, 175, 179, 181, 196, 201, 207, 211, 212, 223, 225, 238, 240, 243, 254, 257, 258, 260, 262]
265: [20, 29, 57, 66, 74, 75, 79, 83, 87, 88, 94, 97, 102, 103, 110, 123, 136, 154, 156, 157, 168, 178, 187, 192, 195, 196, 198, 199, 209, 214, 244, 246]
266: [3, 9, 19, 26, 30, 43, 46, 50, 52, 56, 63, 64, 74, 78, 80, 92, 95, 98, 102, 105, 126, 137, 139, 144, 145, 148, 150, 154, 161, 163, 165, 172, 173, 176, 182, 193, 195, 197, 199, 202, 207, 208, 215, 221, 222, 224, 232, 233, 234, 240, 242, 243, 252, 257, 258, 259, 260]
267: [1, 3, 8, 19, 25, 26, 33, 35, 41, 44, 49, 54, 56, 58, 63, 70, 81, 83, 89, 91, 93, 94, 95, 99, 102, 104, 108, 126, 133, 134, 147, 149, 179, 181, 185, 188, 197, 207, 210, 225, 226, 232, 237, 240, 251, 259, 261]
268: [3, 11, 13, 17, 19, 23, 24, 30, 31, 40, 41, 45, 55, 57, 61, 71, 73, 77, 79, 98, 102, 104, 108, 112, 116, 128, 139, 150, 155, 158, 161, 170, 175, 177, 181, 182, 188, 195, 202, 204, 207, 210, 211, 212, 215, 216, 223, 225, 238, 240, 254, 261, 262, 263, 264, 267]
269: [12, 20, 21, 33, 37, 42, 43, 49, 53, 58, 63, 67, 74, 77, 81, 87, 89, 92, 96, 101, 104, 115, 122, 125, 131, 141, 153, 155, 158, 160, 178, 179, 180, 181, 186, 207, 210, 211, 222, 235, 237, 253, 260]
270: [2, 4, 6, 11, 16, 17, 26, 29, 30, 31, 33, 36, 37, 40, 41, 49, 50, 61, 62, 63, 66, 68, 69, 72, 73, 77, 83, 85, 86, 88, 89, 94, 102, 103, 104, 108, 109, 110, 111, 115, 118, 124, 125, 129, 132, 136, 142, 150, 156, 157, 158, 160, 161, 162, 163, 167, 168, 176, 177, 190, 193, 198, 199, 201, 203, 205, 207, 209, 212, 213, 221, 225, 227, 229, 233, 234, 239, 240, 246, 248, 252, 254, 255, 256, 257, 263, 265]
271: [3, 9, 12, 19, 20, 23, 25, 41, 44, 50, 51, 63, 80, 82, 93, 97, 98, 99, 102, 103, 104, 108, 117, 126, 127, 133, 136, 159, 179, 180, 183, 185, 188, 191, 195, 205, 207, 214, 225, 232, 243, 261, 266, 267, 268]
272: [3, 10, 11, 17, 18, 19, 23, 27, 29, 34, 40, 41, 53, 56, 62, 66, 67, 68, 77, 83, 84, 90, 92, 98, 99, 102, 104, 108, 112, 115, 125, 128, 129, 130, 132, 133, 135, 136, 140, 145, 146, 151, 156, 168, 169, 170, 175, 179, 180, 181, 183, 186, 188, 194, 202, 204, 207, 208, 211, 213, 214, 215, 216, 218, 219, 220, 223, 224, 225, 226, 234, 236, 238, 239, 242, 245, 249, 254, 261, 263, 267, 268, 271]
273: [1, 3, 7, 14, 15, 18, 19, 26, 27, 33, 37, 39, 49, 59, 64, 80, 85, 89, 111, 114, 124, 126, 132, 137, 150, 160, 167, 169, 172, 177, 178, 209, 213, 216, 229, 232, 233, 242, 246, 256, 263, 270]
274: [3, 5, 10, 18, 19, 22, 23, 27, 29, 34, 37, 41, 44, 53, 55, 56, 66, 67, 68, 77, 83, 84, 86, 92, 102, 104, 108, 112, 125, 128, 132, 136, 141, 145, 146, 151, 156, 164, 175, 180, 186, 187, 188, 201, 207, 214, 218, 219, 225, 234, 244, 245, 247, 254, 260, 261, 264, 267, 268, 271, 272]
275: [1, 3, 7, 12, 18, 19, 20, 23, 27, 39, 44, 51, 59, 63, 80, 82, 93, 97, 103, 117, 127, 136, 137, 159, 166, 179, 183, 185, 191, 214, 216, 241, 266, 271, 273]
276: [10, 18, 20, 21, 25, 29, 30, 33, 34, 35, 39, 42, 43, 49, 53, 65, 66, 67, 77, 81, 87, 89, 92, 96, 105, 112, 115, 117, 122, 124, 125, 128, 132, 135, 136, 141, 142, 153, 156, 157, 173, 179, 180, 183, 186, 188, 196, 205, 207, 219, 221, 231, 235, 237, 239, 245, 253, 256, 258, 259, 260, 264, 269, 272, 274]
277: [1, 4, 5, 10, 13, 18, 21, 22, 24, 25, 30, 32, 34, 37, 40, 44, 57, 60, 63, 64, 66, 67, 75, 84, 86, 87, 91, 100, 103, 104, 107, 109, 110, 121, 123, 130, 133, 141, 145, 146, 149, 151, 153, 154, 156, 173, 175, 192, 195, 201, 207, 209, 211, 214, 217, 238, 244, 254, 258, 260, 264, 265, 274, 276]
278: [1, 4, 5, 23, 25, 32, 48, 55, 62, 64, 67, 73, 91, 99, 100, 108, 126, 133, 139, 162, 164, 173, 182, 185, 187, 194, 196, 209, 219, 232, 242, 244, 247, 248, 267, 269, 271, 274, 277]
279: [13, 45, 70, 81, 86, 95, 97, 120, 127, 145, 190, 193, 234, 236, 256, 261, 263]
280: [1, 3, 18, 27, 33, 43, 44, 54, 57, 65, 66, 69, 70, 72, 73, 84, 88, 89, 91, 97, 99, 102, 103, 106, 108, 113, 114, 125, 134, 135, 140, 145, 157, 159, 161, 173, 174, 185, 192, 195, 210, 212, 214, 218, 223, 226, 237, 242, 249, 252, 254, 262]
281: [3, 13, 16, 17, 23, 24, 30, 40, 53, 63, 65, 80, 95, 110, 111, 112, 129, 139, 150, 155, 158, 165, 169, 177, 182, 190, 193, 210, 222, 225, 227, 246, 247, 268, 270, 272]
282: [3, 9, 12, 14, 16, 19, 27, 41, 43, 46, 48, 50, 73, 80, 92, 93, 98, 100, 105, 123, 137, 139, 141, 144, 148, 155, 159, 161, 173, 176, 178, 195, 219, 221, 234, 243, 245, 260, 266, 271]
283: [1, 6, 24, 28, 53, 62, 65, 75, 80, 92, 95, 110, 112, 116, 117, 123, 144, 148, 162, 164, 169, 196, 201, 217, 221, 241, 246, 247, 253, 257, 259, 281]
284: [2, 4, 17, 27, 31, 36, 40, 41, 54, 62, 68, 69, 82, 91, 102, 124, 136, 145, 160, 193, 200, 201, 203, 207, 213, 225, 233, 250, 255, 270, 275]
285: [2, 3, 9, 19, 25, 33, 39, 42, 44, 49, 50, 51, 56, 61, 63, 73, 75, 76, 80, 91, 96, 97, 98, 99, 101, 103, 106, 108, 120, 126, 129, 130, 141, 143, 144, 149, 151, 171, 174, 175, 176, 180, 182, 195, 212, 232, 233, 239, 240, 242, 243, 266, 267, 269, 271, 282]
286: [2, 35, 39, 54, 58, 63, 75, 81, 89, 91, 93, 94, 95, 101, 106, 108, 120, 130, 134, 143, 144, 171, 174, 197, 220, 226, 237, 267, 285]
287: [1, 5, 16, 19, 20, 39, 48, 50, 57, 64, 65, 71, 73, 77, 83, 98, 100, 104, 105, 108, 111, 117, 124, 136, 142, 144, 151, 155, 157, 158, 167, 172, 173, 179, 182, 186, 188, 193, 196, 198, 202, 203, 210, 219, 223, 228, 229, 231, 234, 235, 240, 242, 244, 245, 251, 253, 258, 259, 276, 278]
288: [1, 6, 15, 17, 22, 33, 40, 45, 47, 49, 54, 56, 70, 77, 79, 80, 86, 90, 91, 99, 102, 104, 108, 111, 115, 129, 133, 135, 140, 147, 148, 154, 156, 157, 161, 164, 168, 169, 179, 181, 183, 204, 220, 224, 236, 237, 247, 249, 259, 267, 268, 272]
289: [1, 12, 20, 24, 25, 28, 30, 43, 50, 57, 65, 75, 81, 83, 87, 92, 98, 99, 112, 115, 116, 117, 122, 123, 126, 129, 133, 141, 144, 153, 163, 167, 183, 185, 186, 193, 210, 221, 229, 231, 232, 234, 245, 260, 267, 269, 271, 276, 278, 282, 283, 287]
290: [47, 53, 74, 80, 95, 104, 110, 122, 129, 169, 174, 199, 206, 217, 222, 231, 233, 246, 247, 251, 256, 281, 283, 288]
291: [3, 13, 17, 20, 23, 24, 25, 26, 36, 39, 40, 45, 50, 65, 77, 79, 80, 86, 90, 103, 104, 105, 108, 112, 117, 124, 127, 131, 132, 136, 139, 142, 143, 148, 150, 155, 157, 158, 163, 164, 168, 173, 177, 179, 182, 196, 198, 199, 207, 210, 212, 221, 231, 234, 235, 237, 240, 245, 248, 253, 254, 258, 259, 263, 268, 270, 276, 281, 287, 288]
292: [1, 3, 8, 12, 21, 24, 29, 33, 35, 40, 43, 44, 62, 63, 64, 68, 69, 71, 72, 94, 99, 101, 102, 103, 113, 119, 122, 126, 127, 129, 135, 136, 140, 145, 146, 159, 166, 169, 178, 181, 186, 194, 195, 197, 207, 210, 212, 215, 218, 224, 226, 235, 245, 280]
293: [1, 8, 16, 20, 26, 29, 31, 33, 36, 39, 49, 50, 51, 65, 67, 70, 71, 77, 88, 91, 97, 100, 103, 104, 105, 108, 111, 117, 124, 132, 136, 142, 144, 145, 147, 151, 157, 158, 163, 165, 172, 173, 175, 177, 179, 181, 186, 188, 196, 198, 199, 202, 209, 212, 221, 223, 224, 231, 234, 235, 238, 240, 253, 258, 259, 267, 270, 276, 287, 288, 291]
294: [21, 25, 26, 28, 33, 36, 37, 38, 40, 49, 51, 53, 54, 56, 60, 62, 77, 85, 89, 92, 98, 99, 102, 110, 111, 120, 126, 133, 134, 140, 150, 153, 155, 160, 167, 168, 170, 172, 177, 185, 188, 196, 197, 208, 209, 216, 229, 232, 237, 239, 242, 246, 249, 253, 254, 256, 261, 263, 267, 270, 271, 273, 278, 289]
295: [1, 2, 4, 6, 9, 11, 15, 19, 21, 24, 25, 28, 32, 33, 40, 42, 43, 44, 47, 49, 51, 52, 61, 62, 63, 64, 72, 73, 88, 91, 96, 97, 100, 103, 104, 106, 112, 122, 125, 129, 132, 134, 143, 163, 166, 168, 173, 174, 181, 182, 188, 207, 208, 209, 212, 215, 217, 218, 219, 229, 235, 242, 244, 249, 251, 260, 277, 278, 285, 288, 290, 292]
296: [15, 20, 43, 45, 73, 79, 80, 81, 86, 89, 92, 115, 122, 124, 126, 141, 148, 153, 157, 160, 164, 168, 169, 172, 178, 180, 186, 205, 212, 213, 233, 237, 242, 260, 262, 269, 273, 276, 287, 288, 289, 291]
297: [1, 12, 29, 31, 45, 56, 63, 66, 78, 83, 85, 88, 92, 94, 102, 103, 110, 111, 113, 114, 129, 136, 138, 155, 156, 157, 168, 174, 188, 194, 198, 240, 246, 252, 256, 265, 270, 281]
298: [7, 8, 14, 39, 54, 70, 84, 107, 132, 134, 150, 181, 187, 190, 196, 199, 232, 241, 243, 247, 253]
299: [20, 22, 29, 50, 51, 57, 66, 75, 79, 83, 85, 87, 88, 94, 97, 98, 102, 103, 106, 110, 123, 136, 144, 145, 154, 156, 157, 167, 168, 178, 183, 186, 187, 192, 193, 194, 195, 196, 198, 208, 209, 210, 214, 229, 234, 240, 244, 245, 246, 263, 265, 270, 277, 287, 289, 290, 297]
300: [1, 10, 18, 19, 20, 21, 24, 27, 29, 31, 34, 40, 43, 44, 53, 55, 57, 59, 61, 62, 64, 65, 66, 67, 81, 91, 92, 106, 108, 112, 114, 115, 116, 122, 123, 128, 129, 132, 141, 145, 153, 156, 161, 166, 173, 180, 181, 185, 186, 188, 189, 207, 212, 219, 223, 235, 238, 240, 242, 245, 249, 254, 260, 262, 264, 268, 269, 272, 274, 276, 280, 284, 289, 292, 295, 296]
301: [3, 10, 17, 19, 20, 23, 31, 32, 42, 44, 55, 61, 67, 74, 78, 79, 89, 97, 98, 99, 102, 110, 112, 116, 119, 121, 128, 129, 133, 135, 136, 140, 147, 158, 164, 165, 168, 169, 173, 178, 187, 190, 196, 206, 208, 212, 220, 223, 224, 228, 235, 236, 237, 238, 240, 244, 247, 255, 264, 265, 268, 272, 274, 278, 288, 299, 300]
302: [1, 8, 20, 31, 33, 41, 49, 51, 67, 70, 91, 95, 111, 134, 147, 175, 179, 181, 186, 199, 211, 218, 238, 240, 243, 259, 267, 268, 288, 293]
303: [1, 2, 11, 22, 30, 37, 39, 40, 50, 51, 57, 62, 71, 73, 75, 77, 83, 84, 85, 91, 94, 98, 101, 106, 108, 119, 120, 125, 130, 132, 135, 143, 144, 145, 146, 154, 162, 167, 169, 170, 171, 174, 181, 186, 193, 194, 195, 202, 208, 210, 218, 223, 226, 229, 234, 238, 239, 242, 245, 249, 254, 262, 263, 268, 272, 283, 285, 286, 287, 289, 299]
304: [8, 13, 20, 31, 51, 67, 70, 84, 113, 138, 175, 186, 199, 238, 240, 252, 293, 302]
305: [3, 15, 17, 19, 23, 27, 32, 35, 44, 54, 57, 58, 63, 66, 68, 75, 81, 82, 87, 89, 92, 93, 94, 95, 103, 104, 107, 110, 117, 119, 123, 124, 125, 126, 127, 128, 132, 134, 137, 147, 151, 154, 156, 160, 165, 169, 172, 173, 178, 191, 192, 195, 197, 207, 208, 209, 213, 214, 223, 224, 226, 233, 234, 235, 237, 242, 246, 265, 267, 272, 273, 274, 277, 286, 296, 299, 301]
306: [2, 3, 9, 16, 17, 18, 19, 20, 23, 25, 26, 27, 28, 30, 32, 33, 34, 42, 44, 49, 51, 52, 55, 61, 63, 64, 65, 71, 72, 73, 79, 89, 91, 96, 97, 100, 103, 104, 111, 117, 121, 126, 128, 129, 130, 136, 137, 139, 143, 145, 147, 150, 151, 154, 158, 160, 161, 163, 165, 171, 172, 173, 178, 182, 187, 188, 196, 201, 202, 208, 210, 212, 216, 217, 220, 222, 223, 224, 235, 236, 237, 238, 240, 242, 244, 248, 253, 259, 261, 265, 266, 285, 287, 290, 293, 295, 299, 301, 305]
307: [5, 10, 16, 21, 23, 25, 30, 41, 48, 55, 67, 86, 87, 116, 121, 141, 143, 147, 153, 164, 175, 187, 238, 241, 244, 247, 264, 274, 276, 277, 278, 301]
308: [18, 19, 20, 23, 26, 27, 28, 30, 31, 34, 43, 63, 64, 68, 79, 81, 91, 92, 97, 104, 115, 121, 122, 128, 130, 136, 137, 139, 141, 151, 153, 160, 163, 165, 171, 172, 178, 186, 187, 196, 201, 207, 210, 214, 216, 217, 228, 234, 240, 244, 260, 261, 265, 269, 272, 274, 276, 289, 296, 297, 299, 300, 301, 305, 306]
309: [1, 3, 4, 8, 13, 16, 17, 20, 21, 23, 24, 29, 30, 31, 40, 51, 52, 54, 62, 63, 67, 68, 73, 86, 88, 97, 100, 102, 104, 106, 110, 111, 112, 120, 125, 129, 139, 144, 145, 150, 155, 158, 162, 165, 168, 172, 175, 177, 182, 186, 188, 190, 193, 198, 199, 202, 208, 210, 215, 219, 224, 225, 227, 235, 238, 239, 240, 242, 249, 252, 253, 255, 261, 268, 270, 281, 291, 293, 294, 295, 302, 304]
310: [1, 2, 3, 7, 8, 13, 18, 19, 20, 26, 27, 30, 31, 39, 44, 46, 51, 59, 62, 63, 64, 67, 73, 74, 78, 80, 93, 102, 109, 121, 137, 144, 146, 154, 156, 173, 175, 182, 186, 193, 195, 197, 199, 216, 217, 238, 240, 242, 249, 253, 254, 257, 258, 259, 266, 273, 275, 283, 293, 302, 303, 304, 309]
311: [13, 41, 84, 95, 134, 195, 220, 252, 302, 304]
312: [15, 20, 23, 43, 46, 71, 73, 81, 89, 92, 103, 115, 117, 122, 124, 126, 128, 130, 132, 139, 141, 151, 153, 160, 165, 169, 171, 172, 178, 183, 186, 201, 203, 213, 216, 228, 233, 242, 248, 260, 269, 271, 273, 276, 289, 296, 300, 305, 306, 308]
313: [4, 6, 7, 8, 19, 20, 22, 23, 27, 29, 41, 43, 54, 68, 70, 81, 92, 98, 104, 115, 122, 128, 134, 141, 147, 151, 153, 165, 180, 181, 182, 184, 186, 190, 193, 199, 200, 207, 214, 234, 247, 260, 269, 272, 274, 276, 289, 296, 298, 300, 305, 308, 312]
314: [16, 28, 36, 38, 51, 56, 59, 60, 66, 71, 77, 82, 92, 98, 100, 104, 111, 117, 123, 134, 140, 143, 151, 158, 170, 172, 188, 196, 197, 202, 216, 223, 237, 240, 253, 254, 280, 287, 293, 294, 305, 306]
315: [2, 5, 16, 20, 21, 37, 39, 50, 57, 63, 74, 75, 83, 87, 91, 98, 101, 106, 108, 117, 120, 128, 130, 131, 135, 142, 143, 144, 146, 156, 158, 160, 167, 171, 174, 179, 181, 183, 186, 193, 205, 206, 207, 210, 211, 221, 223, 229, 231, 234, 239, 245, 256, 257, 258, 264, 269, 276, 285, 286, 287, 289, 299, 303]
316: [3, 7, 8, 9, 15, 18, 25, 27, 30, 35, 36, 43, 44, 50, 54, 56, 57, 58, 63, 64, 70, 71, 73, 81, 82, 83, 84, 88, 89, 93, 94, 95, 96, 97, 98, 102, 105, 125, 134, 137, 144, 150, 167, 174, 181, 186, 190, 192, 193, 197, 199, 210, 214, 226, 229, 234, 237, 243, 245, 247, 250, 252, 255, 264, 267, 280, 286, 287, 289, 298, 299, 303, 305, 313, 315]
317: [1, 2, 12, 15, 24, 29, 40, 53, 56, 59, 62, 72, 78, 80, 85, 88, 95, 97, 101, 104, 110, 111, 114, 118, 126, 129, 132, 134, 144, 145, 155, 165, 166, 169, 174, 188, 194, 200, 202, 218, 219, 224, 235, 246, 247, 281, 283, 290, 293, 295, 297, 303, 308, 309, 310]
318: [26, 28, 33, 36, 37, 38, 42, 49, 51, 55, 56, 58, 60, 65, 77, 85, 89, 92, 98, 104, 111, 134, 139, 140, 147, 150, 153, 167, 170, 177, 181, 184, 196, 197, 202, 209, 210, 216, 220, 222, 229, 234, 236, 237, 238, 246, 248, 254, 256, 259, 263, 269, 270, 273, 294, 302, 306, 314]
319: [1, 10, 12, 21, 25, 28, 29, 30, 35, 60, 65, 67, 68, 73, 76, 85, 86, 87, 110, 117, 128, 129, 148, 151, 153, 158, 162, 163, 164, 180, 183, 187, 196, 225, 231, 237, 239, 241, 252, 253, 255, 257, 259, 264, 270, 276, 277, 283, 289, 298, 307, 309]
320: [1, 2, 3, 4, 6, 9, 13, 17, 22, 23, 24, 40, 41, 42, 49, 58, 59, 77, 85, 98, 104, 112, 116, 118, 129, 139, 143, 150, 153, 155, 158, 177, 180, 181, 182, 184, 193, 200, 210, 222, 227, 229, 238, 256, 258, 268, 269, 281, 291, 309, 311, 313, 317, 318]
321: [1, 3, 7, 8, 17, 18, 19, 27, 32, 35, 39, 40, 44, 51, 54, 58, 59, 63, 67, 68, 80, 81, 86, 89, 93, 94, 95, 107, 117, 119, 124, 127, 134, 137, 138, 147, 151, 162, 165, 168, 173, 180, 181, 191, 197, 208, 212, 216, 223, 224, 226, 234, 235, 237, 267, 273, 275, 286, 301, 305, 306, 310, 316]
322: [3, 9, 13, 15, 16, 17, 18, 23, 24, 26, 29, 30, 36, 40, 49, 50, 56, 63, 77, 82, 88, 102, 105, 109, 111, 112, 113, 121, 125, 129, 136, 137, 139, 144, 145, 150, 152, 155, 156, 158, 165, 177, 182, 190, 193, 195, 201, 210, 217, 225, 227, 243, 245, 249, 254, 258, 261, 264, 268, 270, 281, 291, 309, 310, 316, 320]
323: [7, 10, 11, 16, 18, 20, 29, 30, 34, 43, 52, 53, 55, 63, 66, 67, 81, 92, 102, 107, 111, 112, 115, 122, 129, 132, 141, 150, 153, 154, 156, 163, 170, 180, 184, 186, 188, 190, 193, 216, 219, 225, 227, 245, 250, 256, 260, 269, 270, 272, 274, 276, 281, 289, 296, 300, 308, 309, 312, 313, 314, 322]
324: [1, 4, 18, 23, 26, 27, 28, 30, 31, 34, 52, 56, 63, 64, 83, 88, 91, 92, 97, 98, 104, 106, 115, 121, 128, 130, 137, 139, 140, 160, 163, 165, 171, 172, 175, 179, 181, 183, 201, 204, 208, 210, 211, 215, 216, 217, 219, 228, 240, 242, 261, 263, 268, 272, 288, 295, 297, 301, 306, 308, 309, 312]
325: [1, 2, 4, 17, 31, 33, 34, 36, 40, 41, 49, 55, 59, 62, 65, 66, 68, 69, 70, 72, 82, 91, 99, 102, 103, 113, 124, 135, 139, 140, 143, 147, 159, 160, 179, 181, 195, 201, 202, 203, 207, 212, 213, 218, 220, 226, 233, 236, 238, 248, 255, 259, 267, 270, 280, 284, 288, 292, 293, 302, 306, 314, 318]
326: [10, 21, 24, 28, 29, 30, 39, 40, 43, 44, 45, 48, 53, 62, 64, 80, 81, 86, 87, 88, 95, 97, 103, 108, 110, 111, 115, 122, 125, 129, 137, 143, 144, 145, 163, 165, 166, 169, 172, 179, 181, 202, 207, 224, 235, 246, 247, 281, 283, 290, 292, 293, 295, 300, 309, 317]
327: [20, 30, 31, 45, 48, 50, 57, 79, 80, 83, 86, 87, 98, 104, 125, 143, 144, 147, 148, 157, 164, 167, 168, 175, 181, 186, 193, 204, 210, 211, 215, 216, 229, 234, 237, 238, 241, 243, 245, 263, 268, 272, 287, 288, 289, 291, 295, 296, 299, 303, 307, 309, 315, 316, 324]
328: [1, 5, 19, 21, 22, 24, 27, 37, 40, 43, 44, 57, 62, 64, 65, 69, 84, 86, 91, 106, 108, 114, 122, 126, 129, 141, 145, 146, 149, 161, 162, 166, 173, 175, 180, 181, 185, 201, 207, 232, 233, 235, 239, 242, 249, 254, 260, 262, 264, 274, 277, 280, 285, 292, 295, 300, 326]
329: [3, 8, 13, 17, 19, 23, 24, 27, 30, 31, 36, 40, 43, 48, 51, 55, 60, 61, 64, 67, 86, 87, 96, 107, 109, 112, 113, 116, 119, 124, 128, 137, 138, 139, 143, 147, 150, 151, 155, 158, 164, 168, 175, 177, 181, 182, 197, 210, 212, 217, 223, 237, 238, 240, 241, 247, 258, 264, 268, 277, 281, 291, 300, 301, 307, 309, 316, 320, 321, 322, 327]
330: [12, 20, 23, 26, 28, 29, 33, 36, 37, 38, 44, 49, 50, 51, 56, 60, 63, 66, 77, 82, 83, 85, 88, 89, 92, 93, 94, 97, 98, 102, 103, 104, 108, 110, 111, 117, 127, 132, 134, 136, 140, 142, 150, 156, 157, 159, 163, 167, 168, 170, 171, 177, 179, 183, 185, 187, 191, 196, 197, 198, 199, 209, 212, 214, 216, 221, 229, 234, 237, 240, 246, 253, 254, 256, 263, 265, 270, 271, 273, 275, 291, 293, 294, 297, 298, 299, 314, 318, 319]
331: [1, 2, 22, 24, 29, 40, 47, 59, 72, 85, 88, 92, 97, 104, 111, 118, 122, 129, 144, 145, 165, 199, 200, 202, 217, 224, 233, 235, 251, 288, 290, 293, 295, 309, 317, 320, 326]
332: [16, 20, 28, 29, 43, 52, 56, 68, 77, 81, 83, 84, 92, 96, 115, 122, 125, 136, 141, 142, 145, 150, 153, 183, 184, 186, 188, 189, 209, 210, 218, 237, 250, 260, 269, 272, 274, 276, 289, 296, 298, 300, 308, 312, 313, 323]
333: [3, 5, 6, 13, 15, 18, 22, 26, 28, 29, 37, 40, 44, 54, 57, 70, 72, 73, 84, 86, 88, 92, 97, 104, 111, 112, 121, 125, 132, 134, 137, 141, 144, 145, 146, 156, 163, 165, 166, 174, 175, 188, 192, 199, 201, 202, 207, 210, 217, 218, 224, 229, 235, 237, 249, 251, 252, 254, 260, 264, 274, 277, 280, 293, 295, 309, 310, 316, 317, 322, 326, 328, 331]
334: [16, 25, 45, 50, 68, 71, 75, 77, 79, 100, 104, 111, 117, 151, 158, 161, 168, 172, 188, 202, 223, 240, 253, 268, 287, 288, 293, 306, 314]
335: [3, 17, 19, 24, 28, 31, 41, 55, 61, 65, 75, 87, 102, 104, 108, 112, 116, 117, 119, 123, 128, 144, 158, 188, 190, 206, 207, 212, 221, 223, 225, 238, 240, 244, 261, 264, 267, 268, 271, 272, 274, 283, 289, 300, 301, 329]
336: [3, 9, 13, 16, 17, 23, 24, 40, 43, 49, 56, 59, 95, 112, 116, 118, 139, 143, 150, 155, 158, 177, 182, 184, 193, 199, 200, 202, 210, 215, 220, 222, 225, 227, 232, 233, 238, 252, 256, 258, 266, 268, 281, 291, 309, 320, 322, 329]
337: [3, 9, 19, 26, 28, 30, 35, 46, 50, 53, 63, 64, 74, 78, 80, 98, 102, 103, 128, 144, 154, 171, 173, 180, 193, 195, 197, 239, 240, 242, 243, 257, 258, 259, 266, 271, 282, 285, 296, 310, 319]
338: [22, 27, 30, 36, 43, 53, 64, 80, 95, 96, 110, 122, 137, 147, 150, 169, 246, 247, 281, 283, 290, 316, 317, 326, 329]
339: [3, 17, 19, 66, 74, 78, 82, 97, 98, 112, 119, 121, 125, 133, 134, 137, 155, 157, 180, 198, 205, 223, 230, 240, 255, 280, 287, 301, 305, 321, 323]
340: [1, 3, 6, 12, 18, 22, 26, 29, 31, 33, 37, 44, 45, 49, 51, 54, 56, 57, 70, 73, 74, 77, 78, 83, 84, 85, 88, 89, 97, 106, 111, 114, 125, 129, 131, 136, 145, 150, 154, 155, 167, 174, 177, 179, 186, 188, 192, 194, 209, 210, 218, 229, 237, 246, 252, 256, 263, 270, 272, 273, 274, 280, 294, 297, 299, 303, 316, 317, 318, 330, 332, 333]
341: [7, 21, 25, 26, 28, 29, 30, 33, 37, 39, 40, 44, 48, 49, 52, 54, 56, 62, 68, 77, 83, 84, 85, 86, 87, 89, 96, 102, 103, 110, 111, 120, 125, 136, 142, 143, 145, 150, 155, 167, 168, 172, 177, 183, 184, 188, 189, 208, 209, 210, 218, 229, 235, 237, 239, 242, 246, 249, 250, 253, 256, 261, 263, 270, 272, 273, 274, 294, 307, 309, 318, 323, 326, 330, 332, 340]
342: [1, 9, 49, 116, 143, 183, 201, 208, 226, 227, 233, 238, 256, 258, 283, 320, 336]
343: [5, 7, 8, 16, 22, 29, 37, 41, 44, 49, 54, 59, 70, 77, 84, 86, 95, 109, 125, 134, 141, 145, 146, 175, 181, 190, 199, 201, 207, 245, 247, 254, 258, 260, 261, 264, 274, 277, 298, 302, 311, 313, 316, 322, 328, 333]
344: [1, 2, 16, 18, 28, 34, 37, 63, 71, 73, 93, 100, 104, 107, 109, 111, 117, 121, 130, 133, 146, 149, 151, 158, 172, 182, 188, 195, 202, 211, 223, 240, 253, 264, 277, 287, 293, 306, 310, 314, 334, 335]
345: [1, 3, 4, 18, 19, 26, 27, 28, 30, 34, 37, 41, 63, 64, 91, 98, 102, 104, 107, 108, 121, 130, 133, 137, 149, 163, 172, 175, 181, 186, 188, 204, 207, 210, 211, 215, 216, 217, 225, 240, 261, 263, 264, 267, 268, 271, 272, 274, 277, 286, 306, 308, 324, 327, 329, 335, 344]
346: [1, 6, 10, 15, 18, 28, 29, 34, 45, 53, 55, 57, 62, 65, 66, 67, 75, 81, 82, 87, 103, 108, 110, 112, 115, 123, 125, 129, 132, 137, 139, 153, 154, 156, 163, 172, 179, 180, 183, 186, 188, 192, 195, 209, 214, 217, 219, 224, 229, 231, 245, 248, 249, 251, 260, 265, 272, 274, 276, 277, 278, 280, 289, 295, 299, 300, 305, 319, 323, 326, 333, 339]
347: [20, 31, 57, 66, 75, 87, 103, 110, 120, 123, 154, 156, 165, 190, 192, 195, 209, 211, 214, 256, 261, 265, 277, 279, 299, 305, 327, 338, 346]
348: [1, 7, 18, 19, 25, 34, 37, 43, 56, 63, 71, 87, 95, 99, 104, 107, 121, 126, 128, 130, 133, 135, 141, 142, 149, 175, 180, 183, 185, 189, 199, 205, 207, 211, 214, 215, 221, 222, 232, 233, 239, 242, 252, 255, 256, 264, 266, 267, 271, 276, 277, 278, 285, 289, 294, 315, 316, 328, 336, 344, 345]
349: [1, 20, 29, 40, 43, 50, 58, 65, 81, 83, 87, 88, 90, 92, 105, 115, 122, 127, 129, 131, 132, 136, 137, 139, 140, 141, 143, 144, 148, 150, 153, 162, 163, 164, 165, 176, 183, 186, 195, 196, 221, 231, 234, 241, 245, 248, 253, 254, 257, 259, 260, 263, 266, 269, 276, 282, 283, 289, 291, 296, 300, 308, 312, 313, 319, 322, 323, 332, 346]
350: [1, 8, 14, 18, 30, 34, 35, 37, 40, 43, 51, 54, 57, 58, 63, 67, 71, 73, 77, 81, 86, 89, 93, 94, 95, 104, 107, 117, 119, 121, 124, 130, 132, 133, 134, 138, 139, 149, 151, 159, 160, 168, 169, 173, 178, 181, 183, 195, 197, 211, 226, 237, 248, 254, 259, 262, 264, 267, 268, 277, 282, 286, 303, 305, 312, 316, 321, 329, 341, 344, 345, 348]
351: [3, 10, 18, 19, 21, 40, 41, 44, 54, 57, 62, 70, 73, 84, 88, 97, 102, 104, 108, 110, 120, 125, 133, 149, 150, 155, 168, 172, 174, 188, 192, 207, 208, 210, 217, 225, 235, 237, 239, 242, 249, 252, 253, 261, 267, 268, 271, 272, 274, 280, 292, 294, 309, 316, 333, 335, 340, 341, 345]
352: [8, 20, 21, 22, 24, 30, 35, 39, 40, 43, 44, 45, 48, 51, 54, 58, 61, 62, 63, 64, 67, 68, 81, 83, 85, 86, 87, 89, 92, 93, 94, 95, 101, 103, 106, 107, 115, 118, 119, 122, 124, 125, 129, 134, 138, 141, 143, 145, 153, 154, 166, 167, 168, 181, 186, 194, 197, 207, 215, 224, 226, 235, 237, 245, 260, 263, 267, 269, 276, 279, 286, 289, 292, 295, 296, 299, 300, 303, 305, 308, 311, 312, 313, 316, 321, 323, 326, 328, 329, 332, 340, 341, 349, 350]
353: [5, 16, 45, 59, 74, 105, 117, 118, 123, 127, 136, 137, 146, 155, 163, 179, 181, 196, 198, 223, 225, 257, 258, 262, 264, 287, 315, 319, 339, 344]
354: [9, 49, 55, 65, 113, 116, 139, 143, 147, 195, 202, 220, 227, 236, 238, 248, 256, 258, 259, 270, 295, 306, 318, 320, 325, 336, 338, 342]
355: [2, 9, 13, 19, 25, 26, 28, 33, 42, 49, 51, 53, 61, 63, 64, 66, 67, 68, 73, 84, 89, 93, 96, 97, 103, 107, 109, 121, 125, 129, 137, 142, 143, 144, 146, 150, 156, 171, 182, 183, 189, 195, 207, 209, 210, 212, 214, 217, 235, 237, 249, 253, 254, 269, 276, 285, 295, 306, 310, 314, 322, 332, 333, 341, 344]
356: [1, 16, 18, 22, 24, 26, 29, 34, 36, 37, 40, 49, 50, 54, 60, 63, 70, 77, 86, 103, 104, 107, 108, 109, 121, 125, 130, 132, 133, 140, 142, 149, 151, 163, 165, 198, 199, 201, 211, 212, 217, 221, 234, 238, 240, 245, 249, 258, 261, 264, 265, 270, 277, 283, 288, 290, 291, 293, 295, 313, 322, 329, 330, 343, 344, 345, 348, 350]
357: [14, 16, 19, 26, 30, 31, 33, 37, 49, 55, 59, 61, 62, 63, 65, 68, 71, 84, 85, 89, 100, 104, 111, 116, 117, 118, 128, 129, 139, 147, 150, 151, 158, 167, 172, 173, 177, 188, 190, 193, 198, 200, 202, 209, 212, 216, 220, 223, 225, 227, 229, 236, 238, 240, 241, 243, 246, 248, 252, 253, 256, 259, 263, 264, 268, 270, 273, 278, 281, 287, 293, 294, 298, 300, 301, 306, 309, 314, 318, 322, 323, 325, 329, 330, 334, 335, 336, 340, 341, 344, 346, 354]
358: [1, 12, 56, 67, 78, 85, 92, 114, 129, 149, 155, 174, 188, 192, 194, 297, 317, 340]
359: [10, 11, 21, 25, 29, 30, 43, 45, 56, 66, 67, 71, 79, 80, 83, 86, 88, 94, 95, 99, 102, 103, 107, 110, 117, 123, 126, 127, 130, 132, 133, 136, 139, 148, 151, 152, 153, 156, 157, 160, 164, 168, 169, 170, 178, 183, 185, 198, 199, 202, 214, 215, 216, 222, 232, 233, 237, 246, 248, 252, 254, 264, 265, 266, 267, 268, 270, 271, 276, 277, 278, 288, 289, 291, 293, 294, 296, 297, 299, 307, 312, 319, 327, 330, 336, 348, 350, 355]
360: [17, 19, 20, 23, 55, 67, 74, 78, 79, 97, 98, 112, 119, 121, 133, 136, 142, 144, 164, 178, 187, 196, 201, 226, 228, 240, 244, 247, 251, 255, 265, 274, 276, 278, 287, 299, 301, 306, 307, 308, 324, 326, 339, 344]
361: [22, 26, 30, 33, 42, 46, 54, 58, 63, 64, 69, 70, 72, 74, 77, 78, 99, 102, 103, 104, 113, 127, 135, 140, 144, 152, 153, 154, 159, 165, 173, 177, 181, 193, 195, 197, 210, 212, 218, 222, 226, 240, 242, 257, 258, 259, 266, 269, 280, 292, 310, 313, 318, 320, 325, 337, 356]
362: [3, 8, 19, 28, 41, 46, 63, 71, 101, 102, 104, 105, 108, 119, 129, 135, 144, 146, 171, 176, 181, 186, 188, 194, 197, 207, 215, 224, 225, 226, 245, 260, 261, 267, 268, 271, 272, 274, 292, 335, 345, 351, 352, 353]
363: [1, 5, 22, 27, 30, 37, 43, 44, 45, 50, 57, 65, 71, 73, 77, 83, 84, 86, 91, 98, 106, 108, 114, 120, 122, 141, 144, 145, 146, 161, 167, 173, 175, 185, 186, 190, 193, 195, 201, 204, 207, 210, 229, 234, 242, 245, 247, 249, 254, 256, 260, 261, 262, 264, 268, 274, 277, 279, 280, 287, 289, 299, 300, 303, 315, 316, 327, 328, 329, 333, 343, 347, 350, 352]
364: [3, 4, 6, 9, 10, 12, 18, 19, 22, 27, 29, 34, 41, 43, 46, 50, 53, 66, 67, 80, 87, 98, 100, 105, 112, 130, 132, 155, 156, 161, 175, 178, 180, 181, 182, 184, 186, 188, 193, 195, 198, 200, 204, 205, 210, 211, 215, 216, 219, 223, 243, 245, 260, 263, 266, 268, 269, 271, 272, 274, 276, 282, 285, 300, 313, 320, 323, 324, 327, 337, 345, 346]
365: [5, 6, 16, 22, 23, 29, 33, 37, 44, 49, 53, 55, 67, 72, 77, 84, 86, 89, 96, 104, 109, 125, 132, 134, 141, 145, 146, 149, 164, 166, 174, 175, 187, 188, 201, 207, 218, 235, 237, 244, 245, 247, 254, 258, 260, 261, 264, 269, 274, 276, 277, 278, 283, 295, 301, 307, 317, 322, 328, 333, 343, 355, 356, 360, 363]
366: [5, 6, 10, 14, 17, 21, 25, 30, 67, 72, 93, 99, 103, 109, 111, 115, 118, 121, 125, 126, 129, 133, 153, 158, 159, 163, 173, 176, 185, 205, 207, 227, 232, 239, 246, 248, 250, 257, 264, 267, 270, 271, 276, 277, 278, 282, 289, 294, 307, 319, 332, 348, 350, 359]
367: [1, 3, 5, 12, 18, 20, 21, 32, 34, 35, 37, 63, 65, 74, 76, 83, 87, 101, 104, 107, 108, 121, 125, 129, 130, 131, 133, 146, 148, 149, 153, 158, 160, 163, 164, 179, 183, 201, 209, 211, 231, 264, 269, 277, 289, 315, 319, 344, 345, 346, 348, 349, 350, 356]
368: [9, 34, 52, 77, 126, 145, 150, 154, 161, 163, 165, 172, 208, 224, 242, 266, 277, 302, 306]
369: [3, 6, 13, 15, 17, 23, 24, 28, 40, 65, 75, 87, 112, 116, 117, 123, 128, 139, 150, 153, 155, 158, 163, 177, 182, 210, 217, 221, 229, 235, 249, 251, 253, 260, 268, 281, 283, 289, 291, 295, 309, 310, 320, 322, 329, 333, 335, 336, 346, 353, 360]
370: [16, 24, 40, 60, 61, 71, 86, 100, 104, 109, 111, 117, 151, 158, 161, 172, 188, 202, 204, 211, 217, 223, 238, 240, 253, 258, 277, 287, 293, 306, 314, 329, 334, 344, 356, 357]
371: [1, 4, 12, 19, 23, 27, 28, 32, 53, 56, 60, 62, 64, 66, 68, 76, 78, 85, 91, 92, 98, 100, 104, 114, 128, 129, 132, 141, 151, 155, 173, 174, 180, 188, 194, 207, 209, 210, 214, 223, 234, 244, 269, 272, 274, 277, 278, 282, 289, 295, 297, 305, 308, 313, 317, 319, 340, 358, 364]
372: [9, 26, 31, 33, 37, 40, 45, 49, 50, 57, 83, 85, 86, 89, 90, 98, 104, 111, 116, 127, 131, 132, 136, 143, 144, 150, 156, 164, 167, 177, 186, 193, 209, 210, 213, 227, 229, 234, 238, 245, 246, 248, 249, 254, 256, 258, 263, 270, 273, 279, 287, 288, 289, 291, 294, 295, 299, 303, 313, 315, 316, 318, 320, 327, 330, 336, 338, 340, 341, 342, 349, 352, 354, 356, 357, 363]
373: [28, 29, 33, 35, 49, 53, 54, 56, 58, 63, 64, 66, 67, 68, 77, 81, 83, 84, 89, 93, 94, 95, 96, 107, 114, 125, 134, 136, 142, 145, 150, 183, 188, 189, 197, 207, 209, 210, 214, 218, 226, 235, 237, 267, 269, 272, 274, 276, 286, 305, 316, 321, 332, 340, 341, 350, 352, 355, 359, 365]
374: [6, 12, 15, 20, 23, 35, 40, 42, 44, 51, 54, 58, 63, 65, 77, 81, 82, 83, 89, 93, 94, 95, 97, 103, 104, 117, 127, 134, 136, 153, 159, 179, 181, 183, 185, 191, 197, 201, 210, 214, 222, 226, 237, 267, 269, 271, 275, 283, 286, 305, 316, 318, 320, 321, 330, 350, 352, 356, 361, 365, 373]
375: [7, 8, 20, 26, 30, 39, 43, 45, 46, 54, 56, 63, 64, 65, 70, 74, 77, 78, 79, 80, 86, 95, 102, 105, 117, 123, 124, 127, 134, 136, 144, 148, 154, 157, 162, 164, 168, 173, 179, 181, 190, 193, 195, 196, 197, 199, 215, 216, 222, 231, 232, 233, 235, 237, 240, 241, 242, 247, 252, 253, 257, 258, 259, 266, 276, 283, 287, 288, 291, 293, 296, 298, 310, 313, 316, 319, 327, 336, 337, 343, 348, 349, 359, 361, 366]
376: [5, 16, 28, 50, 57, 66, 68, 74, 75, 83, 87, 96, 98, 103, 110, 117, 123, 142, 144, 146, 150, 154, 156, 167, 181, 183, 186, 189, 192, 193, 195, 209, 210, 214, 223, 229, 234, 235, 237, 245, 257, 258, 264, 265, 277, 287, 289, 299, 303, 305, 315, 316, 327, 332, 335, 341, 346, 347, 353, 355, 363, 372, 373]
377: [10, 18, 29, 34, 43, 53, 66, 67, 68, 112, 132, 156, 180, 186, 188, 219, 245, 272, 274, 276, 286, 300, 311, 323, 346, 364, 368]
378: [1, 18, 20, 21, 26, 29, 33, 34, 37, 49, 63, 68, 73, 74, 85, 86, 89, 101, 104, 107, 111, 121, 130, 131, 133, 149, 150, 158, 160, 162, 167, 177, 179, 209, 211, 225, 229, 244, 246, 252, 255, 256, 263, 264, 269, 270, 273, 277, 294, 309, 315, 318, 319, 330, 340, 341, 344, 345, 348, 350, 356, 357, 362, 367, 372]
379: [2, 11, 33, 39, 69, 72, 75, 91, 95, 99, 101, 102, 103, 106, 108, 113, 120, 130, 135, 140, 143, 144, 145, 152, 159, 170, 171, 174, 195, 212, 213, 218, 220, 226, 238, 280, 285, 286, 292, 303, 315, 325, 338, 359, 361]
380: [16, 21, 24, 40, 43, 44, 46, 48, 50, 51, 57, 62, 64, 71, 83, 85, 87, 91, 94, 98, 100, 104, 111, 117, 122, 123, 128, 129, 144, 151, 158, 166, 167, 172, 181, 186, 188, 189, 193, 202, 207, 210, 223, 229, 234, 235, 240, 244, 245, 253, 262, 278, 287, 289, 292, 293, 295, 299, 300, 303, 306, 314, 315, 316, 326, 327, 328, 334, 335, 344, 352, 357, 363, 369, 370, 371, 372, 376]
381: [3, 17, 19, 23, 29, 40, 41, 45, 50, 55, 57, 67, 83, 86, 88, 98, 99, 102, 104, 108, 129, 133, 135, 140, 144, 154, 164, 165, 167, 168, 169, 186, 187, 188, 193, 195, 201, 207, 210, 220, 225, 229, 234, 236, 244, 245, 247, 249, 261, 265, 267, 268, 271, 272, 274, 278, 279, 287, 288, 289, 297, 299, 301, 303, 307, 315, 316, 322, 327, 333, 335, 345, 347, 349, 351, 352, 360, 362, 363, 365, 372, 376, 380]
382: [9, 16, 45, 49, 59, 98, 105, 116, 118, 123, 127, 136, 143, 148, 155, 163, 168, 173, 175, 179, 181, 196, 198, 204, 211, 215, 216, 225, 227, 238, 256, 258, 262, 263, 264, 268, 272, 287, 320, 324, 327, 336, 339, 342, 345, 353, 354, 359, 364, 372, 375]
383: [1, 2, 3, 15, 19, 21, 24, 28, 31, 36, 38, 40, 43, 44, 49, 51, 55, 56, 59, 60, 61, 62, 64, 74, 77, 85, 92, 98, 101, 116, 118, 122, 128, 129, 134, 140, 154, 165, 166, 170, 181, 192, 196, 197, 200, 207, 210, 212, 216, 219, 222, 223, 235, 237, 238, 240, 254, 264, 268, 281, 290, 292, 294, 295, 300, 301, 314, 317, 318, 320, 326, 328, 329, 330, 331, 335, 347, 352, 357, 380, 381]
384: [1, 8, 19, 20, 21, 24, 27, 30, 31, 40, 43, 44, 51, 55, 57, 61, 62, 64, 65, 67, 71, 73, 77, 81, 86, 91, 92, 106, 107, 108, 114, 115, 116, 119, 122, 123, 124, 128, 129, 138, 141, 143, 145, 153, 161, 166, 168, 173, 181, 185, 186, 189, 195, 197, 207, 212, 223, 235, 237, 238, 240, 242, 249, 250, 254, 260, 262, 264, 268, 269, 275, 276, 280, 289, 292, 295, 296, 300, 301, 303, 308, 312, 313, 321, 323, 325, 326, 328, 329, 332, 335, 349, 350, 352, 357, 363, 375, 380, 383]
385: [6, 8, 15, 16, 17, 19, 23, 24, 27, 63, 67, 68, 71, 72, 89, 92, 100, 101, 103, 104, 107, 109, 111, 115, 117, 118, 119, 124, 125, 126, 127, 128, 129, 137, 151, 158, 163, 172, 176, 181, 186, 188, 191, 197, 201, 202, 205, 207, 214, 215, 219, 223, 224, 227, 234, 239, 240, 244, 245, 246, 248, 253, 257, 270, 272, 274, 283, 287, 292, 293, 305, 306, 308, 313, 314, 317, 321, 334, 344, 352, 356, 357, 362, 366, 370, 371, 374, 380, 383]
386: [1, 2, 3, 4, 6, 7, 9, 16, 18, 19, 22, 23, 24, 27, 30, 39, 40, 41, 50, 52, 57, 59, 68, 70, 71, 72, 73, 77, 80, 82, 85, 88, 91, 92, 93, 95, 97, 98, 104, 106, 109, 118, 128, 129, 132, 134, 137, 146, 151, 166, 174, 180, 182, 184, 188, 193, 195, 200, 207, 208, 214, 215, 216, 218, 219, 234, 242, 243, 253, 254, 262, 266, 268, 271, 272, 273, 274, 275, 279, 282, 284, 285, 295, 303, 305, 308, 309, 310, 313, 317, 320, 321, 324, 331, 333, 337, 344, 350, 355, 363, 364, 365, 371, 383, 384, 385]
387: [4, 5, 16, 19, 22, 32, 46, 51, 64, 74, 83, 85, 91, 100, 106, 117, 126, 141, 145, 146, 149, 154, 167, 173, 175, 180, 181, 186, 194, 209, 223, 232, 233, 239, 242, 244, 257, 258, 263, 264, 271, 277, 278, 285, 295, 299, 303, 315, 328, 340, 348, 352, 353, 371, 376, 378]
388: [20, 22, 39, 45, 57, 65, 66, 75, 77, 87, 92, 103, 104, 105, 110, 117, 123, 124, 129, 131, 136, 154, 156, 157, 165, 173, 179, 192, 195, 196, 204, 209, 214, 222, 229, 231, 235, 253, 258, 259, 265, 276, 277, 281, 287, 290, 291, 293, 299, 305, 331, 340, 346, 347, 375, 376, 381, 383]
389: [3, 5, 7, 11, 16, 19, 25, 30, 41, 55, 57, 63, 71, 73, 77, 80, 98, 102, 104, 108, 111, 121, 129, 150, 154, 163, 170, 184, 188, 190, 193, 195, 207, 216, 225, 227, 254, 256, 261, 262, 267, 268, 270, 271, 272, 274, 281, 296, 303, 307, 309, 312, 322, 323, 335, 345, 350, 351, 357, 362, 363, 366, 381, 384, 386]
390: [22, 35, 49, 54, 58, 63, 81, 89, 92, 93, 94, 95, 134, 149, 174, 197, 201, 226, 237, 267, 281, 283, 286, 305, 306, 316, 321, 331, 350, 352, 356, 373, 374, 381, 385, 388]
391: [2, 9, 19, 23, 25, 27, 33, 42, 43, 49, 51, 53, 61, 63, 64, 67, 68, 71, 73, 84, 86, 89, 92, 93, 96, 97, 103, 104, 109, 117, 125, 128, 129, 130, 132, 139, 143, 145, 146, 151, 160, 169, 178, 182, 183, 195, 207, 212, 214, 225, 232, 234, 235, 237, 248, 250, 252, 253, 269, 272, 274, 276, 285, 295, 305, 306, 308, 310, 312, 313, 344, 350, 355, 359, 365, 371, 373, 385, 386]
392: [2, 28, 29, 39, 45, 66, 75, 76, 81, 83, 88, 91, 94, 101, 102, 103, 106, 108, 110, 115, 120, 130, 136, 137, 143, 144, 156, 157, 163, 168, 171, 172, 174, 179, 198, 201, 224, 246, 265, 270, 285, 286, 297, 299, 301, 303, 315, 326, 330, 346, 359, 379]
393: [1, 4, 10, 11, 13, 21, 25, 30, 52, 67, 88, 97, 106, 152, 153, 170, 177, 195, 208, 215, 219, 242, 254, 264, 276, 277, 284, 295, 307, 309, 319, 324, 334, 359, 366, 377, 379, 386]
394: [3, 17, 18, 20, 23, 26, 27, 28, 30, 34, 39, 40, 64, 65, 68, 77, 87, 91, 96, 104, 105, 110, 117, 121, 124, 128, 130, 133, 135, 136, 137, 139, 142, 150, 157, 160, 163, 165, 171, 172, 173, 179, 183, 185, 189, 196, 201, 205, 207, 209, 210, 216, 217, 221, 228, 231, 235, 237, 239, 240, 253, 256, 258, 259, 261, 276, 287, 291, 293, 306, 308, 312, 315, 324, 332, 341, 345, 348, 355, 373, 375, 376, 388]
395: [6, 8, 9, 11, 15, 19, 27, 30, 31, 36, 40, 43, 47, 48, 50, 51, 55, 56, 61, 64, 67, 79, 82, 86, 87, 88, 96, 102, 104, 105, 107, 111, 116, 119, 124, 128, 137, 138, 143, 147, 150, 164, 168, 175, 181, 197, 212, 223, 237, 238, 240, 241, 243, 247, 264, 268, 288, 300, 301, 304, 307, 316, 321, 322, 327, 329, 335, 338, 350, 352, 357, 383, 384]
396: [4, 6, 7, 11, 19, 22, 28, 35, 41, 48, 50, 55, 57, 64, 83, 98, 102, 126, 141, 144, 149, 150, 154, 155, 163, 167, 170, 175, 180, 182, 184, 186, 193, 200, 210, 216, 229, 232, 233, 234, 239, 242, 244, 245, 256, 278, 280, 285, 287, 289, 299, 303, 312, 313, 315, 316, 319, 320, 323, 327, 328, 337, 348, 362, 363, 364, 372, 376, 380, 381, 386, 387, 389]
397: [1, 2, 4, 6, 7, 8, 11, 15, 17, 19, 20, 24, 26, 28, 31, 36, 40, 41, 50, 51, 55, 60, 61, 62, 65, 67, 68, 69, 77, 86, 87, 102, 103, 104, 108, 109, 112, 116, 124, 128, 129, 132, 138, 142, 150, 151, 153, 154, 160, 163, 170, 175, 183, 184, 186, 188, 193, 198, 199, 201, 203, 207, 212, 213, 216, 217, 221, 223, 229, 231, 233, 234, 238, 240, 249, 251, 255, 256, 258, 260, 263, 264, 268, 270, 277, 284, 289, 291, 293, 295, 300, 301, 302, 304, 309, 310, 319, 323, 325, 329, 330, 333, 335, 346, 349, 356, 357, 367, 369, 370, 383, 384, 389, 395, 396]
398: [2, 4, 17, 18, 21, 24, 26, 27, 28, 30, 31, 34, 36, 39, 40, 41, 43, 44, 55, 62, 64, 68, 69, 75, 82, 89, 91, 96, 101, 104, 105, 106, 107, 108, 117, 119, 120, 121, 122, 124, 127, 129, 130, 137, 143, 144, 150, 151, 160, 163, 166, 171, 172, 174, 175, 181, 187, 191, 201, 203, 207, 210, 213, 217, 221, 228, 233, 234, 235, 240, 247, 255, 261, 270, 284, 285, 286, 292, 295, 300, 303, 305, 306, 307, 308, 315, 316, 321, 324, 325, 326, 328, 329, 338, 345, 352, 379, 380, 383, 384, 385, 392, 394, 395, 397]
399: [22, 45, 53, 58, 80, 92, 95, 110, 129, 131, 158, 169, 179, 183, 222, 246, 247, 281, 283, 290, 315, 317, 326, 331, 338, 340, 365, 383, 388, 390]
400: [9, 11, 18, 28, 34, 36, 38, 51, 56, 60, 68, 72, 77, 89, 92, 98, 104, 107, 117, 119, 127, 132, 134, 136, 137, 140, 141, 151, 152, 166, 170, 174, 182, 188, 191, 196, 197, 202, 216, 218, 234, 237, 241, 254, 266, 268, 294, 295, 305, 314, 317, 318, 321, 330, 333, 359, 365, 383, 385, 386, 398]
401: [3, 6, 13, 16, 17, 23, 24, 28, 29, 40, 42, 49, 58, 65, 75, 77, 92, 104, 109, 110, 112, 116, 117, 123, 124, 125, 133, 139, 147, 150, 153, 155, 158, 177, 181, 182, 206, 210, 221, 222, 245, 258, 261, 268, 269, 281, 283, 289, 291, 309, 318, 320, 322, 329, 335, 336, 343, 356, 361, 365, 369, 374, 394]
402: [3, 5, 7, 8, 12, 32, 35, 54, 70, 125, 134, 146, 148, 161, 164, 181, 190, 199, 201, 209, 247, 286, 298, 313, 316, 318, 343, 367, 368, 375, 386]
403: [12, 13, 17, 26, 37, 45, 71, 79, 80, 86, 99, 102, 105, 121, 129, 133, 135, 137, 140, 144, 148, 156, 157, 164, 168, 169, 171, 176, 194, 217, 219, 220, 226, 236, 237, 244, 249, 254, 260, 262, 272, 288, 291, 292, 296, 301, 310, 322, 327, 333, 355, 359, 362, 375, 381]
404: [20, 31, 43, 45, 53, 56, 80, 81, 88, 92, 95, 110, 111, 113, 115, 122, 141, 153, 169, 186, 199, 211, 215, 222, 232, 233, 246, 247, 252, 260, 266, 268, 269, 276, 281, 283, 289, 290, 296, 297, 300, 302, 308, 312, 313, 317, 323, 326, 327, 332, 336, 338, 347, 348, 349, 352, 359, 375, 384, 399]
405: [1, 3, 4, 12, 19, 28, 32, 41, 45, 64, 65, 81, 87, 91, 98, 100, 102, 104, 108, 110, 115, 129, 137, 141, 153, 163, 164, 172, 173, 179, 183, 188, 189, 207, 209, 224, 225, 231, 244, 261, 267, 268, 271, 272, 274, 277, 278, 282, 289, 295, 296, 319, 321, 326, 335, 345, 346, 349, 351, 362, 367, 371, 381, 387, 389, 392, 396, 397]
406: [13, 15, 17, 19, 21, 23, 26, 27, 30, 40, 46, 54, 62, 63, 64, 68, 74, 78, 89, 92, 102, 104, 110, 120, 124, 126, 128, 140, 144, 147, 150, 151, 154, 155, 158, 160, 168, 169, 172, 173, 178, 188, 193, 195, 197, 207, 208, 213, 214, 222, 233, 234, 239, 240, 242, 249, 253, 257, 258, 259, 261, 266, 272, 273, 274, 294, 296, 305, 308, 309, 310, 312, 313, 337, 341, 351, 361, 365, 371, 375, 385, 386, 391]
407: [23, 24, 28, 29, 30, 36, 38, 39, 44, 48, 51, 56, 60, 65, 68, 73, 75, 77, 86, 87, 91, 92, 98, 103, 112, 116, 117, 123, 125, 128, 130, 134, 139, 140, 143, 160, 162, 165, 170, 171, 196, 197, 201, 216, 221, 225, 235, 237, 241, 252, 254, 255, 270, 283, 289, 294, 296, 306, 308, 309, 312, 314, 316, 318, 319, 324, 326, 330, 335, 341, 352, 369, 378, 383, 389, 394, 400, 401]
408: [22, 50, 67, 92, 105, 137, 139, 144, 148, 176, 192, 221, 234, 260, 266, 282, 292, 299, 324, 331, 349, 374, 388, 390, 392, 399]
409: [3, 19, 41, 43, 52, 86, 102, 104, 108, 126, 143, 145, 150, 154, 161, 163, 165, 172, 175, 188, 200, 207, 208, 224, 225, 242, 252, 261, 266, 267, 268, 271, 272, 274, 306, 335, 345, 351, 362, 368, 381, 389, 391, 405]
410: [1, 4, 8, 26, 36, 40, 42, 50, 51, 52, 67, 77, 83, 86, 87, 88, 94, 97, 101, 103, 104, 106, 107, 108, 119, 124, 132, 138, 142, 163, 168, 178, 181, 197, 198, 199, 208, 212, 215, 219, 221, 234, 237, 240, 242, 244, 270, 278, 287, 291, 293, 295, 309, 321, 324, 329, 330, 350, 352, 356, 384, 386, 393, 395, 397]
411: [1, 6, 7, 8, 15, 21, 24, 28, 33, 40, 43, 44, 49, 54, 62, 64, 70, 91, 104, 112, 122, 125, 129, 134, 147, 163, 166, 168, 179, 181, 190, 195, 199, 207, 217, 229, 235, 247, 249, 251, 259, 260, 267, 288, 292, 293, 295, 298, 300, 302, 309, 313, 316, 325, 326, 327, 328, 333, 343, 346, 352, 369, 375, 377, 380, 383, 384, 395, 397, 398, 402]
412: [2, 25, 39, 46, 73, 75, 91, 93, 99, 101, 106, 108, 109, 120, 126, 130, 133, 143, 144, 146, 171, 174, 178, 182, 185, 195, 228, 232, 253, 267, 271, 278, 285, 286, 289, 294, 303, 310, 315, 344, 348, 355, 359, 366, 371, 379, 386, 391, 392, 396, 398]
413: [1, 2, 16, 20, 21, 22, 24, 29, 40, 42, 43, 44, 49, 54, 58, 59, 62, 64, 68, 77, 79, 85, 97, 104, 109, 118, 122, 125, 127, 129, 136, 140, 145, 153, 166, 169, 178, 181, 187, 196, 200, 207, 210, 222, 224, 235, 244, 245, 247, 258, 261, 265, 269, 292, 295, 299, 300, 301, 306, 308, 317, 318, 320, 322, 326, 328, 331, 343, 347, 352, 356, 360, 361, 365, 374, 380, 383, 384, 386, 398, 401, 411]
414: [2, 8, 9, 13, 19, 25, 26, 33, 36, 40, 42, 49, 50, 51, 61, 63, 67, 68, 73, 77, 86, 93, 96, 97, 103, 104, 107, 108, 109, 119, 121, 124, 129, 132, 137, 138, 142, 143, 144, 146, 156, 163, 168, 181, 182, 195, 197, 198, 199, 212, 217, 221, 225, 234, 237, 240, 249, 253, 254, 270, 285, 291, 293, 295, 306, 309, 310, 321, 322, 329, 330, 333, 344, 350, 352, 355, 356, 357, 380, 384, 386, 391, 395, 397, 398, 403, 410, 412]
415: [1, 2, 9, 17, 19, 23, 25, 27, 33, 42, 49, 51, 58, 61, 63, 68, 70, 73, 77, 91, 92, 96, 97, 103, 104, 116, 128, 129, 133, 143, 147, 151, 153, 174, 179, 181, 182, 206, 207, 210, 212, 214, 222, 227, 234, 238, 249, 256, 258, 259, 267, 269, 272, 274, 285, 288, 293, 295, 302, 305, 306, 308, 313, 318, 320, 325, 336, 342, 354, 355, 361, 371, 372, 374, 382, 385, 386, 391, 399, 401, 406, 411, 413, 414]
416: [1, 3, 5, 8, 11, 12, 18, 25, 30, 32, 34, 35, 37, 39, 40, 51, 55, 57, 62, 63, 67, 71, 73, 77, 82, 84, 86, 100, 104, 107, 112, 119, 121, 124, 125, 130, 132, 133, 135, 138, 146, 148, 149, 164, 168, 170, 181, 194, 195, 197, 201, 202, 208, 209, 211, 218, 223, 226, 237, 238, 239, 242, 249, 254, 262, 264, 268, 272, 277, 303, 305, 321, 329, 339, 344, 345, 346, 348, 350, 352, 356, 363, 367, 378, 384, 386, 389, 395, 402, 410, 414]
417: [8, 19, 20, 31, 40, 55, 61, 76, 79, 90, 97, 116, 128, 136, 156, 176, 178, 187, 188, 196, 201, 212, 223, 224, 228, 238, 240, 244, 249, 264, 265, 268, 272, 299, 300, 301, 306, 308, 322, 324, 329, 333, 335, 357, 358, 360, 381, 383, 384, 395, 397, 408, 413]
418: [3, 4, 5, 12, 32, 35, 52, 64, 91, 100, 125, 146, 148, 164, 173, 184, 201, 209, 234, 244, 252, 259, 277, 278, 284, 295, 309, 367, 371, 377, 387, 402, 405, 416]
419: [3, 24, 28, 35, 40, 45, 57, 60, 66, 75, 81, 85, 86, 87, 103, 108, 109, 110, 115, 123, 128, 135, 137, 151, 154, 156, 160, 163, 172, 179, 192, 195, 209, 214, 217, 224, 228, 238, 258, 265, 277, 299, 305, 326, 329, 346, 347, 353, 356, 370, 376, 388, 392, 397, 405]
420: [13, 19, 23, 27, 68, 79, 84, 92, 104, 128, 151, 207, 214, 234, 252, 272, 274, 304, 305, 308, 311, 313, 361, 371, 385, 386, 391, 406, 411, 415]
421: [1, 3, 18, 19, 27, 31, 39, 43, 44, 51, 54, 55, 57, 61, 65, 70, 73, 84, 85, 88, 91, 94, 97, 106, 107, 108, 114, 116, 125, 128, 142, 145, 155, 161, 166, 173, 174, 175, 180, 185, 187, 192, 198, 210, 212, 223, 228, 237, 238, 240, 242, 249, 251, 252, 254, 262, 264, 268, 280, 287, 300, 301, 316, 328, 329, 333, 335, 339, 340, 351, 353, 357, 360, 363, 380, 382, 383, 384, 395, 397, 398, 417]
422: [6, 13, 63, 87, 113, 128, 131, 135, 142, 183, 195, 205, 207, 221, 231, 239, 254, 256, 276, 277, 315, 348, 356, 393, 394]
423: [3, 5, 8, 19, 25, 33, 40, 41, 51, 67, 69, 72, 82, 86, 99, 102, 103, 104, 107, 108, 113, 119, 121, 124, 135, 138, 140, 159, 168, 181, 188, 195, 197, 207, 212, 218, 225, 226, 237, 261, 267, 268, 271, 272, 274, 280, 292, 307, 314, 321, 325, 329, 332, 335, 339, 345, 350, 351, 352, 361, 362, 364, 366, 379, 381, 384, 389, 395, 405, 409, 410, 414, 416]
424: [16, 17, 19, 31, 47, 55, 58, 61, 71, 87, 100, 104, 111, 116, 117, 128, 135, 142, 151, 158, 172, 183, 188, 190, 202, 205, 206, 207, 212, 215, 221, 223, 238, 239, 240, 253, 256, 264, 268, 276, 283, 287, 288, 290, 293, 295, 300, 301, 306, 314, 315, 329, 331, 334, 335, 344, 348, 357, 370, 380, 383, 384, 385, 394, 395, 397, 417, 421, 422]
425: [9, 16, 18, 26, 27, 28, 30, 34, 41, 49, 64, 66, 91, 95, 104, 116, 121, 134, 137, 141, 143, 163, 172, 193, 210, 217, 227, 234, 238, 240, 256, 258, 259, 261, 279, 306, 308, 320, 324, 336, 342, 345, 354, 359, 372, 382, 386, 394, 398, 415]
426: [29, 66, 83, 87, 88, 94, 102, 103, 110, 128, 136, 148, 156, 157, 162, 164, 168, 196, 198, 210, 241, 246, 253, 257, 259, 265, 270, 283, 297, 299, 310, 319, 330, 335, 349, 359, 367, 369, 375, 380, 392, 417]
427: [3, 4, 6, 9, 16, 19, 22, 31, 41, 50, 55, 61, 72, 80, 95, 98, 104, 116, 128, 132, 134, 147, 161, 166, 174, 180, 182, 184, 188, 193, 195, 200, 212, 218, 223, 234, 238, 240, 243, 245, 254, 263, 264, 266, 268, 271, 279, 282, 285, 286, 295, 300, 301, 313, 317, 320, 329, 333, 335, 337, 357, 364, 365, 383, 384, 386, 395, 396, 397, 400, 417, 421, 424, 425]
428: [8, 12, 35, 37, 40, 44, 50, 51, 54, 58, 63, 67, 68, 81, 85, 86, 89, 92, 93, 94, 95, 101, 105, 107, 117, 119, 124, 127, 129, 134, 137, 138, 139, 144, 146, 148, 151, 168, 176, 181, 186, 191, 197, 215, 221, 224, 226, 234, 237, 245, 260, 262, 266, 267, 282, 286, 292, 305, 316, 321, 329, 349, 350, 352, 362, 373, 374, 380, 384, 385, 390, 395, 398, 400, 408, 410, 414, 416, 421, 423]
429: [9, 15, 36, 50, 56, 82, 88, 102, 105, 213, 243, 264, 313, 316, 322, 338, 345, 370, 395, 420]
430: [8, 20, 24, 25, 28, 40, 43, 51, 64, 65, 67, 73, 75, 81, 86, 92, 99, 107, 112, 115, 116, 117, 119, 122, 123, 124, 126, 133, 138, 141, 148, 153, 162, 164, 168, 171, 181, 185, 186, 196, 197, 221, 232, 237, 241, 246, 253, 257, 259, 260, 267, 269, 271, 276, 278, 283, 289, 294, 296, 300, 308, 312, 313, 319, 321, 323, 329, 332, 335, 348, 349, 350, 352, 359, 366, 369, 375, 384, 389, 395, 401, 404, 407, 410, 412, 414, 416, 423, 426, 428]
431: [1, 3, 5, 12, 15, 17, 18, 20, 22, 23, 29, 33, 37, 44, 47, 51, 54, 57, 63, 68, 69, 70, 72, 73, 74, 78, 82, 84, 86, 88, 93, 97, 98, 99, 102, 103, 104, 112, 113, 117, 119, 121, 122, 125, 127, 132, 133, 134, 135, 136, 140, 141, 145, 146, 147, 159, 166, 169, 172, 174, 175, 178, 179, 183, 185, 188, 191, 192, 195, 201, 207, 210, 212, 214, 218, 224, 226, 237, 240, 252, 254, 255, 260, 264, 271, 274, 275, 277, 280, 292, 295, 301, 316, 317, 325, 328, 330, 333, 339, 340, 343, 351, 360, 361, 363, 365, 374, 379, 386, 400, 413, 421, 423, 427]
432: [2, 18, 21, 23, 26, 27, 28, 30, 33, 34, 35, 36, 39, 40, 43, 54, 58, 62, 63, 64, 69, 72, 75, 81, 89, 91, 93, 94, 95, 96, 99, 101, 102, 103, 104, 106, 108, 110, 113, 116, 120, 121, 130, 134, 135, 137, 140, 143, 144, 150, 155, 159, 163, 168, 171, 172, 174, 188, 195, 197, 208, 210, 212, 216, 217, 218, 226, 237, 239, 240, 242, 247, 249, 253, 261, 267, 280, 285, 286, 292, 294, 303, 305, 306, 308, 309, 315, 316, 321, 324, 325, 329, 338, 341, 345, 348, 350, 351, 352, 361, 373, 374, 379, 390, 392, 394, 395, 398, 406, 412, 423, 425, 428, 431]
433: [1, 10, 18, 23, 29, 34, 53, 55, 57, 66, 67, 68, 75, 87, 90, 103, 110, 112, 122, 123, 127, 132, 136, 140, 145, 154, 156, 164, 169, 178, 180, 186, 187, 188, 192, 195, 209, 210, 214, 219, 224, 244, 245, 247, 249, 265, 272, 274, 276, 277, 278, 292, 299, 300, 301, 305, 307, 323, 324, 346, 347, 360, 364, 365, 376, 377, 381, 388, 392, 413, 417, 419, 431]
434: [2, 11, 18, 27, 30, 32, 36, 39, 41, 43, 44, 46, 48, 50, 64, 75, 86, 87, 90, 91, 96, 98, 100, 101, 103, 106, 108, 120, 125, 127, 130, 131, 132, 136, 137, 143, 144, 147, 150, 155, 161, 164, 171, 174, 175, 178, 181, 202, 204, 211, 215, 216, 219, 235, 238, 241, 243, 245, 247, 248, 254, 263, 268, 272, 282, 285, 286, 291, 303, 307, 315, 316, 324, 326, 327, 329, 338, 341, 345, 349, 352, 364, 368, 372, 379, 382, 392, 395, 398, 407, 412, 432]
435: [1, 5, 6, 16, 18, 26, 27, 34, 37, 41, 43, 46, 63, 65, 74, 87, 94, 98, 100, 104, 107, 117, 121, 129, 130, 133, 146, 148, 149, 153, 155, 161, 162, 163, 164, 178, 181, 183, 196, 211, 219, 223, 231, 241, 245, 253, 257, 258, 259, 264, 277, 282, 283, 289, 315, 319, 344, 345, 346, 348, 349, 350, 351, 353, 356, 364, 365, 367, 374, 375, 376, 378, 387, 397, 401, 405, 416, 426, 430, 434]
436: [3, 4, 13, 18, 32, 44, 54, 57, 64, 66, 70, 73, 75, 84, 87, 88, 91, 97, 100, 103, 110, 123, 125, 154, 156, 173, 174, 192, 195, 202, 209, 210, 214, 227, 237, 244, 252, 254, 265, 277, 278, 280, 295, 299, 305, 316, 327, 333, 340, 346, 347, 351, 371, 376, 387, 388, 393, 395, 405, 418, 419, 421, 422, 431, 433]
437: [6, 10, 17, 19, 21, 23, 25, 27, 29, 30, 41, 43, 46, 48, 53, 66, 67, 68, 72, 78, 80, 83, 88, 92, 94, 95, 98, 100, 102, 103, 104, 109, 110, 111, 114, 115, 118, 119, 125, 128, 129, 132, 136, 146, 151, 153, 155, 156, 157, 158, 161, 163, 168, 169, 176, 178, 198, 205, 207, 214, 219, 223, 227, 234, 239, 245, 246, 247, 248, 255, 257, 264, 265, 270, 272, 274, 276, 277, 281, 282, 283, 290, 297, 299, 305, 307, 308, 313, 317, 319, 326, 330, 338, 359, 364, 366, 371, 385, 386, 391, 392, 393, 399, 404, 406, 415, 420, 426, 434, 435]
438: [2, 4, 11, 17, 20, 29, 31, 39, 43, 54, 56, 74, 75, 78, 91, 95, 97, 98, 101, 106, 108, 112, 119, 120, 121, 122, 130, 133, 143, 144, 152, 170, 171, 174, 199, 211, 215, 222, 232, 233, 240, 252, 255, 266, 268, 285, 286, 301, 302, 303, 315, 327, 336, 339, 347, 348, 359, 360, 375, 379, 392, 393, 398, 404, 412, 429, 431, 432, 434]
439: [2, 3, 4, 17, 18, 29, 31, 33, 36, 40, 41, 44, 54, 57, 62, 66, 68, 69, 70, 72, 73, 83, 84, 86, 88, 94, 97, 99, 102, 103, 110, 113, 124, 125, 135, 136, 140, 156, 157, 159, 160, 162, 168, 173, 174, 187, 192, 195, 196, 198, 201, 203, 207, 210, 212, 213, 218, 225, 226, 233, 237, 246, 252, 253, 255, 265, 270, 280, 284, 292, 297, 298, 299, 305, 309, 316, 319, 325, 330, 333, 340, 351, 359, 361, 378, 379, 392, 397, 398, 407, 421, 423, 426, 431, 432, 436, 437]
440: [1, 3, 10, 12, 13, 18, 19, 20, 23, 26, 29, 34, 35, 37, 41, 44, 49, 51, 53, 63, 66, 67, 82, 93, 97, 102, 103, 104, 106, 107, 108, 112, 117, 121, 126, 127, 130, 132, 133, 136, 137, 141, 144, 149, 156, 159, 175, 176, 179, 180, 183, 185, 186, 188, 191, 207, 211, 214, 217, 219, 225, 232, 233, 239, 242, 245, 249, 254, 261, 264, 267, 268, 271, 272, 274, 275, 276, 277, 285, 300, 310, 322, 323, 328, 330, 333, 335, 344, 345, 346, 348, 350, 351, 355, 356, 362, 364, 367, 374, 377, 378, 381, 387, 389, 396, 403, 405, 409, 414, 416, 423, 431, 433, 435]
441: [7, 29, 32, 33, 45, 55, 59, 65, 68, 69, 72, 73, 86, 99, 102, 103, 105, 113, 118, 123, 125, 127, 135, 136, 139, 140, 147, 159, 162, 163, 179, 195, 196, 198, 202, 212, 218, 220, 225, 226, 236, 238, 248, 252, 255, 259, 262, 264, 270, 280, 292, 296, 306, 309, 312, 318, 319, 325, 353, 354, 357, 361, 378, 379, 382, 389, 407, 414, 423, 430, 431, 432, 439]
442: [5, 6, 16, 22, 23, 29, 35, 37, 44, 49, 77, 84, 86, 109, 125, 128, 130, 139, 141, 145, 146, 148, 149, 160, 162, 164, 165, 171, 175, 176, 196, 201, 207, 216, 233, 241, 245, 253, 254, 257, 258, 259, 260, 261, 264, 274, 277, 283, 301, 306, 308, 312, 319, 322, 324, 328, 333, 343, 349, 356, 363, 365, 374, 375, 385, 390, 394, 401, 407, 413, 426, 430, 431, 435, 440]
443: [13, 24, 40, 52, 57, 59, 60, 66, 75, 84, 86, 87, 103, 109, 110, 123, 134, 151, 154, 156, 159, 184, 192, 195, 209, 214, 217, 238, 250, 252, 258, 265, 277, 299, 304, 305, 311, 323, 329, 332, 341, 346, 347, 356, 370, 376, 377, 388, 397, 419, 420, 433, 436]
444: [3, 5, 6, 10, 12, 16, 17, 26, 32, 35, 36, 50, 72, 74, 77, 103, 104, 108, 109, 111, 115, 117, 118, 125, 128, 129, 132, 142, 146, 148, 149, 158, 163, 164, 176, 181, 198, 199, 201, 205, 209, 212, 221, 223, 227, 228, 233, 234, 239, 240, 246, 248, 257, 258, 264, 270, 291, 293, 301, 308, 315, 324, 330, 353, 356, 360, 366, 367, 376, 385, 387, 397, 402, 410, 414, 416, 417, 418, 435, 437, 440, 442]
445: [79, 179, 211, 236, 268, 286, 302, 304, 311, 404, 429, 438]
446: [2, 3, 4, 13, 17, 23, 24, 29, 30, 31, 33, 36, 39, 40, 41, 44, 48, 55, 57, 62, 67, 68, 69, 72, 73, 86, 87, 99, 102, 103, 112, 113, 124, 125, 128, 135, 137, 139, 140, 143, 147, 150, 155, 158, 159, 160, 162, 164, 175, 177, 178, 182, 187, 195, 201, 203, 207, 210, 212, 213, 218, 225, 226, 233, 235, 238, 241, 244, 247, 252, 255, 260, 268, 269, 270, 274, 278, 280, 281, 284, 291, 292, 301, 307, 309, 319, 320, 322, 325, 326, 327, 329, 335, 336, 341, 352, 360, 361, 364, 365, 369, 378, 379, 380, 381, 395, 397, 398, 401, 407, 416, 423, 426, 431, 432, 433, 434, 439, 441]
447: [1, 2, 6, 13, 18, 20, 21, 24, 27, 34, 37, 39, 40, 43, 44, 57, 59, 63, 65, 74, 75, 77, 85, 91, 101, 104, 105, 106, 107, 108, 114, 117, 118, 120, 121, 124, 129, 130, 131, 133, 136, 143, 144, 145, 149, 157, 158, 160, 161, 171, 173, 174, 179, 185, 196, 200, 211, 231, 235, 242, 249, 253, 254, 258, 259, 262, 264, 268, 269, 276, 277, 280, 285, 286, 287, 291, 293, 300, 302, 303, 315, 317, 320, 328, 331, 344, 345, 348, 350, 356, 363, 367, 375, 378, 379, 383, 384, 386, 388, 392, 394, 398, 404, 412, 413, 416, 421, 432, 434, 435, 438, 440, 445]
448: [5, 9, 10, 15, 21, 22, 25, 30, 36, 37, 40, 44, 50, 54, 56, 59, 62, 66, 67, 82, 84, 86, 88, 102, 105, 110, 120, 125, 141, 143, 145, 146, 150, 153, 155, 168, 172, 175, 182, 188, 193, 201, 202, 207, 208, 214, 234, 239, 242, 243, 249, 253, 254, 260, 261, 264, 266, 274, 276, 277, 289, 294, 305, 307, 309, 314, 316, 319, 322, 325, 328, 333, 339, 341, 343, 346, 351, 359, 363, 364, 365, 366, 393, 395, 406, 416, 429, 431, 432, 437, 442]
449: [1, 3, 6, 13, 17, 28, 33, 36, 38, 44, 51, 56, 58, 60, 72, 77, 92, 98, 103, 109, 111, 115, 118, 125, 129, 134, 140, 154, 158, 163, 165, 170, 176, 190, 196, 197, 205, 210, 215, 216, 222, 227, 237, 239, 246, 248, 254, 257, 270, 292, 294, 314, 318, 330, 347, 366, 381, 383, 385, 388, 400, 406, 407, 437, 444]
450: [2, 9, 16, 19, 23, 27, 29, 41, 66, 68, 73, 83, 88, 92, 93, 94, 95, 102, 103, 104, 107, 109, 110, 128, 134, 136, 146, 151, 156, 157, 168, 182, 195, 198, 207, 214, 223, 234, 243, 246, 253, 265, 270, 272, 274, 280, 297, 299, 302, 305, 308, 310, 311, 313, 330, 339, 343, 344, 355, 359, 366, 371, 373, 385, 386, 391, 392, 406, 412, 414, 415, 416, 420, 426, 427, 437, 439, 441]
