Description:

Following is a problem description of Graph Coloring Problem. It contains two section.

1. Problem's data description
2. The adjacency list representation of that specific problem.

Please calculate the best solution for this problem, which is the minimum number of colors needed to color the graph such that no two adjacent nodes have the same color.


[GCP_DATA_INFO]
Type: GCP, Graph Coloring Problem
Node: 450
Edge: 5714

[ADJACENCY_List]
7: [1]
10: [3, 4]
13: [1, 7, 12]
16: [10, 15]
18: [6]
19: [2, 7, 13, 18]
22: [21]
25: [8]
26: [4]
28: [11, 27]
29: [12]
31: [30]
32: [3, 5]
33: [6, 25, 26]
34: [12, 33]
35: [3, 6, 8, 22]
36: [14]
37: [3, 5, 36]
38: [2, 6, 9]
40: [6, 39]
41: [5, 9, 12, 37]
42: [4, 20]
43: [9, 16, 20, 42]
44: [8, 22, 40]
46: [8, 12, 13]
47: [4, 11, 16, 20, 40, 43]
49: [6, 15, 17]
50: [14, 19, 32, 33, 46]
51: [18]
52: [18]
53: [15, 22, 26, 49]
54: [1, 12]
55: [7, 21, 27, 28, 37, 41]
56: [8, 25, 52]
57: [20]
58: [15, 20, 21, 24, 26]
59: [16, 22, 27, 28, 32, 55]
60: [22, 23]
61: [27, 40, 52, 53]
62: [25, 36, 58]
63: [1, 20, 21, 24, 40]
64: [30, 47, 55]
65: [32, 34, 37, 39, 52]
66: [27]
67: [25, 33, 44, 58]
68: [37]
69: [3, 30, 32, 36, 51]
70: [33, 37, 61]
71: [2, 33, 40, 43, 45, 53]
72: [6, 15, 33, 39, 49]
73: [36, 55, 64]
74: [5, 32, 37, 48, 51]
75: [9, 14, 36, 67]
76: [3, 34, 48, 53]
77: [8, 9, 44, 51]
78: [12, 17, 36, 39, 60]
79: [70]
80: [11, 18, 47, 52, 54, 62]
81: [20, 34, 39, 42, 43, 48, 58]
82: [49, 73]
83: [14, 65]
84: [23, 42, 45, 47, 56]
85: [1, 11, 38, 48, 76, 81]
86: [48, 58, 60, 65, 69, 73, 79]
87: [26, 40, 48, 59]
88: [14]
89: [63, 66, 68]
90: [22, 29, 48, 51, 53, 81, 82]
91: [17, 29, 49, 82]
92: [23, 48, 64, 66, 71]
93: [32, 37, 65, 75, 79]
94: [20, 52, 66]
95: [51, 73, 74, 82]
96: [3, 4, 14, 35, 82, 83]
97: [1, 23, 55, 79, 89]
98: [1, 54, 77, 85, 95]
99: [2, 38, 41, 43, 51, 85]
100: [3, 4, 26, 77]
101: [57, 80, 85]
102: [9, 46, 88]
103: [7, 10, 12, 29, 40, 46, 91, 100]
104: [60, 81, 83, 96]
105: [1, 17, 21, 48, 49, 58, 81, 87, 91, 97]
106: [10, 15, 32, 49, 59]
107: [4, 5, 10, 40, 60, 63, 86, 91]
108: [4, 52, 94, 106]
109: [11, 13, 16, 18, 35, 52, 81]
110: [8, 12, 66, 71, 77, 94]
111: [7, 13, 19, 32, 50, 55, 60, 93, 97, 100, 103]
112: [19, 21, 38, 63, 105, 110]
113: [4, 6, 69, 94, 97, 105, 110]
114: [10, 16, 35, 58, 63, 67, 100, 111]
115: [12, 24, 27, 32, 41, 66, 87, 92, 102, 113]
116: [7, 13, 33, 72, 97, 100, 103, 113]
117: [5, 13, 55, 61, 66, 70, 85, 105, 114]
118: [20, 69, 81, 111]
119: [10, 12, 100, 103]
120: [3, 41, 58, 63, 64, 69, 73, 117, 118]
121: [69, 72, 113]
122: [13, 24, 39, 70, 100, 103, 106, 111, 114, 119, 120]
123: [16, 44, 61, 66, 72, 120]
124: [26, 33, 36, 46, 67, 75, 77]
125: [3, 8, 16, 32, 37, 81, 106, 109, 114, 118]
126: [4, 9, 44, 47, 48, 64, 75, 90, 103, 110, 123, 124]
127: [20, 36, 41, 78]
128: [2, 11, 15, 16, 19, 71, 109, 112, 117]
129: [36, 50]
130: [8, 39, 42, 44, 68, 81, 123]
131: [5, 19, 22, 64, 69, 74, 112, 118, 120, 128]
132: [10, 49, 53, 65, 80, 81, 86]
133: [26, 40, 42, 47, 55, 71, 84, 130]
134: [8, 12, 25, 32, 41, 46, 61, 72, 115, 118, 123]
135: [56, 57, 68, 84, 89, 132]
136: [24, 50, 53, 55, 87, 112]
137: [11, 16, 28, 53, 118, 125]
138: [16, 21, 59, 65, 84, 87, 92]
139: [22, 27, 51, 53, 56, 61, 82, 90]
140: [19, 56, 62, 72, 112, 121, 128, 129, 131]
141: [62, 64, 73, 87, 90, 95, 120]
142: [3, 15, 56, 59, 64, 118, 135, 140]
143: [22, 34, 59, 132, 137]
144: [17, 27, 36, 77, 90, 98, 141]
145: [31, 57, 59, 64, 73, 121, 143]
146: [25, 62, 89, 94, 135, 140]
147: [3, 25, 64, 85, 93, 101, 135]
148: [26, 34, 62, 67, 75, 124, 126, 140, 141, 146]
149: [26, 65, 81, 82, 86, 87, 132, 138, 147]
150: [6, 72, 81, 83, 96, 104, 113]
151: [34, 37, 65, 70, 127, 134, 149]
152: [31, 68, 85, 135, 140, 146]
153: [5, 9, 70, 81, 99, 107]
154: [32, 40, 42, 73, 81, 106, 130, 131]
155: [12, 23, 33, 34, 71, 92, 97, 101, 144, 147, 149]
156: [3, 9, 12, 29, 89, 93, 102, 110, 115, 149]
157: [4, 43, 65, 76, 84, 89, 95, 115, 130, 133, 150]
158: [5, 37, 42, 74, 81, 86, 151, 152]
159: [15, 67, 82, 87, 92, 105, 113, 118, 136, 142]
160: [2, 7, 12, 41, 46, 79, 86, 107, 108, 136]
161: [8, 40, 45, 77, 89, 93, 99, 155]
162: [4, 6, 18, 39, 40, 89, 104, 116, 121, 145, 150]
163: [49, 74, 82, 85, 100, 139]
164: [15, 37, 48, 96, 105, 151, 158]
165: [9, 14, 43, 46, 111, 118, 124, 143]
166: [3, 8, 34, 44, 52, 59, 77, 89, 90, 94, 103, 108, 110, 129, 140, 142]
167: [18, 19, 51, 95, 99, 104, 108, 114, 145, 161]
168: [12, 17, 20, 49, 95, 127, 139, 146]
169: [11, 16, 61, 80, 88, 93, 101]
170: [21, 32, 54, 57, 93, 111, 112, 148, 158, 164, 169]
171: [15, 33, 34, 52, 60, 130, 142, 159]
172: [14, 19, 24, 29, 30, 45, 83, 85, 96, 109, 114, 125]
173: [11, 20, 24, 36, 57, 62, 101, 110, 114, 125, 145, 156, 172]
174: [6, 18, 21, 23, 26, 37, 41, 55, 91, 92, 121, 133, 138, 145, 157, 162]
175: [2, 26, 37, 38, 48, 86, 99, 112, 122, 148, 158]
176: [27, 39, 60, 65, 123, 159]
177: [4, 19, 20, 26, 58, 100, 119, 129, 136, 148, 160]
178: [35, 51, 89, 96, 102, 115, 156]
179: [1, 21, 22, 63, 68, 120, 162]
180: [27, 29, 32, 36, 48, 53, 61, 98, 108, 123, 137, 139, 144, 151]
181: [2, 19, 33, 44, 92, 105, 110, 123, 128, 164]
182: [14, 33, 50, 66, 71, 110, 123, 134, 160, 181]
183: [32, 45, 50, 56, 64, 76, 96, 101, 106, 111, 120, 125, 135, 140, 142, 147, 154]
184: [5, 26, 95, 106, 107, 108, 112, 132, 141]
185: [7, 36, 43, 74, 103, 126, 132, 157, 184]
186: [40, 44, 64, 67, 89, 150, 157, 159, 182]
187: [1, 8, 33, 39, 49, 54, 60, 85, 98, 111, 116, 170]
188: [1, 39, 45, 46, 60, 64, 77, 106, 111, 129, 140, 150, 154, 160, 185, 186, 187]
189: [5, 38, 43, 52, 70, 153, 157, 185]
190: [4, 12, 36, 53, 58, 67, 103, 108, 114, 119, 122, 126, 148, 152, 162, 177]
191: [42, 48, 54, 58, 63, 67, 80, 104, 114, 120, 132, 133, 143, 148, 157, 190]
192: [8, 15, 41, 46, 49, 54, 73, 85, 98, 156, 160, 161, 188]
193: [39, 104, 122, 129, 140, 166, 175]
194: [51, 70, 83, 88, 160, 167]
195: [2, 11, 31, 49, 58, 71, 159, 164, 173, 187, 191]
196: [10, 15, 29, 42, 90, 125, 132, 164]
197: [25, 49, 55, 64, 69, 73, 85, 86, 91, 105, 144, 163]
198: [5, 52, 65, 104, 145, 150, 155, 162, 166, 167, 171, 175, 176, 191, 194]
199: [2, 13, 18, 66, 76, 116, 117, 122, 128, 135]
200: [3, 53, 72, 76, 89, 94, 106, 108, 113, 122, 157, 166, 186]
201: [4, 10, 17, 25, 55, 60, 107, 109, 119, 128, 170, 197]
202: [16, 21, 48, 64, 125, 130, 131, 138, 154]
203: [5, 6, 61, 79, 92, 97, 116, 121, 169, 171]
204: [20, 58, 62, 66, 71, 92, 106, 110, 122, 161, 167, 173, 177, 200]
205: [24, 67, 72, 141]
206: [19, 24, 29, 68, 82, 88, 100, 109, 124, 158, 168, 172, 173, 174, 179, 189, 194]
207: [5, 10, 23, 40, 55, 60, 61, 69, 105, 113, 119, 159, 169, 174, 176, 203]
208: [27, 54, 66, 85, 90, 121, 142, 144]
209: [2, 12, 46, 85, 103, 112, 117, 147, 151, 172, 175]
210: [3, 26, 32, 33, 36, 51, 53, 58, 64, 67, 68, 69, 72, 113, 116, 121, 123, 141, 147, 162, 173, 176, 177, 179, 183, 206]
211: [29, 49, 57, 59, 78, 82, 140, 145, 147, 163, 173, 184]
212: [4, 10, 15, 23, 59, 60, 74, 88, 106, 113, 164, 174, 178, 184, 203]
213: [29, 61, 72, 90, 120, 131, 144, 187, 209]
214: [6, 33, 38, 60, 62, 67, 86, 96, 141, 148, 150, 171, 172, 175, 191]
215: [12, 18, 32, 73, 91, 109, 118, 177, 182, 183, 206]
216: [13, 14, 19, 32, 57, 75, 88, 93, 98, 125, 144, 169, 183, 184, 185, 188, 190, 195, 212]
217: [20, 36, 41, 63, 88, 90, 151, 153, 160, 194]
218: [2, 21, 29, 71, 85, 100, 105, 112, 117, 119, 170, 184, 195, 209]
219: [6, 22, 36, 60, 78, 81, 127, 150, 186, 187, 188, 193, 201]
220: [1, 39, 44, 63, 72, 102, 146, 154, 181, 192, 202, 217]
221: [5, 14, 32, 74, 93, 98, 103, 115, 119, 120, 122, 124, 129, 134, 144, 179, 190, 193, 198, 203, 212]
222: [24, 63, 81, 109, 114, 120, 125, 153, 180, 185, 191, 196]
223: [4, 25, 42, 47, 66, 94, 95, 100, 110, 126, 146, 157, 162, 184, 185, 190, 200]
224: [8, 12, 13, 21, 22, 35, 101, 125, 206, 215]
225: [13, 26, 66, 84, 89, 122, 142, 156, 173, 183, 199]
226: [7, 14, 50, 60, 79, 97, 103, 108, 160, 165, 184, 185, 187, 188, 198, 203, 219, 223]
227: [11, 15, 16, 24, 38, 60, 75, 80, 85, 99, 104, 109, 126, 128, 169, 189, 199, 214, 218]
228: [10, 26, 40, 69, 87, 92, 105, 115, 136, 159, 181, 202, 205]
229: [10, 16, 22, 53, 100, 102, 107, 116, 163, 168, 190, 196, 201, 206, 211]
230: [2, 14, 19, 32, 41, 73, 87, 93, 128, 129, 131, 181, 221]
231: [19, 24, 30, 33, 72, 95, 104, 150, 162, 184, 198, 205]
232: [10, 39, 56, 103, 119, 159, 160, 171, 193, 195]
233: [16, 20, 22, 35, 40, 44, 126, 130, 132, 134, 137, 186, 196, 206, 215, 224]
234: [22, 41, 98, 165, 192, 213]
235: [6, 16, 18, 26, 41, 59, 106, 121, 162, 174, 196, 198, 212, 222]
236: [25, 33, 47, 118, 123, 125, 134, 135, 137, 140, 162, 223, 227]
237: [29, 78, 101, 103, 135, 139, 168, 195, 211, 216]
238: [19, 40, 44, 67, 136, 177, 199, 210]
239: [28, 50, 75, 137, 138, 140, 143, 165, 182, 192, 216]
240: [16, 32, 33, 47, 81, 88, 104, 106, 133, 162, 171, 203, 214, 219, 227]
241: [33, 47, 70, 84, 89, 112, 125, 128, 133, 137, 178, 180, 199, 202, 204, 227, 233]
242: [31, 34, 36, 141, 143, 144, 145, 146, 168, 180, 190]
243: [81, 91, 107, 109, 112, 125, 146, 174, 185, 199, 215, 217, 220, 222, 235]
244: [32, 36, 50, 73, 87, 111, 140, 146, 183, 188, 226, 230]
245: [23, 33, 34, 37, 39, 42, 62, 81, 144, 147, 149, 171, 191, 203]
246: [22, 39, 43, 60, 99, 110, 112, 130, 138, 149, 154, 202, 219, 225, 243, 245]
247: [64, 76, 84, 85, 143, 186, 191, 199, 200, 215, 233, 234]
248: [37, 56, 84, 85, 135, 141, 152, 165, 174, 240]
249: [3, 25, 26, 61, 62, 87, 92, 113, 115, 141, 146, 156, 197, 201, 205, 228]
250: [52, 56, 146, 153, 189, 192]
251: [39, 40, 45, 68, 87, 89, 94, 109, 119, 129, 155, 158, 160, 177, 178, 190, 215, 228, 243]
252: [6, 19, 28, 35, 69, 118, 121, 140, 150, 200, 208, 219, 231, 236, 239]
253: [26, 59, 82, 87, 149, 151, 160, 197, 201, 239]
254: [27, 37, 48, 81, 90, 126, 158, 163, 166, 180, 212, 251]
255: [9, 14, 31, 72, 77, 98, 121, 124, 152, 192, 211, 234]
256: [29, 63, 64, 73, 85, 89, 90, 144, 152, 158, 200, 230, 234, 242, 244, 248]
257: [3, 30, 45, 51, 64, 69, 74, 79, 93, 95, 135, 155, 161, 183]
258: [12, 17, 31, 34, 41, 45, 124, 155, 156, 160, 165, 170, 206, 211, 214, 237, 240, 242, 250, 255]
259: [6, 32, 42, 62, 65, 66, 93, 102, 155, 156, 157, 161, 171, 191, 203, 245, 246, 251, 257]
260: [6, 31, 43, 57, 77, 88, 96, 153, 164, 169, 186, 188, 216]
261: [20, 37, 39, 62, 63, 78, 127, 130, 144, 153, 160, 163, 168, 194, 209, 217, 240, 242, 243, 245, 259]
262: [3, 35, 68, 91, 95, 96, 130, 140, 158, 164, 170, 174, 183, 206, 210, 214, 215, 240, 248]
263: [9, 34, 36, 41, 57, 62, 96, 99, 166, 170, 172, 189, 214, 260]
264: [23, 40, 71, 86, 97, 101, 106, 130, 133, 138, 147, 155, 157, 212, 217, 220, 243, 245, 248]
265: [6, 22, 38, 48, 71, 92, 96, 161, 186, 209, 214, 246, 251, 257, 262]
266: [37, 60, 73, 102, 127, 175, 183, 192, 217, 250, 253]
267: [26, 68, 79, 94, 136, 141, 154, 155, 158, 184, 205, 220, 248, 251, 254, 264, 265]
268: [9, 41, 46, 74, 90, 99, 102, 156, 164, 189, 206, 211, 212, 216, 217, 221]
269: [1, 40, 47, 61, 63, 68, 107, 130, 166, 207, 220, 262]
270: [8, 29, 71, 77, 96, 98, 144, 161, 172, 212, 243, 251, 254, 263, 267]
271: [12, 59, 65, 73, 75, 79, 83, 93, 102, 103, 105, 110, 119, 154, 190, 192, 215, 220, 254, 268, 270]
272: [14, 43, 66, 71, 94, 110, 133, 181, 184, 185, 200, 215, 223, 255]
273: [5, 15, 32, 37, 51, 74, 142, 147, 156, 164, 166, 175, 190, 196, 221, 254, 257, 266, 270, 271]
274: [15, 21, 31, 42, 47, 66, 102, 105, 112, 113, 142, 195, 196, 217, 218, 223, 261, 266]
275: [17, 32, 46, 53, 74, 91, 97, 136, 184, 221, 223, 226, 273]
276: [35, 40, 77, 103, 150, 159, 164, 167, 178, 188, 260]
277: [1, 94, 108, 111, 160, 179, 184, 189, 198, 226, 250]
278: [5, 10, 15, 49, 77, 100, 106, 187, 192, 229, 275]
279: [38, 43, 46, 57, 80, 101, 102, 153, 157, 170, 186, 211, 222, 260, 263, 268, 276]
280: [4, 102, 107, 113, 114, 119, 157, 158, 201, 223, 229]
281: [18, 52, 65, 80, 108, 142, 159, 190, 195, 198, 219, 225, 232]
282: [41, 65, 83, 99, 156, 170, 173, 209, 225, 263, 266, 271]
283: [6, 7, 11, 12, 24, 46, 100, 106, 111, 114, 117, 122, 141, 195, 200, 204, 210, 216, 232, 237]
284: [26, 52, 55, 83, 88, 101, 107, 111, 121, 145, 167, 171, 172, 198, 217, 235, 237]
285: [27, 37, 49, 86, 87, 102, 122, 136, 159, 164, 176, 197, 223, 228, 266, 274]
286: [10, 13, 15, 27, 28, 33, 34, 40, 113, 117, 118, 142, 144, 153, 159, 207, 208, 219, 235, 240, 245, 254, 269, 274, 279]
287: [29, 58, 60, 86, 91, 115, 120, 148, 170, 195, 201, 238, 263]
288: [1, 40, 51, 52, 61, 89, 95, 106, 114, 162, 167, 179, 200, 204, 269, 276, 277, 286]
289: [13, 18, 21, 30, 51, 120, 126, 128, 131, 167, 172, 210, 216, 221, 238, 243]
290: [58, 61, 86, 89, 94, 113, 118, 151, 157, 178, 204, 241, 266]
291: [5, 27, 28, 55, 59, 60, 64, 117, 119, 123, 165, 170, 207, 213, 280]
292: [16, 21, 24, 33, 39, 55, 58, 60, 104, 120, 131, 136, 175, 204, 209, 213, 238, 245, 246]
293: [6, 30, 40, 64, 66, 89, 92, 97, 111, 130, 166, 207, 225, 269, 286]
294: [26, 30, 36, 41, 58, 63, 120, 141, 173, 177, 191, 210, 222, 227, 231, 241, 283, 287]
295: [3, 24, 42, 47, 61, 123, 134, 137, 139, 151, 156, 168, 178, 223, 233, 237, 241, 244, 249, 276]
296: [2, 3, 14, 59, 92, 94, 100, 119, 143, 145, 182, 200, 210, 215, 223, 255, 272]
297: [5, 33, 34, 61, 66, 120, 123, 124, 176, 180, 210, 213, 219, 245, 286, 291, 294]
298: [27, 64, 137, 142, 154, 176, 220, 225, 226, 244, 252, 271, 281, 285]
299: [5, 7, 62, 72, 95, 103, 126, 127, 141, 166, 185, 213, 218, 226, 266, 275]
300: [13, 36, 57, 64, 69, 118, 126, 128, 136, 142, 162, 179, 216, 217, 233, 238, 252, 288, 289, 292, 294, 298]
301: [4, 30, 35, 44, 64, 67, 73, 79, 89, 114, 130, 133, 140, 145, 157, 223, 238, 255, 264, 290]
302: [10, 15, 98, 106, 111, 144, 185, 188, 216, 221, 240, 278]
303: [6, 11, 36, 39, 50, 66, 67, 72, 129, 182, 219, 220, 225, 236, 240, 286, 291, 297]
304: [6, 12, 33, 41, 70, 72, 151, 156, 157, 160, 211, 231, 232, 237, 250, 258, 263]
305: [8, 11, 57, 68, 73, 101, 109, 114, 128, 142, 166, 183, 191, 224, 237, 281, 293, 303]
306: [39, 42, 58, 75, 114, 132, 148, 184, 185, 222, 233, 238, 243, 294, 300]
307: [36, 73, 149, 151, 163, 240, 249, 253, 261, 266]
308: [2, 14, 51, 60, 71, 95, 104, 117, 121, 145, 160, 194, 227, 230, 235, 240, 255, 284, 301]
309: [26, 45, 66, 77, 78, 106, 172, 188, 225, 287, 302, 303]
310: [3, 18, 39, 44, 52, 106, 142, 152, 154, 166, 188, 198, 212, 233, 238, 256, 264, 269, 293]
311: [5, 17, 58, 79, 107, 115, 120, 132, 148, 184, 222, 230, 235, 287]
312: [48, 73, 74, 81, 85, 90, 104, 105, 138, 159, 164, 180, 191, 196, 228, 240, 254, 306, 311]
313: [14, 42, 47, 65, 66, 104, 157, 162, 186, 191, 194, 240, 245, 255, 259, 272, 296]
314: [8, 13, 16, 20, 45, 61, 77, 110, 122, 123, 132, 135, 137, 156, 166, 187, 200, 225, 233, 238, 290, 291, 297, 306]
315: [42, 51, 63, 76, 82, 84, 89, 106, 133, 166, 183, 188, 199, 231, 247, 248, 256, 302, 309]
316: [17, 68, 73, 74, 82, 107, 130, 139, 160, 163, 165, 172, 197, 248, 262, 263, 269, 275, 287]
317: [10, 16, 23, 25, 48, 84, 90, 125, 126, 135, 138, 228, 236, 241, 254, 264]
318: [21, 26, 71, 79, 81, 86, 87, 92, 175, 202, 240, 245, 259, 271, 296, 301, 306, 312, 317]
319: [20, 53, 71, 76, 110, 126, 127, 161, 163, 167, 168, 171, 182, 200, 251, 278, 290]
320: [19, 51, 82, 128, 129, 133, 141, 172, 231, 239, 244, 252, 272]
321: [68, 73, 82, 83, 95, 98, 158, 164, 170, 172, 184, 194, 205, 262, 263, 270, 315, 320]
322: [23, 44, 56, 61, 80, 113, 166, 203, 281, 293, 310]
323: [17, 22, 26, 54, 132, 137, 141, 144, 175, 180, 234, 242, 246, 247, 265]
324: [1, 22, 26, 82, 85, 96, 98, 147, 175, 187, 192, 208, 213, 246, 256, 265, 271, 307, 323]
325: [2, 26, 28, 59, 64, 73, 88, 116, 133, 142, 143, 148, 158, 166, 174, 177, 182, 186, 187, 198, 206, 243, 247, 253, 256, 262, 284, 289, 296, 308]
326: [8, 25, 45, 57, 68, 89, 135, 147, 173, 188, 218, 237, 250, 258, 260, 263, 273, 279, 299]
327: [14, 35, 39, 88, 101, 140, 169, 178, 211, 216, 255, 260, 268, 279, 310]
328: [29, 62, 90, 95, 119, 136, 175, 177, 190, 196, 209, 251, 265, 287, 292, 299]
329: [60, 138, 150, 176, 202, 240, 246, 253, 257, 276]
330: [1, 36, 78, 91, 104, 127, 138, 181, 202, 219, 246, 271, 329]
331: [3, 24, 32, 34, 65, 70, 78, 108, 122, 180, 200, 204, 212, 249, 259, 273, 283, 288, 295, 302, 309]
332: [4, 30, 31, 63, 85, 89, 90, 94, 141, 146, 153, 184, 190, 195, 220, 243, 255, 256, 261, 274, 279, 289, 315]
333: [4, 10, 15, 31, 66, 86, 94, 107, 110, 141, 146, 184, 190, 195, 200, 201, 211, 217, 251, 261, 274, 285, 311, 332]
334: [12, 22, 32, 73, 82, 101, 111, 122, 125, 183, 188, 197, 202, 215, 216, 241, 247, 271, 302, 305, 317]
335: [34, 39, 66, 93, 96, 102, 147, 149, 156, 161, 172, 197, 246, 257, 259, 263, 306, 313]
336: [3, 7, 13, 23, 24, 64, 110, 115, 125, 187, 188, 189, 212, 250, 277, 278, 298, 300, 335]
337: [24, 38, 63, 76, 95, 105, 128, 186, 191, 218, 255, 279, 301, 308]
338: [15, 26, 37, 42, 69, 94, 95, 100, 135, 136, 141, 146, 151, 152, 159, 184, 185, 190, 195, 205, 216, 249, 256, 262, 267, 274, 280, 290, 321]
339: [3, 10, 26, 35, 37, 82, 87, 100, 113, 118, 125, 137, 142, 151, 152, 166, 182, 190, 196, 207, 215, 222, 228, 236, 280, 281, 296, 305, 317, 321, 322, 336, 338]
340: [17, 23, 33, 79, 97, 107, 112, 131, 156, 194, 203, 212, 221, 226, 258, 287, 304, 311, 336]
341: [7, 39, 40, 49, 72, 162, 187, 195, 213, 270, 277, 288, 303, 319]
342: [6, 13, 29, 30, 38, 90, 95, 114, 116, 121, 128, 145, 150, 199, 231, 235, 283, 284, 294, 308, 325, 341]
343: [15, 25, 31, 35, 69, 82, 86, 87, 115, 141, 159, 197, 200, 201, 249, 256, 290, 307, 311, 312, 321, 339]
344: [10, 32, 36, 42, 48, 81, 100, 147, 158, 190, 202, 242, 268, 273, 280, 291, 326]
345: [9, 14, 41, 43, 98, 117, 124, 131, 153, 221, 234]
346: [4, 29, 39, 72, 85, 90, 104, 113, 162, 179, 190, 200, 213, 223, 240, 252, 264, 288, 298, 299, 300, 310, 313, 315, 342]
347: [13, 34, 35, 40, 45, 51, 103, 129, 140, 161, 166, 193, 204, 276, 283, 299, 325]
348: [12, 17, 41, 44, 45, 91, 127, 130, 134, 135, 151, 224, 237, 242, 295, 310, 314, 316]
349: [31, 32, 71, 75, 86, 88, 92, 93, 152, 203, 207, 212, 216, 255, 271, 317, 318]
350: [16, 37, 54, 106, 122, 137, 148, 153, 158, 164, 169, 196, 211, 263, 268, 279, 286, 302, 327]
351: [15, 20, 44, 47, 60, 88, 104, 125, 130, 137, 159, 203, 214, 227, 233, 240, 245, 308, 313, 317, 334, 338]
352: [29, 45, 49, 78, 90, 91, 96, 134, 168, 205, 206, 211, 254, 258, 270, 321, 330, 348]
353: [19, 30, 36, 57, 76, 101, 109, 167, 172, 199, 206, 289, 305, 315]
354: [18, 23, 46, 50, 102, 133, 140, 141, 156, 211, 212, 230, 236, 248, 252, 262, 267, 272, 320, 327]
355: [12, 46, 82, 99, 103, 147, 171, 172, 208, 209, 213, 214, 261, 263, 282, 307, 324, 351]
356: [22, 53, 58, 60, 90, 104, 112, 133, 139, 143, 154, 175, 202, 204, 209, 223, 274, 285, 290, 292, 354]
357: [26, 35, 40, 44, 53, 54, 59, 136, 139, 141, 143, 175, 210, 214, 224, 225, 233, 235, 251, 309, 319, 323, 324]
358: [15, 45, 46, 50, 84, 102, 106, 156, 174, 211, 212, 217, 220, 255, 264, 271, 310, 327, 354]
359: [25, 37, 68, 72, 102, 115, 156, 157, 178, 205, 231, 241, 267, 276, 288, 295, 311]
360: [12, 27, 29, 47, 56, 81, 98, 118, 137, 139, 141, 144, 146, 153, 156, 216, 217, 236, 242, 254, 268, 273, 286, 302, 323, 327, 328]
361: [20, 48, 58, 63, 87, 105, 110, 112, 154, 177, 202, 204, 214, 215, 220, 248, 264, 267, 292, 298, 324, 330, 335, 357]
362: [5, 28, 53, 55, 59, 64, 66, 69, 71, 85, 118, 143, 145, 181, 208, 270, 291, 296, 324]
363: [21, 32, 37, 41, 46, 55, 59, 84, 101, 121, 140, 142, 145, 147, 149, 155, 161, 166, 174, 239, 245, 257, 262, 264, 265, 271, 275, 325, 329, 335, 354]
364: [25, 47, 90, 96, 108, 115, 146, 180, 205, 223, 236, 246, 267, 270, 295, 316, 336, 338]
365: [31, 52, 56, 57, 74, 108, 121, 141, 158, 162, 173, 184, 189, 198, 211, 218, 236, 237, 258, 268, 299, 301, 326, 332, 333, 342]
366: [40, 54, 62, 87, 94, 110, 115, 150, 152, 163, 164, 219, 242, 249, 254, 260, 265, 299, 323, 328, 333, 343, 357]
367: [1, 3, 54, 64, 93, 111, 118, 125, 165, 208, 226, 244, 273, 275, 298, 300, 324, 329, 336, 339, 341, 355, 363]
368: [1, 46, 59, 60, 124, 145, 149, 160, 171, 187, 192, 211, 214, 239, 302, 331]
369: [43, 71, 90, 96, 102, 153, 167, 172, 180, 216, 217, 263, 268, 270, 271, 272, 321, 327, 335, 336, 360]
370: [4, 31, 42, 47, 53, 96, 103, 113, 114, 117, 119, 121, 126, 147, 208, 211, 223, 229, 232, 242, 252, 257, 273, 278, 283, 301, 326, 339, 342, 344, 352]
371: [54, 62, 68, 80, 148, 152, 153, 190, 195, 200, 242, 253, 305, 329, 332, 333, 339, 343]
372: [3, 41, 46, 59, 75, 79, 93, 124, 149, 156, 165, 183, 249, 254, 266, 270, 271, 273, 275, 295, 329, 335, 339, 349, 363]
373: [7, 26, 34, 35, 70, 122, 124, 160, 165, 166, 214, 232, 237, 250, 260, 285, 304, 331, 347, 350]
374: [37, 52, 65, 83, 155, 198, 245, 251, 256, 261, 267, 271, 277, 281, 282, 308, 335, 336, 351]
375: [6, 17, 49, 67, 82, 96, 106, 159, 162, 163, 164, 168, 186, 211, 274, 276, 283, 288, 343, 366]
376: [37, 90, 125, 163, 217, 219, 235, 240, 253, 263, 264, 268, 307, 324, 355, 358, 369]
377: [34, 68, 74, 75, 79, 84, 86, 115, 158, 160, 165, 179, 205, 248, 249, 254, 275, 311, 315, 316, 335, 338, 349, 359]
378: [9, 51, 52, 99, 161, 167, 189, 226, 250, 260, 277, 279, 336, 350, 369]
379: [18, 40, 112, 128, 130, 146, 202, 220, 238, 243, 246, 310, 332, 351, 353, 356]
380: [7, 53, 63, 71, 87, 89, 92, 94, 113, 161, 162, 167, 178, 204, 207, 228, 251, 286, 288, 319, 341, 342, 347, 357, 362, 367]
381: [3, 12, 55, 73, 102, 165, 170, 192, 229, 280, 282, 339, 363, 372]
382: [43, 89, 99, 110, 120, 131, 133, 223, 246, 274, 279, 285, 289, 290, 313, 354, 356]
383: [6, 61, 164, 170, 176, 207, 212, 254, 270, 322, 344, 355]
384: [1, 6, 7, 11, 15, 58, 63, 81, 86, 105, 106, 173, 195, 197, 216, 227, 236, 237, 283, 285, 287, 288, 332, 337, 371, 375]
385: [8, 12, 13, 24, 46, 113, 123, 134, 136, 139, 177, 226, 236, 249, 277, 283, 316, 359, 364, 372, 378]
386: [12, 18, 19, 54, 77, 98, 100, 102, 124, 167, 192, 210, 215, 229, 325, 347]
387: [4, 40, 55, 61, 65, 66, 108, 176, 190, 198, 223, 225, 269, 274, 284, 286, 288, 291, 325]
388: [5, 15, 27, 49, 51, 74, 90, 137, 139, 142, 164, 171, 180, 195, 226, 229, 231, 252, 254, 286, 291, 346, 360, 362, 365, 367]
389: [1, 2, 7, 71, 80, 91, 103, 105, 106, 111, 117, 177, 191, 195, 218, 232, 251, 285, 328, 337, 347, 350]
390: [1, 21, 22, 64, 69, 86, 179, 197, 201, 202, 226, 277, 283, 288, 289, 291, 292, 294, 298, 338, 343, 348, 367]
391: [4, 8, 9, 30, 35, 44, 52, 64, 77, 113, 119, 140, 145, 160, 164, 167, 194, 198, 232, 255, 257, 260, 280, 283, 284, 304, 322, 347, 365, 368, 370, 373, 383]
392: [5, 65, 70, 106, 108, 175, 184, 189, 198, 199, 200, 204, 216, 221, 235, 263, 279, 284, 288, 331, 350, 353, 369, 374, 375, 378, 384]
393: [5, 11, 15, 24, 49, 71, 72, 110, 114, 121, 126, 139, 140, 171, 182, 185, 187, 195, 204, 205, 229, 231, 241, 285, 286, 292, 294, 296, 297, 319, 341, 365]
394: [2, 6, 21, 26, 33, 38, 62, 67, 80, 106, 116, 122, 148, 170, 187, 235, 258, 260, 292, 325, 347, 350, 371, 373, 386]
395: [16, 21, 63, 109, 111, 114, 118, 122, 128, 192, 201, 224, 227, 291, 297, 302, 303, 334, 339, 381]
396: [9, 19, 64, 75, 103, 119, 124, 142, 190, 232, 273, 298, 300, 344, 370, 389]
397: [14, 36, 41, 69, 75, 83, 104, 151, 173, 209, 210, 261, 263, 266, 294, 300, 345, 353, 376]
398: [2, 24, 26, 30, 210, 227, 231, 236, 294, 337, 342, 384]
399: [26, 55, 78, 121, 136, 145, 162, 193, 206, 235, 292, 301, 303, 325, 357]
400: [8, 44, 77, 86, 131, 133, 154, 157, 176, 183, 202, 264, 266, 269, 356, 358, 379, 391]
401: [5, 10, 27, 115, 117, 119, 120, 203, 207, 278, 294, 297, 299, 345, 388, 393]
402: [15, 29, 39, 58, 70, 75, 81, 90, 105, 114, 135, 148, 150, 190, 191, 196, 199, 219, 238, 289, 306, 311, 314, 328, 335, 360, 384]
403: [11, 40, 42, 47, 80, 89, 110, 115, 157, 162, 179, 186, 200, 205, 246, 269, 272, 290, 296, 301, 351, 359, 380, 382]
404: [8, 13, 16, 30, 67, 91, 117, 120, 123, 126, 136, 176, 210, 221, 233, 238, 292, 297, 300, 348, 352, 386, 390, 401]
405: [23, 32, 61, 78, 84, 123, 127, 133, 137, 151, 157, 199, 241, 243, 291, 297, 309, 314, 317, 331, 358]
406: [2, 14, 33, 50, 92, 115, 118, 129, 160, 182, 184, 228, 239, 249, 275, 278, 362, 385]
407: [11, 16, 25, 33, 44, 110, 123, 126, 130, 134, 209, 213, 236, 241, 289, 294, 303, 304, 305, 319, 340, 351, 355, 385, 393, 404]
408: [30, 61, 64, 76, 87, 92, 125, 130, 131, 135, 154, 202, 220, 230, 236, 241, 244, 246, 317, 334, 351, 361, 390, 391, 400, 405]
409: [5, 53, 95, 126, 163, 168, 185, 187, 231, 261, 275, 278, 291, 307, 362, 365, 376, 388, 393, 401, 406]
410: [14, 19, 32, 36, 61, 73, 102, 128, 129, 132, 156, 177, 183, 216, 238, 244, 303, 306, 312, 354, 358, 396, 402, 408]
411: [24, 33, 55, 64, 67, 84, 95, 157, 194, 205, 210, 223, 244, 247, 303, 304, 308, 313, 315, 318, 320, 337, 362, 398, 409]
412: [8, 19, 33, 34, 50, 56, 60, 61, 123, 129, 171, 188, 190, 195, 214, 219, 229, 278, 281, 286, 303, 314, 319, 339, 355, 368, 370, 391, 393, 396, 410]
413: [17, 22, 26, 39, 40, 55, 60, 64, 129, 132, 137, 186, 215, 219, 225, 230, 235, 240, 244, 246, 247, 251, 309, 325, 334, 357, 362, 366, 399, 410, 411]
414: [5, 17, 27, 66, 70, 91, 95, 98, 136, 142, 160, 185, 187, 192, 208, 213, 250, 252, 266, 275, 311, 321, 323, 331, 340, 341, 362, 401]
415: [11, 36, 47, 52, 59, 64, 101, 126, 171, 198, 216, 237, 253, 281, 284, 289, 308, 396, 399, 407]
416: [4, 25, 42, 67, 75, 124, 132, 135, 140, 148, 189, 199, 223, 234, 238, 247, 250, 268, 323, 359, 360, 365, 370, 402]
417: [8, 25, 45, 85, 98, 101, 134, 144, 149, 188, 211, 229, 253, 270, 278, 319, 326, 355, 368, 370, 404]
418: [36, 39, 55, 62, 65, 67, 70, 81, 129, 136, 146, 150, 176, 177, 219, 245, 246, 251, 287, 292, 306, 309, 311, 335, 399, 402, 405, 410, 415]
419: [28, 51, 70, 87, 138, 143, 146, 160, 197, 201, 231, 241, 250, 252, 253, 257, 291, 340, 357, 362, 363, 368, 416, 417]
420: [11, 47, 101, 104, 191, 193, 198, 214, 219, 242, 281, 358, 371, 412]
421: [24, 42, 49, 53, 63, 65, 70, 105, 132, 134, 139, 143, 144, 159, 180, 222, 228, 290, 295, 312, 323, 402, 405, 410, 413, 418]
422: [31, 59, 64, 73, 120, 141, 144, 146, 163, 200, 230, 234, 244, 253, 254, 256, 260, 319, 325, 329, 339, 343, 366, 371, 419]
423: [14, 60, 81, 104, 107, 112, 136, 141, 160, 194, 217, 222, 235, 261, 265, 284, 332, 366, 371, 374]
424: [22, 45, 61, 66, 68, 73, 76, 86, 135, 137, 142, 183, 188, 197, 225, 236, 241, 257, 266, 281, 298, 307, 315, 317, 326, 387, 405, 408, 413, 417]
425: [34, 39, 72, 76, 149, 151, 152, 166, 193, 232, 242, 253, 256, 263, 264, 307, 327, 346, 347, 373, 374, 422]
426: [17, 34, 49, 55, 64, 68, 73, 75, 110, 115, 168, 179, 183, 197, 225, 287, 335, 349, 364, 375, 377, 424]
427: [35, 48, 76, 79, 114, 154, 191, 214, 228, 244, 301, 315, 318, 408, 410, 411, 416, 420]
428: [37, 42, 65, 70, 75, 79, 86, 151, 152, 160, 169, 196, 259, 267, 311, 335, 349, 377, 426]
429: [3, 20, 47, 76, 81, 82, 110, 113, 118, 147, 161, 200, 207, 251, 261, 286, 290, 338, 343, 347, 351, 371, 380, 422]
430: [27, 33, 38, 51, 62, 66, 72, 79, 83, 141, 142, 143, 157, 189, 194, 197, 201, 208, 227, 231, 252, 253, 257, 304, 308, 313, 321, 337, 362, 398, 411, 414, 419]
431: [34, 39, 40, 45, 82, 144, 155, 172, 189, 254, 258, 262, 268, 270, 309, 352, 358, 413]
432: [6, 23, 35, 69, 95, 113, 121, 150, 174, 184, 200, 203, 210, 214, 231, 245, 259, 264, 265, 293, 341, 346, 380, 383]
433: [82, 90, 144, 146, 192, 197, 234, 250, 256, 266, 307, 324, 355, 376, 414, 422]
434: [32, 42, 43, 48, 81, 85, 86, 92, 142, 152, 158, 163, 166, 171, 175, 197, 202, 256, 257, 265, 273, 312, 355, 383, 388, 412, 427]
435: [9, 26, 28, 68, 77, 124, 137, 153, 182, 192, 206, 234, 239, 258, 262, 296, 368, 373, 386, 393]
436: [14, 35, 39, 82, 85, 88, 90, 147, 178, 188, 200, 310, 315, 324, 327, 352, 417, 424, 425, 433]
437: [4, 51, 94, 110, 113, 159, 161, 164, 166, 178, 269, 276, 280, 293, 295, 305, 310, 325, 359, 375, 383, 386, 391]
438: [12, 17, 29, 36, 80, 91, 101, 127, 135, 144, 156, 180, 209, 211, 237, 242, 266, 275, 299, 326, 352, 360, 370, 381, 389, 414]
439: [42, 60, 86, 88, 92, 175, 176, 196, 203, 212, 221, 240, 271, 313, 318, 351, 355, 382, 411, 427, 428, 432]
440: [1, 7, 12, 26, 33, 43, 54, 91, 103, 111, 116, 153, 157, 164, 181, 182, 192, 206, 222, 271, 279, 292, 296, 323, 357, 363, 366, 372, 383, 386, 389, 394]
441: [8, 15, 20, 44, 57, 103, 122, 130, 135, 147, 199, 209, 212, 237, 245, 269, 283, 293, 302, 348, 353, 355, 358, 363, 384, 392, 404, 417, 439]
442: [4, 45, 88, 91, 96, 145, 174, 178, 189, 194, 206, 211, 243, 264, 268, 270, 321, 333, 358, 364, 370, 400, 431]
443: [10, 29, 57, 85, 91, 94, 119, 151, 167, 172, 206, 209, 261, 266, 270, 282, 287, 355, 376, 381, 397]
444: [23, 60, 106, 111, 133, 150, 212, 240, 248, 262, 266, 302, 307, 330, 356, 358, 363, 376, 420, 442]
445: [1, 7, 13, 43, 92, 99, 181, 182, 187, 209, 213, 214, 228, 246, 271, 273, 318, 324, 357, 361, 368, 382, 434, 439]
446: [23, 32, 44, 60, 104, 122, 175, 183, 188, 193, 198, 212, 244, 254, 270, 279, 285, 290, 302, 338, 350, 373, 378, 383, 384, 392, 400, 410, 423, 429, 434]
447: [9, 26, 63, 94, 109, 110, 136, 141, 153, 179, 200, 215, 243, 251, 265, 270, 274, 285, 325, 330, 333, 361, 366, 380, 423, 429, 435]
448: [4, 5, 94, 96, 102, 115, 156, 184, 212, 270, 274, 275, 290, 327, 364, 370, 406, 426, 436, 437, 442, 446]
449: [35, 37, 68, 96, 166, 178, 251, 262, 267, 281, 293, 305, 327, 382, 403, 436, 437]
450: [7, 29, 47, 82, 102, 103, 139, 156, 158, 163, 211, 223, 236, 237, 246, 251, 254, 267, 268, 271, 316, 336, 364, 366, 369, 383, 422, 426, 438, 448]
