Description:

Following is a problem description of Graph Coloring Problem. It contains two section.

1. Problem's data description
2. The adjacency list representation of that specific problem.

Please calculate the best solution for this problem, which is the minimum number of colors needed to color the graph such that no two adjacent nodes have the same color.


[GCP_DATA_INFO]
Type: GCP, Graph Coloring Problem
Node: 100
Edge: 2940

[ADJACENCY_List]
2: [1]
3: [1, 2]
4: [1, 2, 3]
5: [1, 2, 3, 4]
6: [1, 2, 3, 4, 5]
7: [1, 2, 3, 4, 5, 6]
8: [1, 2, 3, 4, 5, 6, 7]
9: [1, 2, 3, 4, 5, 6, 7, 8]
10: [1, 2, 3, 4, 5, 6, 7, 8, 9]
11: [1, 2]
12: [1, 2, 3, 11]
13: [2, 3, 4, 11, 12]
14: [3, 4, 5, 11, 12, 13]
15: [4, 5, 6, 11, 12, 13, 14]
16: [5, 6, 7, 11, 12, 13, 14, 15]
17: [6, 7, 8, 11, 12, 13, 14, 15, 16]
18: [7, 8, 9, 11, 12, 13, 14, 15, 16, 17]
19: [8, 9, 10, 11, 12, 13, 14, 15, 16, 17, 18]
20: [9, 10, 11, 12, 13, 14, 15, 16, 17, 18, 19]
21: [1, 3, 11, 12]
22: [2, 4, 11, 12, 13, 21]
23: [1, 3, 5, 12, 13, 14, 21, 22]
24: [2, 4, 6, 13, 14, 15, 21, 22, 23]
25: [3, 5, 7, 14, 15, 16, 21, 22, 23, 24]
26: [4, 6, 8, 15, 16, 17, 21, 22, 23, 24, 25]
27: [5, 7, 9, 16, 17, 18, 21, 22, 23, 24, 25, 26]
28: [6, 8, 10, 17, 18, 19, 21, 22, 23, 24, 25, 26, 27]
29: [7, 9, 18, 19, 20, 21, 22, 23, 24, 25, 26, 27, 28]
30: [8, 10, 19, 20, 21, 22, 23, 24, 25, 26, 27, 28, 29]
31: [1, 4, 11, 13, 21, 22]
32: [2, 5, 12, 14, 21, 22, 23, 31]
33: [3, 6, 11, 13, 15, 22, 23, 24, 31, 32]
34: [1, 4, 7, 12, 14, 16, 23, 24, 25, 31, 32, 33]
35: [2, 5, 8, 13, 15, 17, 24, 25, 26, 31, 32, 33, 34]
36: [3, 6, 9, 14, 16, 18, 25, 26, 27, 31, 32, 33, 34, 35]
37: [4, 7, 10, 15, 17, 19, 26, 27, 28, 31, 32, 33, 34, 35, 36]
38: [5, 8, 16, 18, 20, 27, 28, 29, 31, 32, 33, 34, 35, 36, 37]
39: [6, 9, 17, 19, 28, 29, 30, 31, 32, 33, 34, 35, 36, 37, 38]
40: [7, 10, 18, 20, 29, 30, 31, 32, 33, 34, 35, 36, 37, 38, 39]
41: [1, 5, 11, 14, 21, 23, 31, 32]
42: [2, 6, 12, 15, 22, 24, 31, 32, 33, 41]
43: [3, 7, 13, 16, 21, 23, 25, 32, 33, 34, 41, 42]
44: [4, 8, 11, 14, 17, 22, 24, 26, 33, 34, 35, 41, 42, 43]
45: [1, 5, 9, 12, 15, 18, 23, 25, 27, 34, 35, 36, 41, 42, 43, 44]
46: [2, 6, 10, 13, 16, 19, 24, 26, 28, 35, 36, 37, 41, 42, 43, 44, 45]
47: [3, 7, 14, 17, 20, 25, 27, 29, 36, 37, 38, 41, 42, 43, 44, 45, 46]
48: [4, 8, 15, 18, 26, 28, 30, 37, 38, 39, 41, 42, 43, 44, 45, 46, 47]
49: [5, 9, 16, 19, 27, 29, 38, 39, 40, 41, 42, 43, 44, 45, 46, 47, 48]
50: [6, 10, 17, 20, 28, 30, 39, 40, 41, 42, 43, 44, 45, 46, 47, 48, 49]
51: [1, 6, 11, 15, 21, 24, 31, 33, 41, 42]
52: [2, 7, 12, 16, 22, 25, 32, 34, 41, 42, 43, 51]
53: [3, 8, 13, 17, 23, 26, 31, 33, 35, 42, 43, 44, 51, 52]
54: [4, 9, 14, 18, 21, 24, 27, 32, 34, 36, 43, 44, 45, 51, 52, 53]
55: [5, 10, 11, 15, 19, 22, 25, 28, 33, 35, 37, 44, 45, 46, 51, 52, 53, 54]
56: [1, 6, 12, 16, 20, 23, 26, 29, 34, 36, 38, 45, 46, 47, 51, 52, 53, 54, 55]
57: [2, 7, 13, 17, 24, 27, 30, 35, 37, 39, 46, 47, 48, 51, 52, 53, 54, 55, 56]
58: [3, 8, 14, 18, 25, 28, 36, 38, 40, 47, 48, 49, 51, 52, 53, 54, 55, 56, 57]
59: [4, 9, 15, 19, 26, 29, 37, 39, 48, 49, 50, 51, 52, 53, 54, 55, 56, 57, 58]
60: [5, 10, 16, 20, 27, 30, 38, 40, 49, 50, 51, 52, 53, 54, 55, 56, 57, 58, 59]
61: [1, 7, 11, 16, 21, 25, 31, 34, 41, 43, 51, 52]
62: [2, 8, 12, 17, 22, 26, 32, 35, 42, 44, 51, 52, 53, 61]
63: [3, 9, 13, 18, 23, 27, 33, 36, 41, 43, 45, 52, 53, 54, 61, 62]
64: [4, 10, 14, 19, 24, 28, 31, 34, 37, 42, 44, 46, 53, 54, 55, 61, 62, 63]
65: [5, 15, 20, 21, 25, 29, 32, 35, 38, 43, 45, 47, 54, 55, 56, 61, 62, 63, 64]
66: [6, 11, 16, 22, 26, 30, 33, 36, 39, 44, 46, 48, 55, 56, 57, 61, 62, 63, 64, 65]
67: [1, 7, 12, 17, 23, 27, 34, 37, 40, 45, 47, 49, 56, 57, 58, 61, 62, 63, 64, 65, 66]
68: [2, 8, 13, 18, 24, 28, 35, 38, 46, 48, 50, 57, 58, 59, 61, 62, 63, 64, 65, 66, 67]
69: [3, 9, 14, 19, 25, 29, 36, 39, 47, 49, 58, 59, 60, 61, 62, 63, 64, 65, 66, 67, 68]
70: [4, 10, 15, 20, 26, 30, 37, 40, 48, 50, 59, 60, 61, 62, 63, 64, 65, 66, 67, 68, 69]
71: [1, 8, 11, 17, 21, 26, 31, 35, 41, 44, 51, 53, 61, 62]
72: [2, 9, 12, 18, 22, 27, 32, 36, 42, 45, 52, 54, 61, 62, 63, 71]
73: [3, 10, 13, 19, 23, 28, 33, 37, 43, 46, 51, 53, 55, 62, 63, 64, 71, 72]
74: [4, 14, 20, 24, 29, 34, 38, 41, 44, 47, 52, 54, 56, 63, 64, 65, 71, 72, 73]
75: [5, 15, 25, 30, 31, 35, 39, 42, 45, 48, 53, 55, 57, 64, 65, 66, 71, 72, 73, 74]
76: [6, 16, 21, 26, 32, 36, 40, 43, 46, 49, 54, 56, 58, 65, 66, 67, 71, 72, 73, 74, 75]
77: [7, 11, 17, 22, 27, 33, 37, 44, 47, 50, 55, 57, 59, 66, 67, 68, 71, 72, 73, 74, 75, 76]
78: [1, 8, 12, 18, 23, 28, 34, 38, 45, 48, 56, 58, 60, 67, 68, 69, 71, 72, 73, 74, 75, 76, 77]
79: [2, 9, 13, 19, 24, 29, 35, 39, 46, 49, 57, 59, 68, 69, 70, 71, 72, 73, 74, 75, 76, 77, 78]
80: [3, 10, 14, 20, 25, 30, 36, 40, 47, 50, 58, 60, 69, 70, 71, 72, 73, 74, 75, 76, 77, 78, 79]
81: [1, 9, 11, 18, 21, 27, 31, 36, 41, 45, 51, 54, 61, 63, 71, 72]
82: [2, 10, 12, 19, 22, 28, 32, 37, 42, 46, 52, 55, 62, 64, 71, 72, 73, 81]
83: [3, 13, 20, 23, 29, 33, 38, 43, 47, 53, 56, 61, 63, 65, 72, 73, 74, 81, 82]
84: [4, 14, 24, 30, 34, 39, 44, 48, 51, 54, 57, 62, 64, 66, 73, 74, 75, 81, 82, 83]
85: [5, 15, 25, 35, 40, 41, 45, 49, 52, 55, 58, 63, 65, 67, 74, 75, 76, 81, 82, 83, 84]
86: [6, 16, 26, 31, 36, 42, 46, 50, 53, 56, 59, 64, 66, 68, 75, 76, 77, 81, 82, 83, 84, 85]
87: [7, 17, 21, 27, 32, 37, 43, 47, 54, 57, 60, 65, 67, 69, 76, 77, 78, 81, 82, 83, 84, 85, 86]
88: [8, 11, 18, 22, 28, 33, 38, 44, 48, 55, 58, 66, 68, 70, 77, 78, 79, 81, 82, 83, 84, 85, 86, 87]
89: [1, 9, 12, 19, 23, 29, 34, 39, 45, 49, 56, 59, 67, 69, 78, 79, 80, 81, 82, 83, 84, 85, 86, 87, 88]
90: [2, 10, 13, 20, 24, 30, 35, 40, 46, 50, 57, 60, 68, 70, 79, 80, 81, 82, 83, 84, 85, 86, 87, 88, 89]
91: [1, 10, 11, 19, 21, 28, 31, 37, 41, 46, 51, 55, 61, 64, 71, 73, 81, 82]
92: [2, 12, 20, 22, 29, 32, 38, 42, 47, 52, 56, 62, 65, 72, 74, 81, 82, 83, 91]
93: [3, 13, 23, 30, 33, 39, 43, 48, 53, 57, 63, 66, 71, 73, 75, 82, 83, 84, 91, 92]
94: [4, 14, 24, 34, 40, 44, 49, 54, 58, 61, 64, 67, 72, 74, 76, 83, 84, 85, 91, 92, 93]
95: [5, 15, 25, 35, 45, 50, 51, 55, 59, 62, 65, 68, 73, 75, 77, 84, 85, 86, 91, 92, 93, 94]
96: [6, 16, 26, 36, 41, 46, 52, 56, 60, 63, 66, 69, 74, 76, 78, 85, 86, 87, 91, 92, 93, 94, 95]
97: [7, 17, 27, 31, 37, 42, 47, 53, 57, 64, 67, 70, 75, 77, 79, 86, 87, 88, 91, 92, 93, 94, 95, 96]
98: [8, 18, 21, 28, 32, 38, 43, 48, 54, 58, 65, 68, 76, 78, 80, 87, 88, 89, 91, 92, 93, 94, 95, 96, 97]
99: [9, 11, 19, 22, 29, 33, 39, 44, 49, 55, 59, 66, 69, 77, 79, 88, 89, 90, 91, 92, 93, 94, 95, 96, 97, 98]
100: [1, 10, 12, 20, 23, 30, 34, 40, 45, 50, 56, 60, 67, 70, 78, 80, 89, 90, 91, 92, 93, 94, 95, 96, 97, 98, 99]
