Description:

Following is a problem description of Graph Coloring Problem. It contains two section.

1. Problem's data description
2. The adjacency list representation of that specific problem.

Please calculate the best solution for this problem, which is the minimum number of colors needed to color the graph such that no two adjacent nodes have the same color.


[GCP_DATA_INFO]
Type: GCP, Graph Coloring Problem
Node: 125
Edge: 3891

[ADJACENCY_List]
2: [1]
3: [1]
4: [1, 2, 3]
5: [1, 2, 3]
6: [1, 2, 3, 4]
7: [2, 3, 6]
8: [3, 5]
9: [5]
10: [1, 2, 3, 4, 6, 7, 8]
11: [1, 2, 5, 6, 8, 9]
12: [1, 4, 5, 7, 8, 9, 11]
13: [1, 2, 3, 5, 8, 9, 11, 12]
14: [2, 3, 4, 7, 8, 10]
15: [1, 2, 5, 8, 10, 12, 13]
16: [1, 4, 5, 8, 9, 10, 13]
17: [1, 3, 4, 5, 6, 8, 9, 10, 12, 13, 15, 16]
18: [1, 2, 3, 4, 6, 7, 8, 12, 13, 15]
19: [6, 7, 10, 15, 16, 18]
20: [5, 7, 11, 12, 13, 14, 17, 18, 19]
21: [1, 2, 4, 6, 7, 8, 9, 10, 12, 13, 15, 16, 18]
22: [1, 9, 11, 13, 15, 16, 17, 18, 19, 21]
23: [2, 4, 6, 9, 11, 16, 17, 18, 19, 20, 22]
24: [3, 4, 5, 7, 8, 9, 12, 13, 14, 16, 19, 20, 21, 22, 23]
25: [1, 3, 4, 7, 9, 10, 11, 13, 16, 17, 18, 20, 22, 23, 24]
26: [1, 2, 6, 7, 8, 10, 12, 15, 16, 17, 18, 19, 20, 21, 23, 24, 25]
27: [1, 2, 4, 9, 10, 16, 17, 18, 19, 20, 21, 23, 25]
28: [1, 2, 3, 6, 10, 11, 18, 22, 23, 24, 26]
29: [1, 4, 6, 8, 10, 13, 14, 15, 16, 17, 21, 22, 23, 24, 25, 27, 28]
30: [1, 2, 3, 4, 5, 10, 11, 12, 15, 16, 17, 18, 20, 23, 25, 26, 27, 28]
31: [2, 5, 7, 10, 11, 14, 15, 16, 18, 19, 20, 21, 23, 25, 29]
32: [1, 2, 3, 4, 7, 9, 11, 12, 17, 18, 25, 28, 29]
33: [1, 2, 3, 8, 10, 12, 13, 15, 16, 19, 21, 22, 24, 26, 27, 28, 29, 32]
34: [2, 3, 4, 6, 9, 11, 12, 16, 17, 19, 20, 22, 24, 25, 26, 28, 33]
35: [2, 4, 5, 7, 8, 9, 13, 14, 17, 18, 19, 23, 24, 25, 27, 30, 32, 34]
36: [1, 3, 6, 7, 8, 10, 12, 13, 15, 16, 17, 18, 22, 26, 28, 30, 31, 32, 33, 34]
37: [1, 2, 3, 6, 7, 9, 10, 11, 14, 15, 16, 19, 21, 22, 25, 30, 31, 32, 33, 36]
38: [1, 6, 7, 8, 9, 10, 14, 16, 19, 21, 22, 23, 24, 26, 28, 29, 30, 31, 32, 35]
39: [2, 4, 7, 12, 13, 14, 16, 17, 18, 19, 25, 27, 28, 35]
40: [1, 2, 3, 4, 7, 9, 10, 11, 14, 19, 21, 25, 26, 27, 29, 33, 37, 38]
41: [3, 4, 5, 10, 11, 12, 13, 15, 19, 20, 21, 22, 24, 26, 30, 31, 33, 35, 40]
42: [2, 3, 6, 14, 16, 20, 24, 25, 26, 28, 33, 34, 36, 38, 40]
43: [3, 4, 7, 8, 11, 12, 13, 14, 15, 17, 18, 20, 23, 24, 25, 26, 31, 32, 33, 37, 38, 39]
44: [2, 3, 5, 6, 7, 10, 14, 20, 21, 23, 24, 25, 26, 28, 29, 34, 35, 36, 38, 39, 40, 41, 42, 43]
45: [1, 3, 4, 7, 8, 10, 11, 12, 16, 18, 19, 20, 21, 22, 23, 24, 26, 27, 28, 30, 31, 33, 35, 37, 38, 39, 40, 41, 43, 44]
46: [1, 2, 4, 6, 7, 9, 11, 12, 14, 18, 21, 23, 25, 26, 29, 30, 31, 33, 34, 35, 37]
47: [1, 4, 5, 6, 7, 9, 13, 14, 15, 17, 20, 21, 22, 23, 24, 26, 27, 28, 29, 32, 33, 34, 36, 42, 46]
48: [5, 6, 8, 10, 11, 12, 13, 14, 16, 18, 21, 24, 25, 26, 31, 32, 33, 34, 36, 37, 39, 40, 45, 46]
49: [1, 2, 3, 6, 9, 11, 19, 22, 23, 24, 25, 30, 33, 34, 36, 38, 40, 42, 47, 48]
50: [2, 3, 7, 8, 9, 10, 12, 13, 14, 17, 18, 20, 22, 24, 26, 28, 31, 34, 36, 41, 42, 43, 44, 48, 49]
51: [4, 5, 6, 7, 9, 12, 14, 15, 16, 18, 20, 21, 23, 24, 27, 33, 38, 39, 40, 42, 44, 45, 46, 47, 48, 50]
52: [4, 6, 7, 9, 11, 15, 19, 20, 21, 25, 26, 27, 28, 29, 30, 32, 33, 34, 38, 39, 40, 42, 44, 46, 47, 48, 49]
53: [6, 12, 16, 19, 21, 25, 26, 30, 32, 34, 35, 36, 40, 41, 42, 43, 44, 46, 47, 49, 50, 52]
54: [1, 2, 3, 5, 6, 8, 9, 11, 12, 13, 15, 16, 18, 21, 23, 24, 26, 27, 28, 31, 33, 37, 38, 39, 45, 46, 47, 48, 49, 50]
55: [2, 4, 5, 6, 9, 11, 14, 15, 16, 18, 21, 22, 23, 24, 25, 26, 28, 29, 32, 34, 35, 36, 38, 42, 47, 50, 51, 54]
56: [1, 2, 4, 6, 8, 9, 17, 19, 20, 22, 23, 24, 28, 34, 35, 36, 37, 39, 40, 42, 43, 44, 45, 46, 48, 51, 52, 53, 54]
57: [1, 2, 3, 7, 9, 11, 12, 14, 15, 16, 17, 18, 22, 26, 28, 29, 34, 36, 38, 39, 41, 42, 43, 44, 47, 48, 49, 50, 52, 54, 55, 56]
58: [1, 2, 4, 6, 7, 8, 10, 11, 16, 17, 21, 22, 23, 24, 26, 28, 29, 30, 31, 33, 34, 35, 36, 37, 39, 40, 41, 43, 44, 46, 48, 51, 53, 56]
59: [1, 2, 3, 5, 6, 7, 8, 9, 11, 12, 13, 15, 16, 18, 19, 23, 26, 27, 28, 29, 31, 32, 34, 38, 40, 41, 45, 46, 47, 49, 50, 51, 53, 54]
60: [1, 2, 3, 4, 6, 10, 13, 16, 18, 19, 20, 21, 22, 25, 26, 29, 35, 38, 39, 40, 42, 43, 44, 46, 48, 50, 53, 54, 56, 58]
61: [1, 2, 3, 4, 5, 6, 7, 8, 11, 14, 17, 19, 21, 22, 23, 25, 26, 31, 33, 41, 44, 45, 46, 47, 49, 50, 51, 54, 55, 56, 57, 59, 60]
62: [1, 2, 5, 11, 12, 17, 18, 20, 21, 22, 24, 26, 29, 30, 31, 32, 33, 34, 35, 38, 39, 40, 42, 45, 47, 49, 51, 54, 55, 56, 57]
63: [4, 7, 12, 13, 15, 21, 22, 24, 26, 27, 29, 30, 31, 32, 35, 36, 37, 38, 39, 40, 41, 42, 45, 47, 48, 49, 50, 51, 60]
64: [2, 3, 8, 9, 10, 12, 13, 14, 17, 18, 19, 21, 22, 25, 26, 31, 32, 38, 40, 42, 44, 46, 47, 48, 51, 52, 53, 56, 57, 58, 59, 63]
65: [3, 5, 6, 7, 9, 12, 13, 14, 15, 16, 17, 19, 21, 22, 23, 25, 28, 30, 31, 33, 37, 39, 43, 44, 46, 48, 50, 51, 52, 54, 55, 56, 57, 59, 60, 61, 62, 63, 64]
66: [2, 3, 4, 5, 6, 9, 10, 14, 15, 19, 20, 21, 23, 24, 26, 27, 28, 29, 31, 32, 33, 36, 38, 39, 42, 43, 45, 48, 51, 53, 55, 56, 58, 65]
67: [1, 2, 4, 5, 6, 7, 9, 10, 11, 14, 15, 17, 18, 20, 23, 24, 25, 28, 32, 34, 35, 36, 37, 39, 40, 42, 45, 47, 48, 49, 50, 51, 58, 61, 63]
68: [2, 4, 7, 10, 11, 17, 20, 23, 24, 26, 30, 31, 32, 33, 36, 37, 38, 39, 40, 43, 45, 46, 48, 49, 53, 56, 58, 61]
69: [1, 3, 8, 9, 13, 16, 17, 19, 20, 22, 24, 26, 27, 28, 29, 35, 36, 38, 39, 44, 47, 48, 54, 58, 59, 60, 64, 65, 66, 68]
70: [2, 13, 14, 15, 20, 23, 24, 26, 28, 29, 30, 31, 34, 38, 40, 42, 44, 45, 47, 48, 51, 53, 54, 55, 57, 59, 63, 66]
71: [1, 3, 4, 5, 9, 10, 11, 14, 21, 23, 27, 28, 30, 32, 35, 37, 38, 40, 44, 45, 46, 48, 49, 52, 53, 54, 56, 58, 59, 66, 69]
72: [2, 6, 7, 8, 9, 10, 12, 14, 18, 19, 23, 24, 27, 28, 32, 33, 34, 35, 36, 37, 39, 42, 44, 45, 49, 52, 54, 55, 57, 64, 66, 67, 71]
73: [2, 4, 8, 9, 11, 16, 17, 18, 19, 22, 23, 25, 27, 30, 31, 34, 35, 36, 39, 40, 45, 46, 47, 50, 51, 52, 55, 57, 61, 62, 65, 67, 68]
74: [2, 3, 8, 9, 10, 12, 13, 14, 15, 17, 18, 19, 21, 22, 24, 28, 29, 30, 31, 36, 37, 41, 45, 46, 48, 49, 50, 51, 52, 53, 54, 55, 58, 59, 62, 66, 67, 68, 73]
75: [2, 6, 8, 9, 11, 12, 13, 14, 15, 17, 20, 21, 27, 28, 30, 32, 36, 37, 39, 41, 42, 43, 50, 51, 56, 59, 60, 62, 64, 68, 71, 72, 73]
76: [2, 4, 5, 8, 12, 13, 16, 17, 18, 20, 22, 23, 24, 26, 27, 29, 30, 34, 35, 38, 40, 41, 42, 43, 54, 56, 57, 58, 60, 61, 64, 68, 75]
77: [4, 5, 8, 9, 12, 14, 15, 17, 18, 30, 31, 33, 35, 38, 39, 40, 42, 47, 48, 49, 51, 52, 55, 57, 60, 62, 63, 66, 70, 71, 72, 74, 75, 76]
78: [2, 3, 5, 7, 8, 9, 13, 14, 15, 17, 21, 23, 24, 26, 27, 29, 32, 33, 35, 37, 38, 39, 40, 43, 44, 45, 46, 47, 48, 49, 52, 57, 58, 60, 62, 63, 65, 66, 68, 69, 70, 74, 77]
79: [2, 3, 4, 5, 7, 10, 11, 12, 14, 17, 18, 19, 20, 21, 22, 24, 25, 27, 28, 29, 30, 31, 33, 35, 40, 42, 43, 46, 47, 48, 49, 50, 51, 53, 54, 58, 59, 60, 63, 64, 65, 67, 68, 75, 76, 77]
80: [1, 3, 6, 8, 16, 19, 23, 24, 27, 33, 35, 36, 37, 44, 45, 46, 49, 50, 51, 54, 55, 56, 58, 59, 60, 63, 64, 68, 69, 72, 74, 76, 78, 79]
81: [1, 3, 4, 6, 7, 9, 10, 12, 13, 15, 16, 18, 19, 21, 25, 28, 31, 36, 42, 45, 47, 51, 52, 53, 54, 56, 57, 59, 60, 63, 65, 70, 71, 76, 78, 80]
82: [1, 2, 3, 6, 7, 8, 9, 11, 15, 17, 19, 20, 23, 24, 33, 36, 37, 41, 42, 44, 45, 46, 47, 48, 49, 51, 53, 54, 55, 58, 59, 60, 61, 62, 64, 66, 67, 68, 71, 72, 74, 75, 77]
83: [1, 3, 7, 8, 9, 11, 13, 15, 16, 19, 20, 21, 26, 27, 28, 31, 32, 33, 35, 37, 40, 42, 43, 44, 45, 48, 49, 50, 54, 56, 57, 59, 62, 64, 65, 69, 72, 74, 75, 81, 82]
84: [1, 3, 5, 6, 8, 9, 10, 13, 14, 16, 17, 18, 19, 20, 25, 27, 29, 31, 32, 33, 34, 35, 38, 40, 42, 43, 45, 46, 48, 51, 54, 56, 61, 64, 68, 70, 71, 72, 75, 77, 78, 80, 81, 82, 83]
85: [3, 4, 6, 8, 9, 10, 11, 12, 13, 16, 17, 18, 21, 22, 25, 26, 30, 33, 34, 35, 36, 37, 46, 47, 49, 50, 51, 52, 54, 55, 58, 60, 61, 63, 64, 66, 67, 70, 71, 73, 74, 77, 78, 79, 80, 81, 83, 84]
86: [5, 7, 8, 9, 11, 15, 16, 18, 25, 26, 28, 31, 33, 34, 35, 38, 39, 40, 41, 42, 46, 53, 55, 58, 62, 64, 65, 68, 70, 71, 72, 73, 75, 79, 80, 82, 85]
87: [3, 4, 5, 7, 9, 10, 11, 12, 13, 16, 18, 19, 20, 21, 22, 23, 24, 26, 27, 28, 30, 31, 34, 35, 38, 40, 41, 42, 44, 47, 49, 53, 55, 56, 58, 59, 61, 62, 65, 69, 70, 80, 83, 84, 85, 86]
88: [5, 9, 10, 11, 13, 18, 19, 21, 23, 24, 26, 28, 29, 30, 31, 33, 36, 37, 40, 43, 48, 52, 53, 59, 66, 67, 68, 69, 70, 71, 73, 79, 80, 81, 82]
89: [2, 3, 6, 10, 11, 12, 13, 14, 15, 16, 18, 25, 27, 28, 33, 38, 39, 40, 47, 49, 50, 51, 53, 54, 57, 58, 59, 60, 61, 66, 71, 72, 76, 77, 78, 79, 80, 81, 82, 84, 85]
90: [4, 6, 8, 9, 11, 12, 14, 17, 19, 20, 22, 26, 28, 33, 34, 40, 41, 46, 48, 52, 54, 55, 56, 57, 59, 62, 63, 66, 68, 69, 70, 78, 79, 81, 82, 83, 88]
91: [1, 2, 3, 5, 6, 10, 11, 14, 16, 17, 18, 21, 22, 24, 29, 34, 38, 40, 42, 43, 44, 46, 47, 48, 50, 51, 52, 59, 60, 61, 62, 63, 65, 66, 68, 69, 70, 72, 73, 74, 75, 77, 79, 80, 83, 84, 86, 88, 89, 90]
92: [1, 4, 5, 6, 7, 10, 12, 15, 18, 19, 20, 27, 28, 29, 33, 34, 35, 38, 40, 44, 45, 48, 49, 50, 54, 57, 62, 63, 67, 68, 70, 71, 75, 76, 78, 79, 82, 83, 84, 86, 88]
93: [1, 4, 5, 7, 11, 13, 14, 15, 17, 18, 19, 21, 24, 25, 29, 30, 32, 34, 36, 37, 40, 41, 44, 45, 49, 51, 53, 55, 56, 57, 59, 60, 62, 64, 65, 68, 69, 70, 76, 77, 78, 79, 80, 83, 84, 85, 87, 90, 91, 92]
94: [1, 2, 3, 4, 7, 10, 13, 14, 15, 18, 23, 26, 28, 29, 31, 32, 38, 40, 44, 45, 46, 47, 48, 50, 53, 54, 55, 57, 59, 60, 63, 66, 68, 69, 70, 71, 72, 77, 79, 80, 81, 86, 87, 88, 90, 91, 92]
95: [1, 6, 7, 8, 10, 14, 20, 22, 24, 25, 26, 27, 28, 29, 30, 33, 34, 35, 38, 40, 41, 42, 46, 48, 51, 52, 54, 56, 58, 61, 63, 67, 69, 72, 73, 74, 75, 76, 79, 82, 83, 84, 85, 86, 87, 88, 93, 94]
96: [1, 4, 5, 6, 7, 8, 9, 10, 16, 22, 23, 24, 27, 29, 30, 33, 34, 35, 36, 37, 40, 45, 47, 48, 49, 51, 54, 56, 57, 58, 60, 62, 64, 65, 66, 70, 71, 80, 81, 83, 87, 90, 91, 92, 93]
97: [1, 3, 10, 12, 14, 17, 18, 19, 22, 23, 26, 28, 30, 33, 35, 36, 37, 42, 43, 47, 48, 49, 52, 53, 54, 55, 58, 59, 60, 61, 63, 66, 67, 69, 76, 79, 84, 85, 86, 93, 94]
98: [1, 2, 5, 6, 12, 13, 14, 15, 17, 19, 21, 22, 23, 24, 27, 28, 30, 31, 32, 33, 35, 39, 41, 42, 44, 47, 49, 52, 54, 58, 59, 60, 61, 65, 66, 67, 68, 69, 70, 71, 78, 79, 80, 81, 83, 84, 85, 88, 92, 93, 96]
99: [1, 6, 7, 8, 11, 13, 16, 18, 22, 23, 24, 25, 26, 27, 29, 30, 32, 33, 34, 35, 36, 37, 39, 42, 43, 48, 50, 51, 52, 53, 54, 56, 57, 59, 60, 63, 66, 67, 68, 69, 70, 72, 73, 79, 84, 85, 86, 87, 90, 97]
100: [1, 2, 5, 6, 7, 8, 9, 13, 14, 15, 16, 17, 18, 19, 20, 21, 22, 24, 26, 31, 33, 34, 35, 37, 38, 39, 40, 41, 44, 46, 47, 50, 51, 55, 56, 57, 58, 59, 60, 63, 64, 69, 70, 71, 74, 77, 78, 80, 81, 83, 84, 86, 87, 89, 91, 92, 93, 96, 98]
101: [1, 3, 4, 5, 6, 8, 10, 16, 18, 19, 20, 24, 26, 28, 29, 31, 32, 36, 38, 39, 40, 44, 51, 52, 53, 55, 57, 60, 62, 64, 67, 68, 69, 73, 76, 80, 81, 82, 83, 85, 86, 88, 89, 91, 92, 94, 97, 100]
102: [2, 5, 10, 11, 13, 16, 17, 19, 20, 22, 24, 28, 30, 31, 33, 34, 36, 37, 38, 42, 43, 47, 48, 49, 51, 54, 55, 60, 61, 63, 65, 66, 67, 69, 70, 71, 74, 76, 81, 82, 83, 84, 86, 87, 88, 89, 92, 93, 94, 95, 96, 97, 100]
103: [1, 4, 5, 6, 10, 11, 12, 13, 15, 17, 18, 19, 22, 23, 25, 26, 27, 33, 35, 36, 37, 39, 45, 47, 49, 53, 54, 57, 58, 59, 60, 67, 69, 71, 72, 73, 74, 75, 76, 77, 79, 80, 85, 86, 88, 92, 93, 94, 96, 97, 98, 99, 100, 101, 102]
104: [1, 2, 4, 5, 8, 11, 12, 14, 15, 17, 18, 19, 21, 22, 24, 25, 27, 28, 30, 31, 35, 36, 39, 43, 44, 47, 50, 56, 57, 58, 60, 64, 65, 66, 68, 69, 72, 74, 77, 80, 83, 84, 86, 87, 89, 90, 91, 92, 94, 98, 102, 103]
105: [1, 2, 3, 4, 8, 10, 11, 12, 14, 15, 16, 17, 18, 22, 23, 24, 25, 26, 28, 30, 32, 33, 36, 38, 41, 46, 47, 48, 53, 54, 57, 58, 63, 64, 67, 68, 70, 72, 73, 74, 75, 78, 82, 85, 88, 91, 92, 93, 99, 101, 104]
106: [1, 3, 5, 6, 7, 9, 15, 17, 18, 23, 24, 25, 28, 31, 32, 33, 35, 38, 39, 40, 42, 43, 46, 47, 49, 52, 55, 56, 57, 59, 61, 65, 66, 67, 69, 75, 76, 78, 81, 83, 84, 87, 88, 89, 90, 93, 94, 96, 97, 98, 100, 101, 102, 103, 104, 105]
107: [1, 3, 5, 8, 9, 13, 18, 19, 23, 27, 30, 32, 36, 41, 43, 44, 46, 48, 49, 50, 55, 56, 58, 61, 64, 65, 66, 67, 68, 71, 73, 78, 79, 81, 82, 83, 84, 85, 91, 94, 95, 96, 99, 103, 104, 105]
108: [1, 3, 9, 10, 11, 12, 13, 17, 19, 20, 22, 25, 26, 30, 32, 33, 34, 36, 37, 43, 46, 47, 48, 49, 51, 53, 54, 58, 59, 62, 63, 65, 66, 68, 70, 73, 74, 76, 77, 80, 81, 86, 87, 88, 89, 90, 94, 96, 98, 100, 101, 103, 106, 107]
109: [5, 8, 10, 12, 14, 15, 17, 24, 26, 27, 30, 32, 33, 37, 41, 43, 49, 50, 51, 52, 53, 57, 58, 60, 61, 62, 63, 64, 65, 67, 68, 69, 71, 73, 74, 77, 79, 80, 81, 82, 83, 84, 85, 88, 92, 93, 95, 98, 99, 102, 103, 105, 107]
110: [3, 6, 7, 10, 13, 15, 17, 20, 21, 22, 23, 24, 25, 30, 32, 33, 34, 36, 37, 39, 40, 42, 43, 44, 46, 51, 52, 54, 55, 56, 59, 61, 62, 63, 68, 72, 73, 74, 75, 78, 79, 80, 81, 82, 87, 91, 93, 96, 97, 98, 100, 101, 102, 103, 105, 107, 108]
111: [2, 3, 5, 6, 7, 9, 17, 22, 23, 24, 30, 33, 34, 38, 39, 40, 41, 44, 45, 46, 48, 52, 53, 55, 56, 57, 60, 63, 64, 65, 66, 72, 73, 75, 78, 80, 81, 86, 90, 91, 92, 94, 96, 98, 100, 101, 104, 106, 108, 109, 110]
112: [3, 4, 5, 6, 11, 12, 13, 14, 16, 17, 18, 19, 28, 30, 31, 32, 35, 36, 41, 43, 44, 45, 46, 49, 52, 53, 56, 57, 58, 59, 61, 64, 65, 66, 68, 69, 71, 72, 73, 76, 77, 79, 80, 81, 82, 83, 84, 85, 86, 87, 88, 89, 97, 101, 103, 104, 106, 108]
113: [2, 3, 4, 7, 11, 12, 13, 21, 23, 24, 26, 27, 30, 31, 32, 35, 36, 37, 38, 39, 41, 44, 46, 47, 48, 50, 51, 52, 61, 66, 68, 69, 70, 71, 73, 74, 75, 77, 78, 79, 85, 89, 92, 93, 94, 96, 97, 100, 101, 102, 104, 105, 110]
114: [1, 2, 3, 4, 6, 8, 11, 14, 15, 17, 18, 20, 21, 24, 26, 27, 28, 29, 30, 32, 33, 34, 36, 38, 39, 43, 45, 46, 48, 50, 51, 52, 54, 55, 56, 57, 58, 59, 61, 62, 63, 64, 65, 66, 68, 70, 71, 73, 75, 80, 81, 83, 86, 87, 90, 95, 101, 102, 103, 106, 109, 110, 111]
115: [2, 4, 7, 13, 15, 16, 17, 19, 20, 22, 23, 27, 28, 29, 31, 32, 33, 34, 35, 36, 40, 41, 42, 44, 46, 47, 48, 49, 51, 52, 53, 55, 60, 61, 63, 66, 67, 70, 73, 74, 77, 80, 81, 85, 86, 91, 93, 95, 97, 98, 100, 103, 106, 107, 109, 110, 111, 113]
116: [1, 2, 4, 6, 8, 10, 12, 13, 17, 18, 19, 20, 21, 22, 23, 24, 27, 29, 34, 35, 36, 37, 40, 41, 43, 49, 50, 53, 56, 58, 62, 66, 67, 68, 72, 73, 80, 86, 87, 88, 89, 90, 93, 94, 95, 98, 104, 106, 108, 109, 111, 112, 113, 115]
117: [1, 4, 8, 9, 10, 13, 15, 17, 18, 19, 20, 28, 30, 33, 39, 40, 42, 44, 45, 46, 50, 51, 54, 56, 59, 60, 61, 62, 64, 65, 66, 72, 73, 75, 77, 80, 84, 89, 90, 91, 94, 97, 99, 101, 112, 115]
118: [2, 3, 4, 7, 8, 9, 10, 14, 16, 17, 20, 21, 24, 25, 27, 28, 29, 30, 32, 33, 37, 38, 40, 41, 45, 46, 47, 48, 50, 55, 56, 57, 59, 62, 66, 69, 70, 72, 76, 77, 80, 84, 86, 87, 88, 91, 92, 93, 95, 98, 99, 100, 103, 104, 107, 108, 113, 114]
119: [3, 6, 9, 10, 11, 12, 14, 16, 18, 19, 23, 24, 25, 26, 28, 29, 32, 33, 34, 37, 39, 41, 43, 45, 50, 51, 53, 56, 57, 61, 64, 65, 66, 68, 75, 76, 78, 80, 83, 85, 89, 90, 92, 96, 100, 101, 102, 103, 104, 106, 108, 113, 116, 117]
120: [1, 3, 5, 6, 7, 10, 13, 14, 15, 16, 17, 18, 19, 20, 21, 22, 28, 31, 34, 37, 38, 39, 41, 46, 47, 52, 53, 54, 56, 57, 62, 64, 65, 68, 70, 71, 72, 73, 77, 79, 84, 87, 90, 93, 95, 96, 100, 102, 103, 105, 110, 111, 112, 113, 114, 115, 118]
121: [1, 3, 4, 6, 7, 10, 12, 13, 14, 18, 19, 20, 25, 26, 27, 28, 31, 32, 35, 36, 37, 40, 41, 43, 44, 48, 53, 54, 55, 56, 57, 58, 59, 62, 64, 66, 71, 78, 82, 84, 87, 90, 92, 94, 95, 96, 97, 98, 99, 101, 104, 106, 108, 109, 114, 116, 117, 120]
122: [1, 3, 7, 8, 9, 11, 12, 15, 16, 21, 23, 26, 27, 29, 36, 37, 41, 42, 44, 45, 49, 50, 51, 52, 53, 54, 58, 59, 60, 61, 62, 64, 65, 67, 70, 72, 73, 74, 75, 77, 78, 79, 80, 81, 88, 90, 91, 92, 93, 95, 98, 99, 102, 103, 106, 109, 112, 113, 114, 115, 117, 118, 121]
123: [1, 2, 6, 9, 10, 11, 12, 13, 14, 16, 21, 23, 24, 26, 28, 32, 34, 37, 38, 40, 41, 42, 44, 46, 47, 48, 49, 50, 53, 54, 56, 57, 60, 61, 62, 64, 65, 67, 68, 69, 72, 75, 78, 80, 82, 84, 85, 89, 90, 91, 92, 93, 94, 97, 98, 100, 102, 103, 104, 106, 108, 109, 110, 114, 115, 116, 117, 118, 120, 121]
124: [1, 2, 3, 4, 14, 15, 17, 19, 20, 25, 29, 30, 33, 39, 40, 43, 47, 49, 52, 53, 54, 57, 58, 60, 62, 63, 65, 68, 72, 75, 77, 82, 83, 88, 90, 91, 92, 94, 95, 96, 98, 99, 104, 105, 106, 107, 108, 109, 111, 113, 114, 115, 116, 118, 119, 120, 122, 123]
125: [4, 5, 6, 8, 10, 12, 14, 15, 18, 19, 20, 23, 24, 25, 26, 28, 34, 35, 38, 41, 42, 43, 46, 48, 49, 52, 54, 55, 56, 58, 59, 60, 61, 62, 63, 66, 67, 71, 72, 73, 76, 78, 79, 81, 85, 86, 87, 89, 90, 93, 95, 99, 101, 106, 107, 108, 111, 113, 114, 117, 118, 119, 122]
