Description:

Following is a problem description of Graph Coloring Problem. It contains two section.

1. Problem's data description
2. The adjacency list representation of that specific problem.

Please calculate the best solution for this problem, which is the minimum number of colors needed to color the graph such that no two adjacent nodes have the same color.


[GCP_DATA_INFO]
Type: GCP, Graph Coloring Problem
Node: 225
Edge: 10360

[ADJACENCY_List]
2: [1]
3: [1, 2]
4: [1, 2, 3]
5: [1, 2, 3, 4]
6: [1, 2, 3, 4, 5]
7: [1, 2, 3, 4, 5, 6]
8: [1, 2, 3, 4, 5, 6, 7]
9: [1, 2, 3, 4, 5, 6, 7, 8]
10: [1, 2, 3, 4, 5, 6, 7, 8, 9]
11: [1, 2, 3, 4, 5, 6, 7, 8, 9, 10]
12: [1, 2, 3, 4, 5, 6, 7, 8, 9, 10, 11]
13: [1, 2, 3, 4, 5, 6, 7, 8, 9, 10, 11, 12]
14: [1, 2, 3, 4, 5, 6, 7, 8, 9, 10, 11, 12, 13]
15: [1, 2, 3, 4, 5, 6, 7, 8, 9, 10, 11, 12, 13, 14]
16: [1, 2]
17: [1, 2, 3, 16]
18: [2, 3, 4, 16, 17]
19: [3, 4, 5, 16, 17, 18]
20: [4, 5, 6, 16, 17, 18, 19]
21: [5, 6, 7, 16, 17, 18, 19, 20]
22: [6, 7, 8, 16, 17, 18, 19, 20, 21]
23: [7, 8, 9, 16, 17, 18, 19, 20, 21, 22]
24: [8, 9, 10, 16, 17, 18, 19, 20, 21, 22, 23]
25: [9, 10, 11, 16, 17, 18, 19, 20, 21, 22, 23, 24]
26: [10, 11, 12, 16, 17, 18, 19, 20, 21, 22, 23, 24, 25]
27: [11, 12, 13, 16, 17, 18, 19, 20, 21, 22, 23, 24, 25, 26]
28: [12, 13, 14, 16, 17, 18, 19, 20, 21, 22, 23, 24, 25, 26, 27]
29: [13, 14, 15, 16, 17, 18, 19, 20, 21, 22, 23, 24, 25, 26, 27, 28]
30: [14, 15, 16, 17, 18, 19, 20, 21, 22, 23, 24, 25, 26, 27, 28, 29]
31: [1, 3, 16, 17]
32: [2, 4, 16, 17, 18, 31]
33: [1, 3, 5, 17, 18, 19, 31, 32]
34: [2, 4, 6, 18, 19, 20, 31, 32, 33]
35: [3, 5, 7, 19, 20, 21, 31, 32, 33, 34]
36: [4, 6, 8, 20, 21, 22, 31, 32, 33, 34, 35]
37: [5, 7, 9, 21, 22, 23, 31, 32, 33, 34, 35, 36]
38: [6, 8, 10, 22, 23, 24, 31, 32, 33, 34, 35, 36, 37]
39: [7, 9, 11, 23, 24, 25, 31, 32, 33, 34, 35, 36, 37, 38]
40: [8, 10, 12, 24, 25, 26, 31, 32, 33, 34, 35, 36, 37, 38, 39]
41: [9, 11, 13, 25, 26, 27, 31, 32, 33, 34, 35, 36, 37, 38, 39, 40]
42: [10, 12, 14, 26, 27, 28, 31, 32, 33, 34, 35, 36, 37, 38, 39, 40, 41]
43: [11, 13, 15, 27, 28, 29, 31, 32, 33, 34, 35, 36, 37, 38, 39, 40, 41, 42]
44: [12, 14, 28, 29, 30, 31, 32, 33, 34, 35, 36, 37, 38, 39, 40, 41, 42, 43]
45: [13, 15, 29, 30, 31, 32, 33, 34, 35, 36, 37, 38, 39, 40, 41, 42, 43, 44]
46: [1, 4, 16, 18, 31, 32]
47: [2, 5, 17, 19, 31, 32, 33, 46]
48: [3, 6, 16, 18, 20, 32, 33, 34, 46, 47]
49: [1, 4, 7, 17, 19, 21, 33, 34, 35, 46, 47, 48]
50: [2, 5, 8, 18, 20, 22, 34, 35, 36, 46, 47, 48, 49]
51: [3, 6, 9, 19, 21, 23, 35, 36, 37, 46, 47, 48, 49, 50]
52: [4, 7, 10, 20, 22, 24, 36, 37, 38, 46, 47, 48, 49, 50, 51]
53: [5, 8, 11, 21, 23, 25, 37, 38, 39, 46, 47, 48, 49, 50, 51, 52]
54: [6, 9, 12, 22, 24, 26, 38, 39, 40, 46, 47, 48, 49, 50, 51, 52, 53]
55: [7, 10, 13, 23, 25, 27, 39, 40, 41, 46, 47, 48, 49, 50, 51, 52, 53, 54]
56: [8, 11, 14, 24, 26, 28, 40, 41, 42, 46, 47, 48, 49, 50, 51, 52, 53, 54, 55]
57: [9, 12, 15, 25, 27, 29, 41, 42, 43, 46, 47, 48, 49, 50, 51, 52, 53, 54, 55, 56]
58: [10, 13, 26, 28, 30, 42, 43, 44, 46, 47, 48, 49, 50, 51, 52, 53, 54, 55, 56, 57]
59: [11, 14, 27, 29, 43, 44, 45, 46, 47, 48, 49, 50, 51, 52, 53, 54, 55, 56, 57, 58]
60: [12, 15, 28, 30, 44, 45, 46, 47, 48, 49, 50, 51, 52, 53, 54, 55, 56, 57, 58, 59]
61: [1, 5, 16, 19, 31, 33, 46, 47]
62: [2, 6, 17, 20, 32, 34, 46, 47, 48, 61]
63: [3, 7, 18, 21, 31, 33, 35, 47, 48, 49, 61, 62]
64: [4, 8, 16, 19, 22, 32, 34, 36, 48, 49, 50, 61, 62, 63]
65: [1, 5, 9, 17, 20, 23, 33, 35, 37, 49, 50, 51, 61, 62, 63, 64]
66: [2, 6, 10, 18, 21, 24, 34, 36, 38, 50, 51, 52, 61, 62, 63, 64, 65]
67: [3, 7, 11, 19, 22, 25, 35, 37, 39, 51, 52, 53, 61, 62, 63, 64, 65, 66]
68: [4, 8, 12, 20, 23, 26, 36, 38, 40, 52, 53, 54, 61, 62, 63, 64, 65, 66, 67]
69: [5, 9, 13, 21, 24, 27, 37, 39, 41, 53, 54, 55, 61, 62, 63, 64, 65, 66, 67, 68]
70: [6, 10, 14, 22, 25, 28, 38, 40, 42, 54, 55, 56, 61, 62, 63, 64, 65, 66, 67, 68, 69]
71: [7, 11, 15, 23, 26, 29, 39, 41, 43, 55, 56, 57, 61, 62, 63, 64, 65, 66, 67, 68, 69, 70]
72: [8, 12, 24, 27, 30, 40, 42, 44, 56, 57, 58, 61, 62, 63, 64, 65, 66, 67, 68, 69, 70, 71]
73: [9, 13, 25, 28, 41, 43, 45, 57, 58, 59, 61, 62, 63, 64, 65, 66, 67, 68, 69, 70, 71, 72]
74: [10, 14, 26, 29, 42, 44, 58, 59, 60, 61, 62, 63, 64, 65, 66, 67, 68, 69, 70, 71, 72, 73]
75: [11, 15, 27, 30, 43, 45, 59, 60, 61, 62, 63, 64, 65, 66, 67, 68, 69, 70, 71, 72, 73, 74]
76: [1, 6, 16, 20, 31, 34, 46, 48, 61, 62]
77: [2, 7, 17, 21, 32, 35, 47, 49, 61, 62, 63, 76]
78: [3, 8, 18, 22, 33, 36, 46, 48, 50, 62, 63, 64, 76, 77]
79: [4, 9, 19, 23, 31, 34, 37, 47, 49, 51, 63, 64, 65, 76, 77, 78]
80: [5, 10, 16, 20, 24, 32, 35, 38, 48, 50, 52, 64, 65, 66, 76, 77, 78, 79]
81: [1, 6, 11, 17, 21, 25, 33, 36, 39, 49, 51, 53, 65, 66, 67, 76, 77, 78, 79, 80]
82: [2, 7, 12, 18, 22, 26, 34, 37, 40, 50, 52, 54, 66, 67, 68, 76, 77, 78, 79, 80, 81]
83: [3, 8, 13, 19, 23, 27, 35, 38, 41, 51, 53, 55, 67, 68, 69, 76, 77, 78, 79, 80, 81, 82]
84: [4, 9, 14, 20, 24, 28, 36, 39, 42, 52, 54, 56, 68, 69, 70, 76, 77, 78, 79, 80, 81, 82, 83]
85: [5, 10, 15, 21, 25, 29, 37, 40, 43, 53, 55, 57, 69, 70, 71, 76, 77, 78, 79, 80, 81, 82, 83, 84]
86: [6, 11, 22, 26, 30, 38, 41, 44, 54, 56, 58, 70, 71, 72, 76, 77, 78, 79, 80, 81, 82, 83, 84, 85]
87: [7, 12, 23, 27, 39, 42, 45, 55, 57, 59, 71, 72, 73, 76, 77, 78, 79, 80, 81, 82, 83, 84, 85, 86]
88: [8, 13, 24, 28, 40, 43, 56, 58, 60, 72, 73, 74, 76, 77, 78, 79, 80, 81, 82, 83, 84, 85, 86, 87]
89: [9, 14, 25, 29, 41, 44, 57, 59, 73, 74, 75, 76, 77, 78, 79, 80, 81, 82, 83, 84, 85, 86, 87, 88]
90: [10, 15, 26, 30, 42, 45, 58, 60, 74, 75, 76, 77, 78, 79, 80, 81, 82, 83, 84, 85, 86, 87, 88, 89]
91: [1, 7, 16, 21, 31, 35, 46, 49, 61, 63, 76, 77]
92: [2, 8, 17, 22, 32, 36, 47, 50, 62, 64, 76, 77, 78, 91]
93: [3, 9, 18, 23, 33, 37, 48, 51, 61, 63, 65, 77, 78, 79, 91, 92]
94: [4, 10, 19, 24, 34, 38, 46, 49, 52, 62, 64, 66, 78, 79, 80, 91, 92, 93]
95: [5, 11, 20, 25, 31, 35, 39, 47, 50, 53, 63, 65, 67, 79, 80, 81, 91, 92, 93, 94]
96: [6, 12, 16, 21, 26, 32, 36, 40, 48, 51, 54, 64, 66, 68, 80, 81, 82, 91, 92, 93, 94, 95]
97: [1, 7, 13, 17, 22, 27, 33, 37, 41, 49, 52, 55, 65, 67, 69, 81, 82, 83, 91, 92, 93, 94, 95, 96]
98: [2, 8, 14, 18, 23, 28, 34, 38, 42, 50, 53, 56, 66, 68, 70, 82, 83, 84, 91, 92, 93, 94, 95, 96, 97]
99: [3, 9, 15, 19, 24, 29, 35, 39, 43, 51, 54, 57, 67, 69, 71, 83, 84, 85, 91, 92, 93, 94, 95, 96, 97, 98]
100: [4, 10, 20, 25, 30, 36, 40, 44, 52, 55, 58, 68, 70, 72, 84, 85, 86, 91, 92, 93, 94, 95, 96, 97, 98, 99]
101: [5, 11, 21, 26, 37, 41, 45, 53, 56, 59, 69, 71, 73, 85, 86, 87, 91, 92, 93, 94, 95, 96, 97, 98, 99, 100]
102: [6, 12, 22, 27, 38, 42, 54, 57, 60, 70, 72, 74, 86, 87, 88, 91, 92, 93, 94, 95, 96, 97, 98, 99, 100, 101]
103: [7, 13, 23, 28, 39, 43, 55, 58, 71, 73, 75, 87, 88, 89, 91, 92, 93, 94, 95, 96, 97, 98, 99, 100, 101, 102]
104: [8, 14, 24, 29, 40, 44, 56, 59, 72, 74, 88, 89, 90, 91, 92, 93, 94, 95, 96, 97, 98, 99, 100, 101, 102, 103]
105: [9, 15, 25, 30, 41, 45, 57, 60, 73, 75, 89, 90, 91, 92, 93, 94, 95, 96, 97, 98, 99, 100, 101, 102, 103, 104]
106: [1, 8, 16, 22, 31, 36, 46, 50, 61, 64, 76, 78, 91, 92]
107: [2, 9, 17, 23, 32, 37, 47, 51, 62, 65, 77, 79, 91, 92, 93, 106]
108: [3, 10, 18, 24, 33, 38, 48, 52, 63, 66, 76, 78, 80, 92, 93, 94, 106, 107]
109: [4, 11, 19, 25, 34, 39, 49, 53, 61, 64, 67, 77, 79, 81, 93, 94, 95, 106, 107, 108]
110: [5, 12, 20, 26, 35, 40, 46, 50, 54, 62, 65, 68, 78, 80, 82, 94, 95, 96, 106, 107, 108, 109]
111: [6, 13, 21, 27, 31, 36, 41, 47, 51, 55, 63, 66, 69, 79, 81, 83, 95, 96, 97, 106, 107, 108, 109, 110]
112: [7, 14, 16, 22, 28, 32, 37, 42, 48, 52, 56, 64, 67, 70, 80, 82, 84, 96, 97, 98, 106, 107, 108, 109, 110, 111]
113: [1, 8, 15, 17, 23, 29, 33, 38, 43, 49, 53, 57, 65, 68, 71, 81, 83, 85, 97, 98, 99, 106, 107, 108, 109, 110, 111, 112]
114: [2, 9, 18, 24, 30, 34, 39, 44, 50, 54, 58, 66, 69, 72, 82, 84, 86, 98, 99, 100, 106, 107, 108, 109, 110, 111, 112, 113]
115: [3, 10, 19, 25, 35, 40, 45, 51, 55, 59, 67, 70, 73, 83, 85, 87, 99, 100, 101, 106, 107, 108, 109, 110, 111, 112, 113, 114]
116: [4, 11, 20, 26, 36, 41, 52, 56, 60, 68, 71, 74, 84, 86, 88, 100, 101, 102, 106, 107, 108, 109, 110, 111, 112, 113, 114, 115]
117: [5, 12, 21, 27, 37, 42, 53, 57, 69, 72, 75, 85, 87, 89, 101, 102, 103, 106, 107, 108, 109, 110, 111, 112, 113, 114, 115, 116]
118: [6, 13, 22, 28, 38, 43, 54, 58, 70, 73, 86, 88, 90, 102, 103, 104, 106, 107, 108, 109, 110, 111, 112, 113, 114, 115, 116, 117]
119: [7, 14, 23, 29, 39, 44, 55, 59, 71, 74, 87, 89, 103, 104, 105, 106, 107, 108, 109, 110, 111, 112, 113, 114, 115, 116, 117, 118]
120: [8, 15, 24, 30, 40, 45, 56, 60, 72, 75, 88, 90, 104, 105, 106, 107, 108, 109, 110, 111, 112, 113, 114, 115, 116, 117, 118, 119]
121: [1, 9, 16, 23, 31, 37, 46, 51, 61, 65, 76, 79, 91, 93, 106, 107]
122: [2, 10, 17, 24, 32, 38, 47, 52, 62, 66, 77, 80, 92, 94, 106, 107, 108, 121]
123: [3, 11, 18, 25, 33, 39, 48, 53, 63, 67, 78, 81, 91, 93, 95, 107, 108, 109, 121, 122]
124: [4, 12, 19, 26, 34, 40, 49, 54, 64, 68, 76, 79, 82, 92, 94, 96, 108, 109, 110, 121, 122, 123]
125: [5, 13, 20, 27, 35, 41, 50, 55, 61, 65, 69, 77, 80, 83, 93, 95, 97, 109, 110, 111, 121, 122, 123, 124]
126: [6, 14, 21, 28, 36, 42, 46, 51, 56, 62, 66, 70, 78, 81, 84, 94, 96, 98, 110, 111, 112, 121, 122, 123, 124, 125]
127: [7, 15, 22, 29, 31, 37, 43, 47, 52, 57, 63, 67, 71, 79, 82, 85, 95, 97, 99, 111, 112, 113, 121, 122, 123, 124, 125, 126]
128: [8, 16, 23, 30, 32, 38, 44, 48, 53, 58, 64, 68, 72, 80, 83, 86, 96, 98, 100, 112, 113, 114, 121, 122, 123, 124, 125, 126, 127]
129: [1, 9, 17, 24, 33, 39, 45, 49, 54, 59, 65, 69, 73, 81, 84, 87, 97, 99, 101, 113, 114, 115, 121, 122, 123, 124, 125, 126, 127, 128]
130: [2, 10, 18, 25, 34, 40, 50, 55, 60, 66, 70, 74, 82, 85, 88, 98, 100, 102, 114, 115, 116, 121, 122, 123, 124, 125, 126, 127, 128, 129]
131: [3, 11, 19, 26, 35, 41, 51, 56, 67, 71, 75, 83, 86, 89, 99, 101, 103, 115, 116, 117, 121, 122, 123, 124, 125, 126, 127, 128, 129, 130]
132: [4, 12, 20, 27, 36, 42, 52, 57, 68, 72, 84, 87, 90, 100, 102, 104, 116, 117, 118, 121, 122, 123, 124, 125, 126, 127, 128, 129, 130, 131]
133: [5, 13, 21, 28, 37, 43, 53, 58, 69, 73, 85, 88, 101, 103, 105, 117, 118, 119, 121, 122, 123, 124, 125, 126, 127, 128, 129, 130, 131, 132]
134: [6, 14, 22, 29, 38, 44, 54, 59, 70, 74, 86, 89, 102, 104, 118, 119, 120, 121, 122, 123, 124, 125, 126, 127, 128, 129, 130, 131, 132, 133]
135: [7, 15, 23, 30, 39, 45, 55, 60, 71, 75, 87, 90, 103, 105, 119, 120, 121, 122, 123, 124, 125, 126, 127, 128, 129, 130, 131, 132, 133, 134]
136: [1, 10, 16, 24, 31, 38, 46, 52, 61, 66, 76, 80, 91, 94, 106, 108, 121, 122]
137: [2, 11, 17, 25, 32, 39, 47, 53, 62, 67, 77, 81, 92, 95, 107, 109, 121, 122, 123, 136]
138: [3, 12, 18, 26, 33, 40, 48, 54, 63, 68, 78, 82, 93, 96, 106, 108, 110, 122, 123, 124, 136, 137]
139: [4, 13, 19, 27, 34, 41, 49, 55, 64, 69, 79, 83, 91, 94, 97, 107, 109, 111, 123, 124, 125, 136, 137, 138]
140: [5, 14, 20, 28, 35, 42, 50, 56, 65, 70, 76, 80, 84, 92, 95, 98, 108, 110, 112, 124, 125, 126, 136, 137, 138, 139]
141: [6, 15, 21, 29, 36, 43, 51, 57, 61, 66, 71, 77, 81, 85, 93, 96, 99, 109, 111, 113, 125, 126, 127, 136, 137, 138, 139, 140]
142: [7, 22, 30, 37, 44, 46, 52, 58, 62, 67, 72, 78, 82, 86, 94, 97, 100, 110, 112, 114, 126, 127, 128, 136, 137, 138, 139, 140, 141]
143: [8, 23, 31, 38, 45, 47, 53, 59, 63, 68, 73, 79, 83, 87, 95, 98, 101, 111, 113, 115, 127, 128, 129, 136, 137, 138, 139, 140, 141, 142]
144: [9, 16, 24, 32, 39, 48, 54, 60, 64, 69, 74, 80, 84, 88, 96, 99, 102, 112, 114, 116, 128, 129, 130, 136, 137, 138, 139, 140, 141, 142, 143]
145: [1, 10, 17, 25, 33, 40, 49, 55, 65, 70, 75, 81, 85, 89, 97, 100, 103, 113, 115, 117, 129, 130, 131, 136, 137, 138, 139, 140, 141, 142, 143, 144]
146: [2, 11, 18, 26, 34, 41, 50, 56, 66, 71, 82, 86, 90, 98, 101, 104, 114, 116, 118, 130, 131, 132, 136, 137, 138, 139, 140, 141, 142, 143, 144, 145]
147: [3, 12, 19, 27, 35, 42, 51, 57, 67, 72, 83, 87, 99, 102, 105, 115, 117, 119, 131, 132, 133, 136, 137, 138, 139, 140, 141, 142, 143, 144, 145, 146]
148: [4, 13, 20, 28, 36, 43, 52, 58, 68, 73, 84, 88, 100, 103, 116, 118, 120, 132, 133, 134, 136, 137, 138, 139, 140, 141, 142, 143, 144, 145, 146, 147]
149: [5, 14, 21, 29, 37, 44, 53, 59, 69, 74, 85, 89, 101, 104, 117, 119, 133, 134, 135, 136, 137, 138, 139, 140, 141, 142, 143, 144, 145, 146, 147, 148]
150: [6, 15, 22, 30, 38, 45, 54, 60, 70, 75, 86, 90, 102, 105, 118, 120, 134, 135, 136, 137, 138, 139, 140, 141, 142, 143, 144, 145, 146, 147, 148, 149]
151: [1, 11, 16, 25, 31, 39, 46, 53, 61, 67, 76, 81, 91, 95, 106, 109, 121, 123, 136, 137]
152: [2, 12, 17, 26, 32, 40, 47, 54, 62, 68, 77, 82, 92, 96, 107, 110, 122, 124, 136, 137, 138, 151]
153: [3, 13, 18, 27, 33, 41, 48, 55, 63, 69, 78, 83, 93, 97, 108, 111, 121, 123, 125, 137, 138, 139, 151, 152]
154: [4, 14, 19, 28, 34, 42, 49, 56, 64, 70, 79, 84, 94, 98, 106, 109, 112, 122, 124, 126, 138, 139, 140, 151, 152, 153]
155: [5, 15, 20, 29, 35, 43, 50, 57, 65, 71, 80, 85, 91, 95, 99, 107, 110, 113, 123, 125, 127, 139, 140, 141, 151, 152, 153, 154]
156: [6, 21, 30, 36, 44, 51, 58, 66, 72, 76, 81, 86, 92, 96, 100, 108, 111, 114, 124, 126, 128, 140, 141, 142, 151, 152, 153, 154, 155]
157: [7, 22, 37, 45, 52, 59, 61, 67, 73, 77, 82, 87, 93, 97, 101, 109, 112, 115, 125, 127, 129, 141, 142, 143, 151, 152, 153, 154, 155, 156]
158: [8, 23, 38, 46, 53, 60, 62, 68, 74, 78, 83, 88, 94, 98, 102, 110, 113, 116, 126, 128, 130, 142, 143, 144, 151, 152, 153, 154, 155, 156, 157]
159: [9, 24, 31, 39, 47, 54, 63, 69, 75, 79, 84, 89, 95, 99, 103, 111, 114, 117, 127, 129, 131, 143, 144, 145, 151, 152, 153, 154, 155, 156, 157, 158]
160: [10, 16, 25, 32, 40, 48, 55, 64, 70, 80, 85, 90, 96, 100, 104, 112, 115, 118, 128, 130, 132, 144, 145, 146, 151, 152, 153, 154, 155, 156, 157, 158, 159]
161: [1, 11, 17, 26, 33, 41, 49, 56, 65, 71, 81, 86, 97, 101, 105, 113, 116, 119, 129, 131, 133, 145, 146, 147, 151, 152, 153, 154, 155, 156, 157, 158, 159, 160]
162: [2, 12, 18, 27, 34, 42, 50, 57, 66, 72, 82, 87, 98, 102, 114, 117, 120, 130, 132, 134, 146, 147, 148, 151, 152, 153, 154, 155, 156, 157, 158, 159, 160, 161]
163: [3, 13, 19, 28, 35, 43, 51, 58, 67, 73, 83, 88, 99, 103, 115, 118, 131, 133, 135, 147, 148, 149, 151, 152, 153, 154, 155, 156, 157, 158, 159, 160, 161, 162]
164: [4, 14, 20, 29, 36, 44, 52, 59, 68, 74, 84, 89, 100, 104, 116, 119, 132, 134, 148, 149, 150, 151, 152, 153, 154, 155, 156, 157, 158, 159, 160, 161, 162, 163]
165: [5, 15, 21, 30, 37, 45, 53, 60, 69, 75, 85, 90, 101, 105, 117, 120, 133, 135, 149, 150, 151, 152, 153, 154, 155, 156, 157, 158, 159, 160, 161, 162, 163, 164]
166: [1, 12, 16, 26, 31, 40, 46, 54, 61, 68, 76, 82, 91, 96, 106, 110, 121, 124, 136, 138, 151, 152]
167: [2, 13, 17, 27, 32, 41, 47, 55, 62, 69, 77, 83, 92, 97, 107, 111, 122, 125, 137, 139, 151, 152, 153, 166]
168: [3, 14, 18, 28, 33, 42, 48, 56, 63, 70, 78, 84, 93, 98, 108, 112, 123, 126, 136, 138, 140, 152, 153, 154, 166, 167]
169: [4, 15, 19, 29, 34, 43, 49, 57, 64, 71, 79, 85, 94, 99, 109, 113, 121, 124, 127, 137, 139, 141, 153, 154, 155, 166, 167, 168]
170: [5, 20, 30, 35, 44, 50, 58, 65, 72, 80, 86, 95, 100, 106, 110, 114, 122, 125, 128, 138, 140, 142, 154, 155, 156, 166, 167, 168, 169]
171: [6, 21, 36, 45, 51, 59, 66, 73, 81, 87, 91, 96, 101, 107, 111, 115, 123, 126, 129, 139, 141, 143, 155, 156, 157, 166, 167, 168, 169, 170]
172: [7, 22, 37, 52, 60, 67, 74, 76, 82, 88, 92, 97, 102, 108, 112, 116, 124, 127, 130, 140, 142, 144, 156, 157, 158, 166, 167, 168, 169, 170, 171]
173: [8, 23, 38, 53, 61, 68, 75, 77, 83, 89, 93, 98, 103, 109, 113, 117, 125, 128, 131, 141, 143, 145, 157, 158, 159, 166, 167, 168, 169, 170, 171, 172]
174: [9, 24, 39, 46, 54, 62, 69, 78, 84, 90, 94, 99, 104, 110, 114, 118, 126, 129, 132, 142, 144, 146, 158, 159, 160, 166, 167, 168, 169, 170, 171, 172, 173]
175: [10, 25, 31, 40, 47, 55, 63, 70, 79, 85, 95, 100, 105, 111, 115, 119, 127, 130, 133, 143, 145, 147, 159, 160, 161, 166, 167, 168, 169, 170, 171, 172, 173, 174]
176: [11, 16, 26, 32, 41, 48, 56, 64, 71, 80, 86, 96, 101, 112, 116, 120, 128, 131, 134, 144, 146, 148, 160, 161, 162, 166, 167, 168, 169, 170, 171, 172, 173, 174, 175]
177: [1, 12, 17, 27, 33, 42, 49, 57, 65, 72, 81, 87, 97, 102, 113, 117, 129, 132, 135, 145, 147, 149, 161, 162, 163, 166, 167, 168, 169, 170, 171, 172, 173, 174, 175, 176]
178: [2, 13, 18, 28, 34, 43, 50, 58, 66, 73, 82, 88, 98, 103, 114, 118, 130, 133, 146, 148, 150, 162, 163, 164, 166, 167, 168, 169, 170, 171, 172, 173, 174, 175, 176, 177]
179: [3, 14, 19, 29, 35, 44, 51, 59, 67, 74, 83, 89, 99, 104, 115, 119, 131, 134, 147, 149, 163, 164, 165, 166, 167, 168, 169, 170, 171, 172, 173, 174, 175, 176, 177, 178]
180: [4, 15, 20, 30, 36, 45, 52, 60, 68, 75, 84, 90, 100, 105, 116, 120, 132, 135, 148, 150, 164, 165, 166, 167, 168, 169, 170, 171, 172, 173, 174, 175, 176, 177, 178, 179]
181: [1, 13, 16, 27, 31, 41, 46, 55, 61, 69, 76, 83, 91, 97, 106, 111, 121, 125, 136, 139, 151, 153, 166, 167]
182: [2, 14, 17, 28, 32, 42, 47, 56, 62, 70, 77, 84, 92, 98, 107, 112, 122, 126, 137, 140, 152, 154, 166, 167, 168, 181]
183: [3, 15, 18, 29, 33, 43, 48, 57, 63, 71, 78, 85, 93, 99, 108, 113, 123, 127, 138, 141, 151, 153, 155, 167, 168, 169, 181, 182]
184: [4, 19, 30, 34, 44, 49, 58, 64, 72, 79, 86, 94, 100, 109, 114, 124, 128, 136, 139, 142, 152, 154, 156, 168, 169, 170, 181, 182, 183]
185: [5, 20, 35, 45, 50, 59, 65, 73, 80, 87, 95, 101, 110, 115, 121, 125, 129, 137, 140, 143, 153, 155, 157, 169, 170, 171, 181, 182, 183, 184]
186: [6, 21, 36, 51, 60, 66, 74, 81, 88, 96, 102, 106, 111, 116, 122, 126, 130, 138, 141, 144, 154, 156, 158, 170, 171, 172, 181, 182, 183, 184, 185]
187: [7, 22, 37, 52, 67, 75, 82, 89, 91, 97, 103, 107, 112, 117, 123, 127, 131, 139, 142, 145, 155, 157, 159, 171, 172, 173, 181, 182, 183, 184, 185, 186]
188: [8, 23, 38, 53, 68, 76, 83, 90, 92, 98, 104, 108, 113, 118, 124, 128, 132, 140, 143, 146, 156, 158, 160, 172, 173, 174, 181, 182, 183, 184, 185, 186, 187]
189: [9, 24, 39, 54, 61, 69, 77, 84, 93, 99, 105, 109, 114, 119, 125, 129, 133, 141, 144, 147, 157, 159, 161, 173, 174, 175, 181, 182, 183, 184, 185, 186, 187, 188]
190: [10, 25, 40, 46, 55, 62, 70, 78, 85, 94, 100, 110, 115, 120, 126, 130, 134, 142, 145, 148, 158, 160, 162, 174, 175, 176, 181, 182, 183, 184, 185, 186, 187, 188, 189]
191: [11, 26, 31, 41, 47, 56, 63, 71, 79, 86, 95, 101, 111, 116, 127, 131, 135, 143, 146, 149, 159, 161, 163, 175, 176, 177, 181, 182, 183, 184, 185, 186, 187, 188, 189, 190]
192: [12, 16, 27, 32, 42, 48, 57, 64, 72, 80, 87, 96, 102, 112, 117, 128, 132, 144, 147, 150, 160, 162, 164, 176, 177, 178, 181, 182, 183, 184, 185, 186, 187, 188, 189, 190, 191]
193: [1, 13, 17, 28, 33, 43, 49, 58, 65, 73, 81, 88, 97, 103, 113, 118, 129, 133, 145, 148, 161, 163, 165, 177, 178, 179, 181, 182, 183, 184, 185, 186, 187, 188, 189, 190, 191, 192]
194: [2, 14, 18, 29, 34, 44, 50, 59, 66, 74, 82, 89, 98, 104, 114, 119, 130, 134, 146, 149, 162, 164, 178, 179, 180, 181, 182, 183, 184, 185, 186, 187, 188, 189, 190, 191, 192, 193]
195: [3, 15, 19, 30, 35, 45, 51, 60, 67, 75, 83, 90, 99, 105, 115, 120, 131, 135, 147, 150, 163, 165, 179, 180, 181, 182, 183, 184, 185, 186, 187, 188, 189, 190, 191, 192, 193, 194]
196: [1, 14, 16, 28, 31, 42, 46, 56, 61, 70, 76, 84, 91, 98, 106, 112, 121, 126, 136, 140, 151, 154, 166, 168, 181, 182]
197: [2, 15, 17, 29, 32, 43, 47, 57, 62, 71, 77, 85, 92, 99, 107, 113, 122, 127, 137, 141, 152, 155, 167, 169, 181, 182, 183, 196]
198: [3, 18, 30, 33, 44, 48, 58, 63, 72, 78, 86, 93, 100, 108, 114, 123, 128, 138, 142, 153, 156, 166, 168, 170, 182, 183, 184, 196, 197]
199: [4, 19, 34, 45, 49, 59, 64, 73, 79, 87, 94, 101, 109, 115, 124, 129, 139, 143, 151, 154, 157, 167, 169, 171, 183, 184, 185, 196, 197, 198]
200: [5, 20, 35, 50, 60, 65, 74, 80, 88, 95, 102, 110, 116, 125, 130, 136, 140, 144, 152, 155, 158, 168, 170, 172, 184, 185, 186, 196, 197, 198, 199]
201: [6, 21, 36, 51, 66, 75, 81, 89, 96, 103, 111, 117, 121, 126, 131, 137, 141, 145, 153, 156, 159, 169, 171, 173, 185, 186, 187, 196, 197, 198, 199, 200]
202: [7, 22, 37, 52, 67, 82, 90, 97, 104, 106, 112, 118, 122, 127, 132, 138, 142, 146, 154, 157, 160, 170, 172, 174, 186, 187, 188, 196, 197, 198, 199, 200, 201]
203: [8, 23, 38, 53, 68, 83, 91, 98, 105, 107, 113, 119, 123, 128, 133, 139, 143, 147, 155, 158, 161, 171, 173, 175, 187, 188, 189, 196, 197, 198, 199, 200, 201, 202]
204: [9, 24, 39, 54, 69, 76, 84, 92, 99, 108, 114, 120, 124, 129, 134, 140, 144, 148, 156, 159, 162, 172, 174, 176, 188, 189, 190, 196, 197, 198, 199, 200, 201, 202, 203]
205: [10, 25, 40, 55, 61, 70, 77, 85, 93, 100, 109, 115, 125, 130, 135, 141, 145, 149, 157, 160, 163, 173, 175, 177, 189, 190, 191, 196, 197, 198, 199, 200, 201, 202, 203, 204]
206: [11, 26, 41, 46, 56, 62, 71, 78, 86, 94, 101, 110, 116, 126, 131, 142, 146, 150, 158, 161, 164, 174, 176, 178, 190, 191, 192, 196, 197, 198, 199, 200, 201, 202, 203, 204, 205]
207: [12, 27, 31, 42, 47, 57, 63, 72, 79, 87, 95, 102, 111, 117, 127, 132, 143, 147, 159, 162, 165, 175, 177, 179, 191, 192, 193, 196, 197, 198, 199, 200, 201, 202, 203, 204, 205, 206]
208: [13, 16, 28, 32, 43, 48, 58, 64, 73, 80, 88, 96, 103, 112, 118, 128, 133, 144, 148, 160, 163, 176, 178, 180, 192, 193, 194, 196, 197, 198, 199, 200, 201, 202, 203, 204, 205, 206, 207]
209: [1, 14, 17, 29, 33, 44, 49, 59, 65, 74, 81, 89, 97, 104, 113, 119, 129, 134, 145, 149, 161, 164, 177, 179, 193, 194, 195, 196, 197, 198, 199, 200, 201, 202, 203, 204, 205, 206, 207, 208]
210: [2, 15, 18, 30, 34, 45, 50, 60, 66, 75, 82, 90, 98, 105, 114, 120, 130, 135, 146, 150, 162, 165, 178, 180, 194, 195, 196, 197, 198, 199, 200, 201, 202, 203, 204, 205, 206, 207, 208, 209]
211: [1, 15, 16, 29, 31, 43, 46, 57, 61, 71, 76, 85, 91, 99, 106, 113, 121, 127, 136, 141, 151, 155, 166, 169, 181, 183, 196, 197]
212: [2, 17, 30, 32, 44, 47, 58, 62, 72, 77, 86, 92, 100, 107, 114, 122, 128, 137, 142, 152, 156, 167, 170, 182, 184, 196, 197, 198, 211]
213: [3, 18, 33, 45, 48, 59, 63, 73, 78, 87, 93, 101, 108, 115, 123, 129, 138, 143, 153, 157, 168, 171, 181, 183, 185, 197, 198, 199, 211, 212]
214: [4, 19, 34, 49, 60, 64, 74, 79, 88, 94, 102, 109, 116, 124, 130, 139, 144, 154, 158, 166, 169, 172, 182, 184, 186, 198, 199, 200, 211, 212, 213]
215: [5, 20, 35, 50, 65, 75, 80, 89, 95, 103, 110, 117, 125, 131, 140, 145, 151, 155, 159, 167, 170, 173, 183, 185, 187, 199, 200, 201, 211, 212, 213, 214]
216: [6, 21, 36, 51, 66, 81, 90, 96, 104, 111, 118, 126, 132, 136, 141, 146, 152, 156, 160, 168, 171, 174, 184, 186, 188, 200, 201, 202, 211, 212, 213, 214, 215]
217: [7, 22, 37, 52, 67, 82, 97, 105, 112, 119, 121, 127, 133, 137, 142, 147, 153, 157, 161, 169, 172, 175, 185, 187, 189, 201, 202, 203, 211, 212, 213, 214, 215, 216]
218: [8, 23, 38, 53, 68, 83, 98, 106, 113, 120, 122, 128, 134, 138, 143, 148, 154, 158, 162, 170, 173, 176, 186, 188, 190, 202, 203, 204, 211, 212, 213, 214, 215, 216, 217]
219: [9, 24, 39, 54, 69, 84, 91, 99, 107, 114, 123, 129, 135, 139, 144, 149, 155, 159, 163, 171, 174, 177, 187, 189, 191, 203, 204, 205, 211, 212, 213, 214, 215, 216, 217, 218]
220: [10, 25, 40, 55, 70, 76, 85, 92, 100, 108, 115, 124, 130, 140, 145, 150, 156, 160, 164, 172, 175, 178, 188, 190, 192, 204, 205, 206, 211, 212, 213, 214, 215, 216, 217, 218, 219]
221: [11, 26, 41, 56, 61, 71, 77, 86, 93, 101, 109, 116, 125, 131, 141, 146, 157, 161, 165, 173, 176, 179, 189, 191, 193, 205, 206, 207, 211, 212, 213, 214, 215, 216, 217, 218, 219, 220]
222: [12, 27, 42, 46, 57, 62, 72, 78, 87, 94, 102, 110, 117, 126, 132, 142, 147, 158, 162, 174, 177, 180, 190, 192, 194, 206, 207, 208, 211, 212, 213, 214, 215, 216, 217, 218, 219, 220, 221]
223: [13, 28, 31, 43, 47, 58, 63, 73, 79, 88, 95, 103, 111, 118, 127, 133, 143, 148, 159, 163, 175, 178, 191, 193, 195, 207, 208, 209, 211, 212, 213, 214, 215, 216, 217, 218, 219, 220, 221, 222]
224: [14, 16, 29, 32, 44, 48, 59, 64, 74, 80, 89, 96, 104, 112, 119, 128, 134, 144, 149, 160, 164, 176, 179, 192, 194, 208, 209, 210, 211, 212, 213, 214, 215, 216, 217, 218, 219, 220, 221, 222, 223]
225: [1, 15, 17, 30, 33, 45, 49, 60, 65, 75, 81, 90, 97, 105, 113, 120, 129, 135, 145, 150, 161, 165, 177, 180, 193, 195, 209, 210, 211, 212, 213, 214, 215, 216, 217, 218, 219, 220, 221, 222, 223, 224]
