Description:

Following is a problem description of Graph Coloring Problem. It contains two section.

1. Problem's data description
2. The adjacency list representation of that specific problem.

Please calculate the best solution for this problem, which is the minimum number of colors needed to color the graph such that no two adjacent nodes have the same color.


[GCP_DATA_INFO]
Type: GCP, Graph Coloring Problem
Node: 96
Edge: 2736

[ADJACENCY_List]
2: [1]
3: [1, 2]
4: [1, 2, 3]
5: [1, 2, 3, 4]
6: [1, 2, 3, 4, 5]
7: [1, 2, 3, 4, 5, 6]
8: [1, 2, 3, 4, 5, 6, 7]
9: [1, 2, 3, 4, 5, 6, 7, 8]
10: [1, 2, 3, 4, 5, 6, 7, 8, 9]
11: [1, 2, 3, 4, 5, 6, 7, 8, 9, 10]
12: [1, 2, 3, 4, 5, 6, 7, 8, 9, 10, 11]
13: [1, 2]
14: [1, 2, 3, 13]
15: [2, 3, 4, 13, 14]
16: [3, 4, 5, 13, 14, 15]
17: [4, 5, 6, 13, 14, 15, 16]
18: [5, 6, 7, 13, 14, 15, 16, 17]
19: [6, 7, 8, 13, 14, 15, 16, 17, 18]
20: [7, 8, 9, 13, 14, 15, 16, 17, 18, 19]
21: [8, 9, 10, 13, 14, 15, 16, 17, 18, 19, 20]
22: [9, 10, 11, 13, 14, 15, 16, 17, 18, 19, 20, 21]
23: [10, 11, 12, 13, 14, 15, 16, 17, 18, 19, 20, 21, 22]
24: [11, 12, 13, 14, 15, 16, 17, 18, 19, 20, 21, 22, 23]
25: [1, 3, 13, 14]
26: [2, 4, 13, 14, 15, 25]
27: [1, 3, 5, 14, 15, 16, 25, 26]
28: [2, 4, 6, 15, 16, 17, 25, 26, 27]
29: [3, 5, 7, 16, 17, 18, 25, 26, 27, 28]
30: [4, 6, 8, 17, 18, 19, 25, 26, 27, 28, 29]
31: [5, 7, 9, 18, 19, 20, 25, 26, 27, 28, 29, 30]
32: [6, 8, 10, 19, 20, 21, 25, 26, 27, 28, 29, 30, 31]
33: [7, 9, 11, 20, 21, 22, 25, 26, 27, 28, 29, 30, 31, 32]
34: [8, 10, 12, 21, 22, 23, 25, 26, 27, 28, 29, 30, 31, 32, 33]
35: [9, 11, 22, 23, 24, 25, 26, 27, 28, 29, 30, 31, 32, 33, 34]
36: [10, 12, 23, 24, 25, 26, 27, 28, 29, 30, 31, 32, 33, 34, 35]
37: [1, 4, 13, 15, 25, 26]
38: [2, 5, 14, 16, 25, 26, 27, 37]
39: [3, 6, 13, 15, 17, 26, 27, 28, 37, 38]
40: [1, 4, 7, 14, 16, 18, 27, 28, 29, 37, 38, 39]
41: [2, 5, 8, 15, 17, 19, 28, 29, 30, 37, 38, 39, 40]
42: [3, 6, 9, 16, 18, 20, 29, 30, 31, 37, 38, 39, 40, 41]
43: [4, 7, 10, 17, 19, 21, 30, 31, 32, 37, 38, 39, 40, 41, 42]
44: [5, 8, 11, 18, 20, 22, 31, 32, 33, 37, 38, 39, 40, 41, 42, 43]
45: [6, 9, 12, 19, 21, 23, 32, 33, 34, 37, 38, 39, 40, 41, 42, 43, 44]
46: [7, 10, 20, 22, 24, 33, 34, 35, 37, 38, 39, 40, 41, 42, 43, 44, 45]
47: [8, 11, 21, 23, 34, 35, 36, 37, 38, 39, 40, 41, 42, 43, 44, 45, 46]
48: [9, 12, 22, 24, 35, 36, 37, 38, 39, 40, 41, 42, 43, 44, 45, 46, 47]
49: [1, 5, 13, 16, 25, 27, 37, 38]
50: [2, 6, 14, 17, 26, 28, 37, 38, 39, 49]
51: [3, 7, 15, 18, 25, 27, 29, 38, 39, 40, 49, 50]
52: [4, 8, 13, 16, 19, 26, 28, 30, 39, 40, 41, 49, 50, 51]
53: [1, 5, 9, 14, 17, 20, 27, 29, 31, 40, 41, 42, 49, 50, 51, 52]
54: [2, 6, 10, 15, 18, 21, 28, 30, 32, 41, 42, 43, 49, 50, 51, 52, 53]
55: [3, 7, 11, 16, 19, 22, 29, 31, 33, 42, 43, 44, 49, 50, 51, 52, 53, 54]
56: [4, 8, 12, 17, 20, 23, 30, 32, 34, 43, 44, 45, 49, 50, 51, 52, 53, 54, 55]
57: [5, 9, 18, 21, 24, 31, 33, 35, 44, 45, 46, 49, 50, 51, 52, 53, 54, 55, 56]
58: [6, 10, 19, 22, 32, 34, 36, 45, 46, 47, 49, 50, 51, 52, 53, 54, 55, 56, 57]
59: [7, 11, 20, 23, 33, 35, 46, 47, 48, 49, 50, 51, 52, 53, 54, 55, 56, 57, 58]
60: [8, 12, 21, 24, 34, 36, 47, 48, 49, 50, 51, 52, 53, 54, 55, 56, 57, 58, 59]
61: [1, 6, 13, 17, 25, 28, 37, 39, 49, 50]
62: [2, 7, 14, 18, 26, 29, 38, 40, 49, 50, 51, 61]
63: [3, 8, 15, 19, 27, 30, 37, 39, 41, 50, 51, 52, 61, 62]
64: [4, 9, 16, 20, 25, 28, 31, 38, 40, 42, 51, 52, 53, 61, 62, 63]
65: [5, 10, 13, 17, 21, 26, 29, 32, 39, 41, 43, 52, 53, 54, 61, 62, 63, 64]
66: [1, 6, 11, 14, 18, 22, 27, 30, 33, 40, 42, 44, 53, 54, 55, 61, 62, 63, 64, 65]
67: [2, 7, 12, 15, 19, 23, 28, 31, 34, 41, 43, 45, 54, 55, 56, 61, 62, 63, 64, 65, 66]
68: [3, 8, 16, 20, 24, 29, 32, 35, 42, 44, 46, 55, 56, 57, 61, 62, 63, 64, 65, 66, 67]
69: [4, 9, 17, 21, 30, 33, 36, 43, 45, 47, 56, 57, 58, 61, 62, 63, 64, 65, 66, 67, 68]
70: [5, 10, 18, 22, 31, 34, 44, 46, 48, 57, 58, 59, 61, 62, 63, 64, 65, 66, 67, 68, 69]
71: [6, 11, 19, 23, 32, 35, 45, 47, 58, 59, 60, 61, 62, 63, 64, 65, 66, 67, 68, 69, 70]
72: [7, 12, 20, 24, 33, 36, 46, 48, 59, 60, 61, 62, 63, 64, 65, 66, 67, 68, 69, 70, 71]
73: [1, 7, 13, 18, 25, 29, 37, 40, 49, 51, 61, 62]
74: [2, 8, 14, 19, 26, 30, 38, 41, 50, 52, 61, 62, 63, 73]
75: [3, 9, 15, 20, 27, 31, 39, 42, 49, 51, 53, 62, 63, 64, 73, 74]
76: [4, 10, 16, 21, 28, 32, 37, 40, 43, 50, 52, 54, 63, 64, 65, 73, 74, 75]
77: [5, 11, 17, 22, 25, 29, 33, 38, 41, 44, 51, 53, 55, 64, 65, 66, 73, 74, 75, 76]
78: [6, 12, 13, 18, 23, 26, 30, 34, 39, 42, 45, 52, 54, 56, 65, 66, 67, 73, 74, 75, 76, 77]
79: [1, 7, 14, 19, 24, 27, 31, 35, 40, 43, 46, 53, 55, 57, 66, 67, 68, 73, 74, 75, 76, 77, 78]
80: [2, 8, 15, 20, 28, 32, 36, 41, 44, 47, 54, 56, 58, 67, 68, 69, 73, 74, 75, 76, 77, 78, 79]
81: [3, 9, 16, 21, 29, 33, 42, 45, 48, 55, 57, 59, 68, 69, 70, 73, 74, 75, 76, 77, 78, 79, 80]
82: [4, 10, 17, 22, 30, 34, 43, 46, 56, 58, 60, 69, 70, 71, 73, 74, 75, 76, 77, 78, 79, 80, 81]
83: [5, 11, 18, 23, 31, 35, 44, 47, 57, 59, 70, 71, 72, 73, 74, 75, 76, 77, 78, 79, 80, 81, 82]
84: [6, 12, 19, 24, 32, 36, 45, 48, 58, 60, 71, 72, 73, 74, 75, 76, 77, 78, 79, 80, 81, 82, 83]
85: [1, 8, 13, 19, 25, 30, 37, 41, 49, 52, 61, 63, 73, 74]
86: [2, 9, 14, 20, 26, 31, 38, 42, 50, 53, 62, 64, 73, 74, 75, 85]
87: [3, 10, 15, 21, 27, 32, 39, 43, 51, 54, 61, 63, 65, 74, 75, 76, 85, 86]
88: [4, 11, 16, 22, 28, 33, 40, 44, 49, 52, 55, 62, 64, 66, 75, 76, 77, 85, 86, 87]
89: [5, 12, 17, 23, 29, 34, 37, 41, 45, 50, 53, 56, 63, 65, 67, 76, 77, 78, 85, 86, 87, 88]
90: [6, 18, 24, 25, 30, 35, 38, 42, 46, 51, 54, 57, 64, 66, 68, 77, 78, 79, 85, 86, 87, 88, 89]
91: [7, 13, 19, 26, 31, 36, 39, 43, 47, 52, 55, 58, 65, 67, 69, 78, 79, 80, 85, 86, 87, 88, 89, 90]
92: [1, 8, 14, 20, 27, 32, 40, 44, 48, 53, 56, 59, 66, 68, 70, 79, 80, 81, 85, 86, 87, 88, 89, 90, 91]
93: [2, 9, 15, 21, 28, 33, 41, 45, 54, 57, 60, 67, 69, 71, 80, 81, 82, 85, 86, 87, 88, 89, 90, 91, 92]
94: [3, 10, 16, 22, 29, 34, 42, 46, 55, 58, 68, 70, 72, 81, 82, 83, 85, 86, 87, 88, 89, 90, 91, 92, 93]
95: [4, 11, 17, 23, 30, 35, 43, 47, 56, 59, 69, 71, 82, 83, 84, 85, 86, 87, 88, 89, 90, 91, 92, 93, 94]
96: [5, 12, 18, 24, 31, 36, 44, 48, 57, 60, 70, 72, 83, 84, 85, 86, 87, 88, 89, 90, 91, 92, 93, 94, 95]
