Description:

Following is a problem description of Graph Coloring Problem. It contains two section.

1. Problem's data description
2. The adjacency list representation of that specific problem.

Please calculate the best solution for this problem, which is the minimum number of colors needed to color the graph such that no two adjacent nodes have the same color.


[GCP_DATA_INFO]
Type: GCP, Graph Coloring Problem
Node: 81
Edge: 2112

[ADJACENCY_List]
2: [1]
3: [1, 2]
4: [1, 2, 3]
5: [1, 2, 3, 4]
6: [1, 2, 3, 4, 5]
7: [1, 2, 3, 4, 5, 6]
8: [1, 2, 3, 4, 5, 6, 7]
9: [1, 2, 3, 4, 5, 6, 7, 8]
10: [1, 2]
11: [1, 2, 3, 10]
12: [2, 3, 4, 10, 11]
13: [3, 4, 5, 10, 11, 12]
14: [4, 5, 6, 10, 11, 12, 13]
15: [5, 6, 7, 10, 11, 12, 13, 14]
16: [6, 7, 8, 10, 11, 12, 13, 14, 15]
17: [7, 8, 9, 10, 11, 12, 13, 14, 15, 16]
18: [8, 9, 10, 11, 12, 13, 14, 15, 16, 17]
19: [1, 3, 10, 11]
20: [2, 4, 10, 11, 12, 19]
21: [1, 3, 5, 11, 12, 13, 19, 20]
22: [2, 4, 6, 12, 13, 14, 19, 20, 21]
23: [3, 5, 7, 13, 14, 15, 19, 20, 21, 22]
24: [4, 6, 8, 14, 15, 16, 19, 20, 21, 22, 23]
25: [5, 7, 9, 15, 16, 17, 19, 20, 21, 22, 23, 24]
26: [6, 8, 16, 17, 18, 19, 20, 21, 22, 23, 24, 25]
27: [7, 9, 17, 18, 19, 20, 21, 22, 23, 24, 25, 26]
28: [1, 4, 10, 12, 19, 20]
29: [2, 5, 11, 13, 19, 20, 21, 28]
30: [3, 6, 10, 12, 14, 20, 21, 22, 28, 29]
31: [1, 4, 7, 11, 13, 15, 21, 22, 23, 28, 29, 30]
32: [2, 5, 8, 12, 14, 16, 22, 23, 24, 28, 29, 30, 31]
33: [3, 6, 9, 13, 15, 17, 23, 24, 25, 28, 29, 30, 31, 32]
34: [4, 7, 14, 16, 18, 24, 25, 26, 28, 29, 30, 31, 32, 33]
35: [5, 8, 15, 17, 25, 26, 27, 28, 29, 30, 31, 32, 33, 34]
36: [6, 9, 16, 18, 26, 27, 28, 29, 30, 31, 32, 33, 34, 35]
37: [1, 5, 10, 13, 19, 21, 28, 29]
38: [2, 6, 11, 14, 20, 22, 28, 29, 30, 37]
39: [3, 7, 12, 15, 19, 21, 23, 29, 30, 31, 37, 38]
40: [4, 8, 10, 13, 16, 20, 22, 24, 30, 31, 32, 37, 38, 39]
41: [1, 5, 9, 11, 14, 17, 21, 23, 25, 31, 32, 33, 37, 38, 39, 40]
42: [2, 6, 12, 15, 18, 22, 24, 26, 32, 33, 34, 37, 38, 39, 40, 41]
43: [3, 7, 13, 16, 23, 25, 27, 33, 34, 35, 37, 38, 39, 40, 41, 42]
44: [4, 8, 14, 17, 24, 26, 34, 35, 36, 37, 38, 39, 40, 41, 42, 43]
45: [5, 9, 15, 18, 25, 27, 35, 36, 37, 38, 39, 40, 41, 42, 43, 44]
46: [1, 6, 10, 14, 19, 22, 28, 30, 37, 38]
47: [2, 7, 11, 15, 20, 23, 29, 31, 37, 38, 39, 46]
48: [3, 8, 12, 16, 21, 24, 28, 30, 32, 38, 39, 40, 46, 47]
49: [4, 9, 13, 17, 19, 22, 25, 29, 31, 33, 39, 40, 41, 46, 47, 48]
50: [5, 10, 14, 18, 20, 23, 26, 30, 32, 34, 40, 41, 42, 46, 47, 48, 49]
51: [1, 6, 11, 15, 21, 24, 27, 31, 33, 35, 41, 42, 43, 46, 47, 48, 49, 50]
52: [2, 7, 12, 16, 22, 25, 32, 34, 36, 42, 43, 44, 46, 47, 48, 49, 50, 51]
53: [3, 8, 13, 17, 23, 26, 33, 35, 43, 44, 45, 46, 47, 48, 49, 50, 51, 52]
54: [4, 9, 14, 18, 24, 27, 34, 36, 44, 45, 46, 47, 48, 49, 50, 51, 52, 53]
55: [1, 7, 10, 15, 19, 23, 28, 31, 37, 39, 46, 47]
56: [2, 8, 11, 16, 20, 24, 29, 32, 38, 40, 46, 47, 48, 55]
57: [3, 9, 12, 17, 21, 25, 30, 33, 37, 39, 41, 47, 48, 49, 55, 56]
58: [4, 13, 18, 22, 26, 28, 31, 34, 38, 40, 42, 48, 49, 50, 55, 56, 57]
59: [5, 14, 19, 23, 27, 29, 32, 35, 39, 41, 43, 49, 50, 51, 55, 56, 57, 58]
60: [6, 10, 15, 20, 24, 30, 33, 36, 40, 42, 44, 50, 51, 52, 55, 56, 57, 58, 59]
61: [1, 7, 11, 16, 21, 25, 31, 34, 41, 43, 45, 51, 52, 53, 55, 56, 57, 58, 59, 60]
62: [2, 8, 12, 17, 22, 26, 32, 35, 42, 44, 52, 53, 54, 55, 56, 57, 58, 59, 60, 61]
63: [3, 9, 13, 18, 23, 27, 33, 36, 43, 45, 53, 54, 55, 56, 57, 58, 59, 60, 61, 62]
64: [1, 8, 10, 16, 19, 24, 28, 32, 37, 40, 46, 48, 55, 56]
65: [2, 9, 11, 17, 20, 25, 29, 33, 38, 41, 47, 49, 55, 56, 57, 64]
66: [3, 12, 18, 21, 26, 30, 34, 39, 42, 46, 48, 50, 56, 57, 58, 64, 65]
67: [4, 13, 22, 27, 31, 35, 37, 40, 43, 47, 49, 51, 57, 58, 59, 64, 65, 66]
68: [5, 14, 23, 28, 32, 36, 38, 41, 44, 48, 50, 52, 58, 59, 60, 64, 65, 66, 67]
69: [6, 15, 19, 24, 29, 33, 39, 42, 45, 49, 51, 53, 59, 60, 61, 64, 65, 66, 67, 68]
70: [7, 10, 16, 20, 25, 30, 34, 40, 43, 50, 52, 54, 60, 61, 62, 64, 65, 66, 67, 68, 69]
71: [1, 8, 11, 17, 21, 26, 31, 35, 41, 44, 51, 53, 61, 62, 63, 64, 65, 66, 67, 68, 69, 70]
72: [2, 9, 12, 18, 22, 27, 32, 36, 42, 45, 52, 54, 62, 63, 64, 65, 66, 67, 68, 69, 70, 71]
73: [1, 9, 10, 17, 19, 25, 28, 33, 37, 41, 46, 49, 55, 57, 64, 65]
74: [2, 11, 18, 20, 26, 29, 34, 38, 42, 47, 50, 56, 58, 64, 65, 66, 73]
75: [3, 12, 21, 27, 30, 35, 39, 43, 48, 51, 55, 57, 59, 65, 66, 67, 73, 74]
76: [4, 13, 22, 31, 36, 40, 44, 46, 49, 52, 56, 58, 60, 66, 67, 68, 73, 74, 75]
77: [5, 14, 23, 32, 37, 41, 45, 47, 50, 53, 57, 59, 61, 67, 68, 69, 73, 74, 75, 76]
78: [6, 15, 24, 28, 33, 38, 42, 48, 51, 54, 58, 60, 62, 68, 69, 70, 73, 74, 75, 76, 77]
79: [7, 16, 19, 25, 29, 34, 39, 43, 49, 52, 59, 61, 63, 69, 70, 71, 73, 74, 75, 76, 77, 78]
80: [8, 10, 17, 20, 26, 30, 35, 40, 44, 50, 53, 60, 62, 70, 71, 72, 73, 74, 75, 76, 77, 78, 79]
81: [1, 9, 11, 18, 21, 27, 31, 36, 41, 45, 51, 54, 61, 63, 71, 72, 73, 74, 75, 76, 77, 78, 79, 80]
