Description:

Following is a problem description of Graph Coloring Problem. It contains two section.

1. Problem's data description
2. The adjacency list representation of that specific problem.

Please calculate the best solution for this problem, which is the minimum number of colors needed to color the graph such that no two adjacent nodes have the same color.


[GCP_DATA_INFO]
Type: GCP, Graph Coloring Problem
Node: 211
Edge: 4100

[ADJACENCY_List]
2: [1]
3: [1, 2]
4: [1, 2, 3]
5: [1, 2, 3, 4]
6: [1, 2, 3, 4, 5]
7: [1, 2, 3, 4, 5, 6]
8: [1, 2, 3, 4, 5, 6, 7]
9: [1, 2, 3, 4, 5, 6, 7, 8]
10: [1, 2, 3, 4, 5, 6, 7, 8, 9]
11: [1, 2, 3, 4, 5, 6, 7, 8, 9, 10]
12: [1, 2, 3, 4, 5, 6, 7, 8, 9, 10, 11]
13: [1, 2, 3, 4, 5, 6, 7, 8, 9, 10, 11, 12]
14: [1, 2, 3, 4, 5, 6, 7, 8, 9, 10, 11, 12, 13]
15: [1, 2, 3, 4, 5, 6, 7, 8, 9, 10, 11, 12, 13, 14]
16: [1, 2, 3, 4, 5, 6, 7, 8, 9, 10, 11, 12, 13, 14, 15]
18: [17]
19: [17, 18]
20: [17, 18, 19]
21: [17, 18, 19, 20]
22: [17, 18, 19, 20, 21]
23: [17, 18, 19, 20, 21, 22]
24: [17, 18, 19, 20, 21, 22, 23]
25: [17, 18, 19, 20, 21, 22, 23, 24]
26: [17, 18, 19, 20, 21, 22, 23, 24, 25]
27: [17, 18, 19, 20, 21, 22, 23, 24, 25, 26]
28: [17, 18, 19, 20, 21, 22, 23, 24, 25, 26, 27]
29: [17, 18, 19, 20, 21, 22, 23, 24, 25, 26, 27, 28]
30: [17, 18, 19, 20, 21, 22, 23, 24, 25, 26, 27, 28, 29]
31: [17, 18, 19, 20, 21, 22, 23, 24, 25, 26, 27, 28, 29, 30]
32: [17, 18, 19, 20, 21, 22, 23, 24, 25, 26, 27, 28, 29, 30, 31]
33: [1, 2, 3, 4, 5, 6, 7, 8, 9, 10, 11, 12, 13, 14, 15, 16, 17, 27, 28, 29, 30, 31, 32]
36: [1, 2, 3, 4, 5, 6, 7, 8, 9, 10, 11, 12, 13, 14, 15, 16, 17, 27, 28, 29, 30, 31, 32, 33]
41: [1, 2, 3, 4, 5, 6, 7, 8, 9, 10, 11, 12, 13, 14, 15, 16, 17, 27, 28, 29, 30, 31, 32, 33, 36]
43: [1, 2, 3, 4, 5, 6, 7, 8, 9, 10, 11, 12, 13, 14, 15, 16, 17, 27, 28, 29, 30, 31, 32, 33, 36, 41]
45: [1, 2, 3, 4, 5, 6, 7, 8, 9, 10, 11, 12, 13, 14, 15, 16, 17, 27, 28, 29, 30, 31, 32, 33, 36, 41, 43]
47: [1, 2, 3, 4, 5, 6, 7, 8, 9, 10, 11, 12, 13, 14, 15, 16, 17, 27, 28, 29, 30, 31, 32, 33, 36]
48: [1, 2, 3, 4, 5, 6, 7, 8, 9, 10, 11, 12, 13, 14, 15, 16, 17, 27, 28, 29, 30, 31, 32, 33, 36, 41, 43, 45, 47]
51: [1, 2, 3, 4, 5, 6, 7, 8, 9, 10, 11, 12, 13, 14, 15, 16, 17, 27, 33, 36, 41, 43, 45, 47, 48]
54: [1, 2, 3, 4, 5, 6, 7, 8, 9, 10, 11, 12, 13, 14, 15, 16, 17, 27, 28, 29, 30, 31, 32, 33, 36, 41, 43, 45, 48, 51]
56: [1, 2, 3, 4, 5, 6, 7, 8, 9, 10, 11, 12, 13, 14, 15, 16, 17, 27, 36, 41, 43, 45, 51, 54]
57: [1, 2, 3, 4, 5, 6, 7, 8, 9, 10, 11, 12, 13, 14, 15, 16, 17, 27, 36, 41, 43, 45, 51, 54, 56]
59: [1, 2, 3, 4, 5, 6, 7, 8, 9, 10, 11, 12, 13, 14, 15, 16, 17, 27, 28, 29, 30, 31, 32, 33, 36, 41, 43, 45, 48, 51, 54, 56, 57]
60: [1, 2, 3, 4, 5, 6, 7, 8, 9, 10, 11, 12, 13, 14, 15, 16, 17, 27, 33, 36, 41, 43, 45, 48, 51, 54]
61: [1, 2, 3, 4, 5, 6, 7, 8, 9, 10, 11, 12, 13, 14, 15, 16, 17, 27, 33, 36, 41, 43, 45, 48, 51, 54, 60]
62: [1, 2, 3, 4, 5, 6, 7, 8, 9, 10, 11, 12, 13, 14, 15, 16, 17, 27, 33, 36, 41, 43, 45, 48, 51, 54, 56, 57, 59, 61]
63: [1, 2, 3, 5, 6, 7, 8, 9, 10, 11, 12, 13, 14, 15, 16, 17, 18, 19, 20, 21, 22, 23, 24, 25, 26, 27, 28, 29, 30, 31, 32]
64: [1, 2, 3, 6, 7, 8, 9, 10, 11, 12, 13, 14, 15, 16, 17, 18, 19, 20, 21, 22, 23, 24, 25, 26, 27, 28, 29, 30, 31, 32, 63]
65: [1, 2, 3, 7, 8, 9, 10, 11, 12, 13, 14, 15, 16, 17, 18, 19, 20, 21, 22, 23, 24, 25, 26, 27, 28, 29, 30, 31, 32, 63, 64]
66: [1, 2, 3, 8, 9, 10, 11, 12, 13, 14, 15, 16, 17, 18, 19, 20, 21, 22, 23, 24, 25, 26, 27, 28, 29, 30, 31, 32, 63, 64, 65]
67: [1, 2, 3, 9, 10, 11, 12, 13, 14, 15, 16, 17, 18, 19, 20, 21, 22, 23, 24, 25, 26, 27, 28, 29, 30, 31, 32, 63, 64, 65, 66]
68: [1, 2, 3, 10, 11, 12, 13, 14, 15, 16, 17, 18, 19, 20, 21, 22, 23, 24, 25, 26, 27, 28, 29, 30, 31, 32, 63, 64, 65, 66, 67]
69: [1, 2, 3, 11, 12, 13, 14, 15, 16, 17, 18, 19, 20, 21, 22, 23, 24, 25, 26, 27, 28, 29, 30, 31, 32, 63, 64, 65, 66, 67, 68]
70: [1, 2, 3, 11, 12, 13, 14, 15, 16, 17, 18, 19, 20, 21, 22, 23, 24, 25, 26, 27, 28, 29, 30, 31, 32, 63, 64, 65, 66, 67, 68, 69]
71: [1, 2, 3, 4, 5, 6, 7, 8, 9, 10, 11, 12, 13, 14, 15, 16, 17, 19, 20, 21, 22, 23, 24, 25, 26, 27, 28, 29, 30, 31, 32, 33, 36, 41, 43, 45, 47, 48, 51, 54, 56, 57, 59, 60, 61, 62]
72: [1, 2, 3, 4, 5, 6, 7, 8, 9, 10, 11, 12, 13, 14, 15, 16, 17, 20, 21, 22, 23, 24, 25, 26, 27, 28, 29, 30, 31, 32, 33, 36, 41, 43, 45, 47, 48, 51, 54, 56, 57, 59, 60, 61, 62, 71]
73: [1, 2, 3, 4, 5, 6, 7, 8, 9, 10, 11, 12, 13, 14, 15, 16, 17, 21, 22, 23, 24, 25, 26, 27, 28, 29, 30, 31, 32, 33, 36, 41, 43, 45, 47, 48, 51, 54, 56, 57, 59, 60, 61, 62, 71, 72]
74: [1, 2, 3, 4, 5, 6, 7, 8, 9, 10, 11, 12, 13, 14, 15, 16, 17, 22, 23, 24, 25, 26, 27, 28, 29, 30, 31, 32, 33, 36, 41, 43, 45, 47, 48, 51, 54, 56, 57, 59, 60, 61, 62, 71, 72, 73]
75: [1, 2, 3, 4, 5, 6, 7, 8, 9, 10, 11, 12, 13, 14, 15, 16, 17, 23, 24, 25, 26, 27, 28, 29, 30, 31, 32, 33, 36, 41, 43, 45, 47, 48, 51, 54, 56, 57, 59, 60, 61, 62, 71, 72, 73, 74]
76: [1, 2, 3, 4, 5, 6, 7, 8, 9, 10, 11, 12, 13, 14, 15, 16, 17, 24, 25, 26, 27, 28, 29, 30, 31, 32, 33, 36, 41, 43, 45, 47, 48, 51, 54, 56, 57, 59, 60, 61, 62, 71, 72, 73, 74, 75]
77: [1, 2, 3, 4, 5, 6, 7, 8, 9, 10, 11, 12, 13, 14, 15, 16, 17, 25, 26, 27, 28, 29, 30, 31, 32, 33, 36, 41, 43, 45, 47, 48, 51, 54, 56, 57, 59, 60, 61, 62, 71, 72, 73, 74, 75, 76]
78: [1, 2, 3, 4, 5, 6, 7, 8, 9, 10, 11, 12, 13, 14, 15, 16, 17, 26, 27, 28, 29, 30, 31, 32, 33, 36, 41, 43, 45, 47, 48, 51, 54, 56, 57, 59, 60, 61, 62, 71, 72, 73, 74, 75, 76, 77]
79: [1, 2, 3, 4, 5, 6, 7, 8, 9, 10, 11, 12, 13, 14, 15, 16, 17, 27, 28, 29, 30, 31, 32, 33, 36, 41, 43, 45, 47, 48, 51, 54, 56, 57, 59, 60, 61, 62, 71, 72, 73, 74, 75, 76, 77, 78]
80: [1, 2, 3, 11, 12, 13, 14, 15, 16, 17, 18, 19, 20, 21, 22, 23, 24, 25, 26, 27, 28, 29, 30, 31, 32, 63, 64, 65, 66, 67, 68, 69, 70]
81: [1, 2, 3, 4, 5, 6, 7, 8, 9, 10, 11, 12, 13, 14, 15, 16, 17, 27, 28, 29, 30, 31, 32, 33, 36, 41, 43, 45, 47, 48, 51, 54, 56, 57, 59, 60, 61, 62, 71, 72, 73, 74, 75, 76, 77, 78, 79]
83: [1, 2, 3, 11, 12, 13, 14, 15, 16, 17, 18, 19, 20, 21, 22, 23, 24, 25, 26, 27, 28, 29, 30, 31, 32, 63, 64, 65, 66, 67, 68, 69, 70, 80]
84: [1, 2, 3, 4, 5, 6, 7, 8, 9, 10, 11, 12, 13, 14, 15, 16, 17, 27, 28, 29, 30, 31, 32, 33, 36, 41, 43, 45, 47, 48, 51, 54, 56, 57, 59, 60, 61, 62, 71, 72, 73, 74, 75, 76, 77, 78, 79, 81]
86: [1, 2, 3, 11, 12, 13, 14, 15, 16, 17, 18, 19, 20, 21, 22, 23, 24, 25, 26, 27, 28, 29, 30, 31, 32, 63, 64, 65, 66, 67, 68, 69, 70, 80, 83]
87: [1, 2, 3, 11, 12, 13, 14, 15, 16, 17, 18, 19, 20, 21, 22, 23, 24, 25, 26, 27, 28, 29, 30, 31, 32, 63, 64, 65, 66, 67, 68, 69, 70, 80, 83, 86]
88: [1, 2, 3, 4, 5, 6, 7, 8, 9, 10, 11, 12, 13, 14, 15, 16, 17, 27, 28, 29, 30, 31, 32, 33, 36, 41, 43, 45, 47, 48, 51, 54, 56, 57, 59, 60, 61, 62, 71, 72, 73, 74, 75, 76, 77, 78, 79, 81, 84]
90: [1, 2, 3, 4, 5, 6, 7, 8, 9, 10, 11, 12, 13, 14, 15, 16, 17, 27, 28, 29, 30, 31, 32, 33, 36, 41, 43, 45, 47, 48, 51, 54, 56, 57, 59, 60, 61, 62, 71, 72, 73, 74, 75, 76, 77, 78, 79, 81, 84, 88]
92: [1, 2, 3, 4, 5, 6, 7, 8, 9, 10, 11, 12, 13, 14, 15, 16, 17, 27, 28, 29, 30, 31, 32, 33, 36, 41, 43, 45, 47, 48, 51, 54, 56, 57, 59, 60, 61, 62, 71, 72, 73, 74, 75, 76, 77, 78, 79, 81, 84, 88, 90]
95: [1, 2, 3, 4, 5, 6, 7, 8, 9, 10, 11, 12, 13, 14, 15, 16, 17, 47, 71, 72, 73, 74, 75, 76, 77, 78, 79, 81, 84, 88, 90, 92]
97: [1, 2, 3, 4, 5, 6, 7, 8, 9, 10, 11, 12, 13, 14, 15, 16, 17, 47, 71, 72, 73, 74, 75, 76, 77, 78, 79, 81, 84, 88, 90, 92]
103: [1, 2, 3, 11, 12, 13, 14, 15, 16, 17, 18, 19, 20, 21, 22, 23, 24, 25, 26, 27, 28, 29, 30, 31, 32, 63, 64, 65, 66, 67, 68, 69, 70, 80, 83, 86, 87]
106: [1, 2, 3, 4, 5, 6, 7, 8, 9, 10, 11, 12, 13, 14, 15, 16, 17, 27, 28, 29, 30, 31, 32, 33, 36, 41, 43, 45, 48, 51, 54, 56, 57, 59, 60, 61, 62, 71, 72, 73, 74, 75, 76, 77, 78, 79, 81, 84, 88, 90, 92]
113: [1, 2, 3, 4, 5, 6, 7, 8, 9, 10, 11, 12, 13, 14, 15, 16, 17, 27, 33, 36, 41, 43, 45, 48, 51, 54, 59, 71, 72, 73, 74, 75, 76, 77, 78, 79, 81, 84, 88, 90, 92, 106]
114: [1, 2, 3, 4, 5, 6, 7, 8, 9, 10, 11, 12, 13, 14, 15, 16, 17, 27, 33, 36, 41, 43, 45, 48, 51, 54, 71, 72, 73, 74, 75, 76, 77, 78, 79, 81, 84, 88, 90, 92, 106]
121: [1, 2, 3, 4, 5, 6, 7, 8, 9, 10, 11, 12, 13, 14, 15, 16, 17, 27, 33, 36, 41, 43, 45, 48, 51, 54, 71, 72, 73, 74, 75, 76, 77, 78, 79, 81, 84, 88, 90, 92, 106]
124: [1, 2, 3, 4, 5, 6, 7, 8, 9, 10, 11, 12, 13, 14, 15, 16, 17, 27, 33, 36, 41, 43, 45, 48, 51, 54, 56, 57, 59, 60, 61, 62, 71, 72, 73, 74, 75, 76, 77, 78, 79, 81, 84, 88, 90, 92, 106]
126: [1, 2, 3, 4, 5, 6, 7, 8, 9, 10, 11, 12, 13, 14, 15, 16, 17, 27, 33, 36, 41, 43, 45, 48, 51, 54, 60, 61, 71, 72, 73, 74, 75, 76, 77, 78, 79, 81, 84, 88, 90, 92, 106, 124]
129: [1, 2, 3, 4, 5, 6, 7, 8, 9, 10, 11, 12, 13, 14, 15, 16, 17, 27, 33, 36, 41, 43, 45, 48, 51, 54, 61, 62, 71, 72, 73, 74, 75, 76, 77, 78, 79, 81, 84, 88, 90, 92, 106, 124]
132: [1, 2, 3, 4, 5, 6, 7, 8, 9, 10, 11, 12, 13, 14, 15, 16, 17, 27, 33, 36, 41, 43, 45, 48, 51, 54, 56, 57, 59, 62, 71, 72, 73, 74, 75, 76, 77, 78, 79, 81, 84, 88, 90, 92, 106, 124]
134: [1, 2, 3, 4, 5, 6, 7, 8, 9, 10, 11, 12, 13, 14, 15, 16, 17, 27, 33, 36, 41, 43, 45, 48, 51, 54, 62, 71, 72, 73, 74, 75, 76, 77, 78, 79, 81, 84, 88, 90, 92, 106, 124, 132]
135: [1, 2, 3, 4, 5, 6, 7, 8, 9, 10, 11, 12, 13, 14, 15, 16, 17, 27, 33, 36, 41, 43, 45, 48, 51, 54, 62, 71, 72, 73, 74, 75, 76, 77, 78, 79, 81, 84, 88, 90, 92, 106, 124, 132]
140: [1, 2, 3, 4, 5, 6, 7, 8, 9, 10, 11, 12, 13, 14, 15, 16, 17, 27, 28, 29, 30, 31, 32, 33, 36, 41, 43, 45, 48, 51, 54, 56, 57, 59, 62, 71, 72, 73, 74, 75, 76, 77, 78, 79, 81, 84, 88, 90, 92, 106, 124, 132]
141: [1, 2, 3, 4, 5, 6, 7, 8, 9, 10, 11, 12, 13, 14, 15, 16, 17, 27, 33, 36, 41, 43, 45, 48, 51, 54, 59, 62, 71, 72, 73, 74, 75, 76, 77, 78, 79, 81, 84, 88, 90, 92, 106, 124, 132, 140]
142: [1, 2, 3, 4, 5, 6, 7, 8, 9, 10, 11, 12, 13, 14, 15, 16, 17, 27, 33, 36, 41, 43, 45, 48, 51, 54, 59, 62, 71, 72, 73, 74, 75, 76, 77, 78, 79, 81, 84, 88, 90, 92, 106, 124, 132, 140]
145: [1, 2, 3, 4, 5, 6, 7, 8, 9, 10, 11, 12, 13, 14, 15, 16, 17, 27, 33, 36, 41, 43, 45, 48, 54, 59, 62, 71, 72, 73, 74, 75, 76, 77, 78, 79, 81, 84, 88, 90, 92, 106, 132, 140]
146: [1, 2, 3, 4, 5, 6, 7, 8, 9, 10, 11, 12, 13, 14, 15, 16, 17, 27, 33, 36, 41, 43, 45, 48, 54, 59, 62, 71, 72, 73, 74, 75, 76, 77, 78, 79, 81, 84, 88, 90, 92, 106, 132, 140]
149: [1, 2, 3, 4, 5, 6, 7, 8, 9, 10, 11, 12, 13, 14, 15, 16, 17, 27, 33, 36, 41, 43, 45, 48, 51, 54, 59, 71, 72, 73, 74, 75, 76, 77, 78, 79, 81, 84, 88, 90, 92, 106]
159: [1, 2, 3, 4, 5, 6, 7, 8, 9, 10, 11, 12, 13, 14, 15, 16, 17, 27, 33, 36, 41, 43, 45, 48, 51, 54, 59, 62, 71, 72, 73, 74, 75, 76, 77, 78, 79, 81, 84, 88, 90, 92, 106, 124, 132, 140]
160: [1, 2, 3, 4, 5, 6, 7, 8, 9, 10, 11, 12, 13, 14, 15, 16, 17, 27, 33, 36, 41, 43, 45, 48, 51, 54, 59, 62, 71, 72, 73, 74, 75, 76, 77, 78, 79, 81, 84, 88, 90, 92, 106, 124, 132, 140, 159]
161: [1, 2, 3, 4, 5, 6, 7, 8, 9, 10, 11, 12, 13, 14, 15, 16, 17, 27, 33, 36, 41, 43, 45, 48, 51, 54, 59, 62, 71, 72, 73, 74, 75, 76, 77, 78, 79, 81, 84, 88, 90, 92, 106, 124, 132, 140]
162: [1, 2, 3, 4, 5, 6, 7, 8, 9, 10, 11, 12, 13, 14, 15, 16, 17, 27, 33, 36, 41, 43, 45, 48, 51, 54, 56, 57, 59, 62, 71, 72, 73, 74, 75, 76, 77, 78, 79, 81, 84, 88, 90, 92, 106, 124, 132, 140]
163: [1, 2, 3, 4, 5, 6, 7, 8, 9, 10, 11, 12, 13, 14, 15, 16, 17, 27, 33, 36, 41, 43, 45, 48, 51, 54, 59, 62, 71, 72, 73, 74, 75, 76, 77, 78, 79, 81, 84, 88, 90, 92, 106, 124, 132, 140, 162]
164: [1, 2, 3, 4, 5, 6, 7, 8, 9, 10, 11, 12, 13, 14, 15, 16, 17, 27, 36, 41, 43, 45, 51, 54, 56, 59, 62, 71, 72, 73, 74, 75, 76, 77, 78, 79, 81, 84, 88, 90, 92, 106, 124, 132, 140, 162]
166: [1, 2, 3, 4, 5, 6, 7, 8, 9, 10, 11, 12, 13, 14, 15, 16, 17, 27, 36, 41, 43, 45, 51, 54, 59, 62, 71, 72, 73, 74, 75, 76, 77, 78, 79, 81, 84, 88, 90, 92, 106, 124, 132, 140, 162, 164]
172: [1, 2, 3, 4, 5, 6, 7, 8, 9, 10, 11, 12, 13, 14, 15, 16, 17, 27, 36, 41, 43, 45, 51, 54, 57, 59, 62, 71, 72, 73, 74, 75, 76, 77, 78, 79, 81, 84, 88, 90, 92, 106, 124, 132, 140, 162]
174: [1, 2, 3, 4, 5, 6, 7, 8, 9, 10, 11, 12, 13, 14, 15, 16, 17, 27, 36, 41, 43, 45, 51, 54, 57, 59, 62, 71, 72, 73, 74, 75, 76, 77, 78, 79, 81, 84, 88, 90, 92, 106, 124, 132, 140, 162, 172]
175: [1, 2, 3, 4, 5, 6, 7, 8, 9, 10, 11, 12, 13, 14, 15, 16, 17, 27, 36, 41, 43, 45, 51, 54, 57, 59, 62, 71, 72, 73, 74, 75, 76, 77, 78, 79, 81, 84, 88, 90, 92, 106, 124, 132, 140, 172, 174]
176: [1, 2, 3, 4, 5, 6, 7, 8, 9, 10, 11, 12, 13, 14, 15, 16, 17, 27, 36, 41, 43, 45, 51, 54, 57, 59, 62, 71, 72, 73, 74, 75, 76, 77, 78, 79, 81, 84, 88, 90, 92, 106, 124, 132, 140, 172, 174]
177: [1, 2, 3, 4, 5, 6, 7, 8, 9, 10, 11, 12, 13, 14, 15, 16, 17, 27, 36, 41, 43, 45, 51, 54, 57, 59, 62, 71, 72, 73, 74, 75, 76, 77, 78, 79, 81, 84, 88, 90, 92, 106, 124, 132, 140, 172, 174, 176]
178: [1, 2, 3, 4, 5, 6, 7, 8, 9, 10, 11, 12, 13, 14, 15, 16, 17, 27, 36, 41, 43, 45, 51, 54, 57, 59, 62, 71, 72, 73, 74, 75, 76, 77, 78, 79, 81, 84, 88, 90, 92, 106, 124, 132, 140, 172, 174, 176]
179: [1, 2, 3, 4, 5, 6, 7, 8, 9, 10, 11, 12, 13, 14, 15, 16, 17, 27, 36, 41, 43, 45, 51, 54, 57, 59, 62, 71, 72, 73, 74, 75, 76, 77, 78, 79, 81, 84, 88, 90, 92, 106, 124, 132, 140, 172, 174]
180: [1, 2, 3, 4, 5, 6, 7, 8, 9, 10, 11, 12, 13, 14, 15, 16, 17, 27, 36, 41, 43, 45, 51, 54, 57, 59, 62, 71, 72, 73, 74, 75, 76, 77, 78, 79, 81, 84, 88, 90, 92, 106, 124, 132, 140, 172]
181: [1, 2, 3, 4, 5, 6, 7, 8, 9, 10, 11, 12, 13, 14, 15, 16, 17, 27, 36, 41, 43, 51, 54, 57, 59, 62, 71, 72, 73, 74, 75, 76, 77, 78, 79, 81, 84, 88, 90, 92, 106, 132, 140, 172]
182: [1, 2, 3, 4, 5, 6, 7, 8, 9, 10, 11, 12, 13, 14, 15, 16, 17, 27, 36, 41, 43, 51, 54, 57, 59, 62, 71, 72, 73, 74, 75, 76, 77, 78, 79, 81, 84, 88, 90, 92, 106, 132, 140, 172]
183: [1, 2, 3, 4, 5, 6, 7, 8, 9, 10, 11, 12, 13, 14, 15, 16, 17, 27, 36, 41, 43, 51, 54, 57, 59, 62, 71, 72, 73, 74, 75, 76, 77, 78, 79, 81, 84, 88, 90, 92, 106, 132, 140, 172]
184: [1, 2, 3, 4, 5, 6, 7, 8, 9, 10, 11, 12, 13, 14, 15, 16, 17, 27, 36, 41, 43, 51, 54, 57, 59, 62, 71, 72, 73, 74, 75, 76, 77, 78, 79, 81, 84, 88, 90, 92, 106, 132, 140, 172]
190: [1, 2, 3, 4, 5, 6, 7, 8, 9, 10, 11, 12, 13, 14, 15, 16, 17, 27, 36, 41, 43, 45, 48, 51, 54, 59, 62, 71, 72, 73, 74, 75, 76, 77, 78, 79, 81, 84, 88, 90, 92, 106, 124, 132, 140, 162]
191: [1, 2, 3, 4, 5, 6, 7, 8, 9, 10, 11, 12, 13, 14, 15, 16, 17, 27, 36, 41, 43, 45, 48, 51, 54, 56, 59, 62, 71, 72, 73, 74, 75, 76, 77, 78, 79, 81, 84, 88, 90, 92, 106, 124, 132, 140, 162, 190]
193: [1, 2, 3, 4, 5, 6, 7, 8, 9, 10, 11, 12, 13, 14, 15, 16, 17, 27, 36, 41, 43, 45, 48, 51, 54, 59, 62, 71, 72, 73, 74, 75, 76, 77, 78, 79, 81, 84, 88, 90, 92, 106, 124, 132, 140, 162, 190, 191]
195: [1, 2, 3, 4, 5, 6, 7, 8, 9, 10, 11, 12, 13, 14, 15, 16, 17, 27, 36, 41, 43, 45, 51, 54, 56, 59, 62, 71, 72, 73, 74, 75, 76, 77, 78, 79, 81, 84, 88, 90, 92, 106, 124, 132, 140, 162, 190, 191, 193]
197: [1, 2, 3, 4, 5, 6, 7, 8, 9, 10, 11, 12, 13, 14, 15, 16, 17, 27, 36, 41, 43, 45, 51, 54, 59, 62, 71, 72, 73, 74, 75, 76, 77, 78, 79, 81, 84, 88, 90, 92, 106, 124, 132, 140, 162, 190, 191, 193, 195]
198: [1, 2, 3, 4, 5, 6, 7, 8, 9, 10, 11, 12, 13, 14, 15, 16, 17, 27, 36, 41, 43, 45, 51, 54, 59, 62, 71, 72, 73, 74, 75, 76, 77, 78, 79, 81, 84, 88, 90, 92, 106, 124, 132, 140, 162, 190, 191, 193, 195]
199: [1, 2, 3, 4, 5, 6, 7, 8, 9, 10, 11, 12, 13, 14, 15, 16, 17, 27, 36, 41, 43, 45, 51, 54, 59, 62, 71, 72, 73, 74, 75, 76, 77, 78, 79, 81, 84, 88, 90, 92, 106, 124, 132, 140, 162, 190, 191, 193, 195, 198]
200: [1, 2, 3, 4, 5, 6, 7, 8, 9, 10, 11, 12, 13, 14, 15, 16, 17, 27, 36, 41, 43, 45, 51, 54, 59, 62, 71, 72, 73, 74, 75, 76, 77, 78, 79, 81, 84, 88, 90, 92, 106, 124, 132, 140, 162, 190, 191, 193, 195]
201: [1, 2, 3, 4, 5, 6, 7, 8, 9, 10, 11, 12, 13, 14, 15, 16, 17, 27, 36, 41, 43, 45, 51, 54, 56, 59, 62, 71, 72, 73, 74, 75, 76, 77, 78, 79, 81, 84, 88, 90, 92, 106, 124, 132, 140, 162, 190, 191, 195, 200]
202: [1, 2, 3, 4, 5, 6, 7, 8, 9, 10, 11, 12, 13, 14, 15, 16, 17, 27, 36, 41, 43, 45, 51, 54, 59, 62, 71, 72, 73, 74, 75, 76, 77, 78, 79, 81, 84, 88, 90, 92, 106, 124, 132, 140, 162, 191, 195, 200, 201]
203: [1, 2, 3, 4, 5, 6, 7, 8, 9, 10, 11, 12, 13, 14, 15, 16, 17, 27, 36, 41, 43, 45, 51, 54, 59, 62, 71, 72, 73, 74, 75, 76, 77, 78, 79, 81, 84, 88, 90, 92, 106, 124, 132, 140, 162, 191, 195, 201]
206: [1, 2, 3, 4, 5, 6, 7, 8, 9, 10, 11, 12, 13, 14, 15, 16, 17, 27, 36, 41, 43, 45, 51, 54, 56, 59, 62, 71, 72, 73, 74, 75, 76, 77, 78, 79, 81, 84, 88, 90, 92, 106, 124, 132, 140, 162, 195, 201]
207: [1, 2, 3, 4, 5, 6, 7, 8, 9, 10, 11, 12, 13, 14, 15, 16, 17, 27, 36, 41, 43, 45, 51, 54, 56, 59, 62, 71, 72, 73, 74, 75, 76, 77, 78, 79, 81, 84, 88, 90, 92, 106, 124, 132, 140, 162, 195]
208: [1, 2, 3, 4, 5, 6, 7, 8, 9, 10, 11, 12, 13, 14, 15, 16, 17, 27, 36, 41, 43, 45, 51, 54, 56, 59, 62, 71, 72, 73, 74, 75, 76, 77, 78, 79, 81, 84, 88, 90, 92, 106, 124, 132, 140, 162, 207]
211: [1, 2, 3, 4, 5, 6, 7, 8, 9, 10, 11, 12, 13, 14, 15, 16, 17, 27, 33, 36, 41, 43, 45, 48, 51, 54, 71, 72, 73, 74, 75, 76, 77, 78, 79, 81, 84, 88, 90, 92, 106]
