[METADATA]
File: E256-14k
Type: HREAL (Heterogeneous Real-world VRP)
Number of Routes: 14
Total Cost: 587.092
Depot: Node 256

[ROUTES]
Route 1:
Total Demand: 985
Cost: 64.5919
Customers: [83, 111, 142, 170, 182, 193, 203, 213, 222, 230, 237, 238, 244, 239, 232, 225, 233, 226, 217, 207, 197, 186, 173, 159, 144, 113]

Route 2:
Total Demand: 979
Cost: 19.7858
Customers: [13, 25, 32, 41, 33, 26, 19, 9, 5]

Route 3:
Total Demand: 994
Cost: 64.6267
Customers: [129, 145, 160, 174, 198, 208, 218, 227, 234, 240, 245, 249, 252, 248, 243, 231, 224, 216, 206, 196, 185, 172, 158, 128, 98, 72]

Route 4:
Total Demand: 997
Cost: 71.9848
Customers: [96, 141, 155, 168, 180, 191, 201, 211, 220, 228, 235, 241, 246, 250, 253, 255, 254, 251, 247, 242, 236, 229, 221, 212, 202, 192, 181, 169, 156, 126]

Route 5:
Total Demand: 992
Cost: 17.7858
Customers: [11, 17, 24, 31, 23, 16, 6, 3]

Route 6:
Total Demand: 988
Cost: 49.7733
Customers: [71, 97, 127, 157, 183, 194, 204, 214, 223, 215, 205, 195, 184, 171, 143, 112, 84, 60, 40]

Route 7:
Total Demand: 986
Cost: 47.4384
Customers: [69, 81, 94, 108, 123, 138, 152, 165, 151, 136, 120, 105, 91, 78, 66, 55, 45, 36, 28, 21, 15, 10]

Route 8:
Total Demand: 981
Cost: 52.7
Customers: [50, 85, 99, 114, 130, 146, 161, 187, 199, 209, 219, 210, 200, 188, 175, 162, 147, 131, 115, 100, 86, 73, 61]

Route 9:
Total Demand: 600
Cost: 4.8284
Customers: [1, 2]

Route 10:
Total Demand: 968
Cost: 11.4049
Customers: [4, 8, 18, 12, 7]

Route 11:
Total Demand: 980
Cost: 41.6969
Customers: [30, 38, 47, 57, 68, 80, 93, 107, 122, 137, 121, 106, 92, 79, 67, 56, 46, 37, 29, 22]

Route 12:
Total Demand: 986
Cost: 47.9197
Customers: [39, 48, 58, 82, 95, 109, 124, 139, 153, 166, 178, 190, 179, 167, 154, 140, 125, 110, 70, 59, 49]

Route 13:
Total Demand: 994
Cost: 50.499
Customers: [27, 35, 44, 54, 65, 77, 90, 104, 119, 135, 150, 164, 177, 189, 176, 163, 148, 132, 116, 101, 87, 74, 62, 51]

Route 14:
Total Demand: 999
Cost: 42.057
Customers: [42, 52, 63, 75, 88, 102, 117, 133, 149, 134, 118, 103, 89, 76, 64, 53, 43, 34, 20, 14]
