[METADATA]
File: E324-16k
Type: HREAL (Heterogeneous Real-world VRP)
Number of Routes: 16
Total Cost: 746.565
Depot: Node 324

[ROUTES]
Route 1:
Total Demand: 995
Cost: 49.5128
Customers: [50, 72, 98, 128, 162, 196, 212, 226, 240, 227, 213, 197, 180, 163, 145, 129, 113, 85, 73, 51]

Route 2:
Total Demand: 997
Cost: 80.1947
Customers: [126, 177, 193, 208, 236, 259, 269, 279, 288, 296, 303, 309, 314, 318, 321, 323, 322, 319, 315, 310, 304, 298, 291, 282, 272, 262, 250, 238, 224, 210, 178, 97]

Route 3:
Total Demand: 997
Cost: 50.0546
Customers: [23, 48, 82, 110, 125, 141, 158, 175, 191, 207, 221, 206, 190, 174, 157, 140, 124, 109, 95, 69, 38, 30]

Route 4:
Total Demand: 979
Cost: 65.0138
Customers: [70, 96, 142, 159, 176, 192, 222, 235, 248, 260, 270, 280, 289, 297, 290, 281, 271, 261, 249, 237, 223, 209, 194, 160, 143, 111, 83]

Route 5:
Total Demand: 979
Cost: 18.6143
Customers: [13, 19, 25, 33, 26, 20, 14, 9, 5]

Route 6:
Total Demand: 998
Cost: 62.0782
Customers: [47, 57, 68, 80, 93, 107, 122, 138, 155, 172, 188, 204, 219, 233, 246, 258, 247, 234, 220, 205, 189, 173, 156, 139, 123, 108, 94, 81, 58]

Route 7:
Total Demand: 600
Cost: 4.8284
Customers: [2, 1]

Route 8:
Total Demand: 980
Cost: 49.6145
Customers: [29, 37, 46, 56, 67, 79, 92, 106, 121, 137, 154, 171, 153, 136, 120, 105, 91, 78, 66, 55, 45, 36, 28, 21]

Route 9:
Total Demand: 937
Cost: 24.9985
Customers: [17, 31, 39, 49, 59, 71, 60, 40, 32, 24]

Route 10:
Total Demand: 978
Cost: 15.8902
Customers: [3, 6, 10, 15, 22, 16, 11, 7]

Route 11:
Total Demand: 986
Cost: 50.0735
Customers: [42, 52, 63, 75, 88, 102, 117, 133, 150, 168, 185, 202, 186, 169, 151, 134, 118, 103, 89, 76, 64, 53, 43, 34]

Route 12:
Total Demand: 788
Cost: 10.5765
Customers: [4, 12, 18, 8]

Route 13:
Total Demand: 986
Cost: 55.1957
Customers: [27, 35, 44, 54, 65, 77, 90, 104, 119, 135, 152, 170, 187, 203, 218, 232, 217, 201, 167, 149, 132, 116, 101, 87, 74, 62]

Route 14:
Total Demand: 1000
Cost: 68.0021
Customers: [41, 61, 114, 147, 165, 183, 215, 230, 243, 255, 266, 277, 287, 278, 267, 256, 268, 257, 245, 231, 244, 216, 200, 184, 166, 148, 131, 115, 100]

Route 15:
Total Demand: 997
Cost: 73.9574
Customers: [86, 130, 164, 182, 199, 229, 242, 254, 265, 276, 286, 295, 302, 308, 313, 317, 320, 316, 311, 305, 299, 292, 283, 273, 263, 251, 225, 195, 161, 127]

Route 16:
Total Demand: 998
Cost: 67.9598
Customers: [99, 146, 181, 198, 214, 228, 241, 253, 264, 275, 285, 294, 301, 307, 312, 306, 300, 293, 284, 274, 252, 239, 211, 179, 144, 112, 84]
