[METADATA]
File: E400-18k
Type: HREAL (Heterogeneous Real-world VRP)
Number of Routes: 18
Total Cost: 932.687
Depot: Node 400

[ROUTES]
Route 1:
Total Demand: 999
Cost: 41.1292
Customers: [34, 43, 53, 64, 76, 89, 103, 118, 134, 119, 104, 90, 77, 65, 54, 44, 35, 27, 20, 14]

Route 2:
Total Demand: 998
Cost: 73.8886
Customers: [63, 75, 88, 102, 117, 133, 150, 168, 151, 135, 152, 169, 187, 207, 227, 208, 188, 170, 189, 209, 228, 246, 263, 279, 294, 278, 261, 243, 224, 204, 184, 165, 62]

Route 3:
Total Demand: 968
Cost: 54.7061
Customers: [51, 86, 100, 115, 131, 148, 166, 185, 205, 225, 244, 262, 245, 226, 206, 186, 167, 149, 132, 116, 101, 87, 74, 52, 42]

Route 4:
Total Demand: 965
Cost: 68.1993
Customers: [61, 99, 146, 164, 202, 222, 241, 259, 276, 292, 306, 332, 344, 333, 320, 307, 321, 308, 293, 277, 260, 242, 223, 203, 183, 147, 130, 114, 73]

Route 5:
Total Demand: 993
Cost: 82.4841
Customers: [85, 163, 201, 221, 257, 274, 290, 304, 318, 330, 342, 353, 362, 370, 377, 369, 376, 383, 389, 384, 378, 371, 363, 354, 343, 331, 319, 305, 291, 275, 258, 240, 182, 129]

Route 6:
Total Demand: 998
Cost: 68.4007
Customers: [72, 98, 128, 162, 200, 238, 256, 288, 303, 316, 328, 340, 350, 360, 351, 361, 352, 341, 329, 317, 289, 273, 239, 220, 181, 145, 113]

Route 7:
Total Demand: 1000
Cost: 89.2055
Customers: [144, 180, 219, 255, 287, 301, 314, 338, 348, 358, 367, 374, 381, 387, 391, 394, 397, 399, 398, 395, 392, 396, 393, 388, 382, 375, 368, 359, 349, 339, 327, 315, 302, 272]

Route 8:
Total Demand: 926
Cost: 18.1421
Customers: [9, 13, 19, 26, 33, 25, 18, 12]

Route 9:
Total Demand: 980
Cost: 23.8269
Customers: [17, 23, 31, 40, 49, 60, 50, 41, 32, 24]

Route 10:
Total Demand: 973
Cost: 64.5831
Customers: [71, 97, 127, 179, 218, 236, 270, 285, 299, 312, 325, 336, 347, 337, 326, 313, 300, 286, 271, 254, 237, 199, 161, 112, 84]

Route 11:
Total Demand: 996
Cost: 85.1742
Customers: [196, 215, 233, 250, 266, 281, 309, 322, 334, 345, 355, 364, 372, 379, 385, 390, 386, 380, 373, 366, 357, 365, 356, 346, 335, 324, 298, 284, 269, 253, 217, 198, 143, 111, 83]

Route 12:
Total Demand: 977
Cost: 61.9727
Customers: [59, 96, 126, 160, 178, 197, 235, 252, 268, 283, 297, 311, 323, 310, 296, 282, 267, 251, 234, 216, 177, 159, 142, 110, 70, 39]

Route 13:
Total Demand: 997
Cost: 71.3378
Customers: [48, 82, 125, 141, 158, 176, 195, 214, 232, 249, 265, 295, 280, 264, 247, 229, 210, 190, 171, 191, 211, 230, 248, 231, 213, 194, 175, 157, 140, 124, 109, 95]

Route 14:
Total Demand: 992
Cost: 50.835
Customers: [30, 58, 69, 81, 94, 108, 123, 139, 156, 174, 193, 212, 192, 173, 155, 138, 122, 107, 93, 80, 68, 57, 47, 38]

Route 15:
Total Demand: 970
Cost: 49.598
Customers: [6, 28, 36, 45, 55, 66, 78, 91, 105, 120, 136, 153, 172, 154, 137, 121, 106, 92, 79, 67, 56, 46, 37]

Route 16:
Total Demand: 988
Cost: 18.7186
Customers: [7, 11, 16, 22, 29, 21, 15, 10, 3]

Route 17:
Total Demand: 300
Cost: 2.8284
Customers: [1]

Route 18:
Total Demand: 960
Cost: 7.6569
Customers: [2, 5, 8, 4]
