[METADATA]
File: E484-19k
Type: HREAL (Heterogeneous Real-world VRP)
Number of Routes: 19
Total Cost: 1137.176
Depot: Node 484

[ROUTES]
Route 1:
Total Demand: 999
Cost: 70.5872
Customers: [85, 162, 200, 221, 242, 264, 285, 304, 322, 339, 340, 356, 371, 385, 398, 370, 354, 337, 320, 302, 283, 262, 241, 219, 199, 127, 97]

Route 2:
Total Demand: 993
Cost: 77.1563
Customers: [99, 146, 164, 183, 223, 245, 267, 287, 307, 325, 343, 359, 374, 388, 401, 413, 424, 434, 412, 400, 387, 373, 358, 342, 324, 306, 266, 244, 202, 182, 163, 129]

Route 3:
Total Demand: 995
Cost: 92.7165
Customers: [203, 224, 246, 288, 308, 326, 344, 360, 375, 389, 402, 414, 425, 435, 444, 453, 445, 436, 437, 427, 416, 404, 391, 377, 362, 346, 329, 311, 292, 272, 251, 229, 208, 188, 152, 135, 119, 104, 90, 77]

Route 4:
Total Demand: 999
Cost: 107.9227
Customers: [89, 134, 151, 169, 170, 189, 209, 230, 252, 273, 293, 312, 330, 347, 363, 378, 392, 405, 417, 428, 438, 447, 455, 462, 468, 473, 477, 480, 476, 472, 467, 461, 454, 446, 426, 415, 403, 390, 376, 361, 345, 328, 310, 291, 270]

Route 5:
Total Demand: 1000
Cost: 110.1331
Customers: [215, 258, 278, 333, 350, 366, 381, 395, 408, 420, 431, 449, 457, 464, 470, 475, 479, 482, 483, 481, 478, 474, 469, 463, 456, 448, 439, 429, 418, 406, 393, 379, 364, 348, 331, 313, 294, 274, 253, 231, 210, 190, 171, 153, 136, 120]

Route 6:
Total Demand: 999
Cost: 76.9117
Customers: [180, 220, 263, 284, 303, 321, 338, 355, 384, 397, 410, 422, 433, 423, 411, 399, 386, 372, 357, 341, 323, 305, 286, 265, 243, 222, 201, 181, 145, 113]

Route 7:
Total Demand: 1000
Cost: 77.1077
Customers: [67, 79, 92, 106, 138, 156, 174, 214, 236, 257, 277, 296, 315, 297, 316, 334, 351, 367, 382, 368, 383, 369, 353, 336, 319, 301, 282, 240, 218, 198, 179, 160, 126]

Route 8:
Total Demand: 997
Cost: 101.3968
Customers: [122, 155, 173, 192, 234, 255, 295, 314, 332, 349, 365, 380, 394, 407, 419, 430, 440, 441, 450, 458, 465, 471, 466, 460, 452, 443, 459, 451, 442, 432, 421, 409, 396, 352, 335, 317, 298, 279, 216, 196, 177]

Route 9:
Total Demand: 900
Cost: 5.6569
Customers: [2, 4, 1]

Route 10:
Total Demand: 928
Cost: 21.3873
Customers: [3, 6, 10, 15, 21, 28, 37, 29, 22, 16]

Route 11:
Total Demand: 999
Cost: 39.1535
Customers: [30, 38, 47, 57, 68, 94, 108, 123, 140, 124, 109, 95, 81, 69, 58, 48, 39, 23]

Route 12:
Total Demand: 999
Cost: 63.0463
Customers: [46, 56, 80, 93, 107, 139, 157, 195, 237, 259, 238, 260, 280, 299, 318, 300, 281, 261, 239, 217, 197, 178, 159, 142, 110, 96, 59]

Route 13:
Total Demand: 995
Cost: 68.6473
Customers: [36, 45, 55, 66, 78, 91, 105, 121, 137, 154, 172, 191, 212, 233, 211, 232, 254, 275, 276, 256, 235, 213, 193, 194, 175, 176, 158, 141, 125, 82, 70]

Route 14:
Total Demand: 976
Cost: 13.0618
Customers: [5, 8, 12, 17, 11, 7]

Route 15:
Total Demand: 996
Cost: 23.4707
Customers: [13, 19, 25, 33, 51, 50, 41, 32, 24, 18]

Route 16:
Total Demand: 930
Cost: 29.8385
Customers: [9, 14, 20, 27, 35, 44, 54, 65, 76, 64, 53, 43, 34, 26]

Route 17:
Total Demand: 999
Cost: 37.799
Customers: [31, 49, 71, 83, 111, 143, 161, 144, 128, 112, 98, 84, 72, 60, 40]

Route 18:
Total Demand: 999
Cost: 52.255
Customers: [61, 73, 86, 100, 115, 131, 148, 166, 185, 205, 226, 206, 186, 167, 133, 118, 103, 117, 102, 88, 75, 63, 52, 42]

Route 19:
Total Demand: 998
Cost: 68.9285
Customers: [114, 130, 147, 165, 184, 204, 225, 247, 268, 289, 327, 309, 290, 269, 248, 227, 249, 271, 250, 228, 207, 187, 168, 150, 149, 132, 116, 101, 87, 74, 62]
