[METADATA]
File: anna.col
Description: Translated from Stanford GraphBase File: anna.gb Stanford GraphBase ID: book(?anna?,138,0,1,239,0,0,0)

[GCP_DATA_INFO]
Type: GCP, Graph Coloring Problem
Node: 138
Edge: 986

[ADJACENCY_List]
18: [4, 6, 7, 8, 9, 11, 13, 15, 16]
19: [18]
20: [16, 17, 18]
21: [6, 18, 20]
23: [18]
26: [18]
28: [18]
29: [18, 20]
30: [20, 27, 29]
31: [18]
33: [16, 18, 20]
35: [18]
36: [1, 5, 6, 7, 11, 13, 16, 18, 20, 21, 26, 28, 33]
37: [36]
39: [18]
40: [18]
41: [18]
44: [18, 21]
45: [2, 6, 18, 36]
46: [18, 20]
48: [36]
50: [18]
51: [18, 36]
52: [36]
53: [18]
54: [22, 33]
55: [18]
57: [32, 54]
59: [18, 36]
61: [12, 34, 45]
62: [18, 40]
63: [18]
64: [18, 26, 33, 35, 36, 40, 45, 54, 62]
66: [36]
67: [54]
68: [18, 20, 21, 46]
69: [30]
70: [32, 54, 57]
71: [36]
72: [18, 22, 24, 25, 28, 30, 32, 33, 36, 37, 38, 47, 49, 54, 56, 57, 64, 67, 70]
73: [32, 57, 70, 72]
74: [3, 6, 7, 11, 14, 16, 17, 18, 19, 20, 21, 29, 30, 33, 36, 44, 45, 46, 59, 60, 65, 68, 72]
75: [18, 74]
76: [18, 36, 51]
77: [32, 36, 37, 54, 57, 67, 70, 72, 73]
78: [14, 17, 18, 19, 20, 21, 33, 74]
79: [18, 28, 36, 72]
80: [18, 36]
81: [7, 18, 36, 74]
82: [45, 61]
83: [9, 18, 36, 59, 63, 74]
84: [47, 72]
85: [18, 36, 53, 58, 72, 74]
86: [69]
87: [18]
88: [18]
89: [9, 18, 19, 33, 36, 58, 72, 74, 78, 83, 85]
90: [18, 35, 64]
91: [7, 18, 36, 74, 81]
92: [18, 20, 21, 55, 74, 78]
93: [36, 72]
94: [34, 61]
95: [10, 12, 18, 20, 22, 25, 26, 29, 30, 33, 34, 36, 37, 38, 45, 47, 51, 54, 61, 64, 65, 70, 72, 74, 76, 77, 79, 82, 93, 94]
96: [18, 50]
97: [93, 95]
98: [10, 95]
99: [7, 18, 36, 51, 74, 76, 78, 81, 91, 95]
100: [18, 33, 34, 36, 51, 54, 61, 72, 76, 94, 95, 99]
101: [32, 57, 70, 72, 73, 77]
102: [72, 84]
103: [13, 18, 36]
104: [12, 61, 95]
105: [18, 74]
106: [36, 52, 72, 95]
107: [18]
108: [18, 36, 72, 74, 85, 89, 95, 106]
109: [72, 95]
110: [72, 95, 100]
111: [72]
112: [72]
113: [18]
114: [18]
115: [36, 45, 93, 95, 97]
116: [7, 18, 24, 36, 37, 49, 52, 70, 72, 74, 77, 81, 91, 95, 99, 106, 109, 112]
117: [60, 74]
118: [7, 18, 36, 53, 85]
119: [74]
120: [33, 54, 64, 72, 95, 112]
121: [18]
122: [25, 43, 72, 95]
123: [18, 55, 74, 78, 92]
124: [95, 98]
125: [36]
126: [58, 85, 89, 118]
127: [18, 29, 36, 41, 45, 74]
128: [116]
130: [18, 20, 46, 68, 74]
131: [49, 72, 116]
132: [8, 18]
133: [36, 42, 49, 72, 106, 109, 111, 116, 128, 131]
134: [53, 85]
135: [7, 9, 14, 17, 18, 20, 29, 36, 59, 60, 65, 74, 78, 81, 83, 85, 89, 91, 95, 99, 108, 116, 117, 119, 129]
136: [6, 7, 9, 18, 19, 20, 21, 26, 36, 45, 59, 64, 74, 78, 81, 83, 85, 89, 91, 93, 95, 99, 108, 115, 116, 135]
137: [36, 49, 109, 116]
138: [7, 9, 16, 18, 19, 20, 21, 29, 33, 36, 45, 46, 47, 53, 54, 58, 59, 64, 68, 72, 74, 78, 81, 83, 85, 89, 91, 95, 99, 108, 112, 116, 118, 120, 126, 127, 130, 134, 135, 136]