[METADATA]
File: david.col
Description: Translated from Stanford GraphBase File: david.gb Stanford GraphBase ID: book(?david?,87,0,1,64,0,0,0)

[GCP_DATA_INFO]
Type: GCP, Graph Coloring Problem
Node: 87
Edge: 812

[ADJACENCY_List]
4: [1, 2]
7: [2]
11: [2, 9]
12: [4]
14: [1, 4, 9, 11, 12]
16: [2]
18: [4]
19: [2, 4, 7, 13, 17]
20: [1, 4, 12, 14]
21: [4, 12, 14, 20]
22: [3, 16]
23: [2, 3, 19]
27: [13, 19]
29: [2, 23]
31: [5]
32: [2, 4, 12, 14, 19, 20, 21]
33: [2, 3, 7, 23, 29]
34: [2, 4, 5, 7, 12, 14, 19, 20, 21, 31, 32]
35: [2, 7, 19, 23, 29, 34]
36: [12]
37: [17, 19]
39: [2, 30]
40: [9, 11, 14]
42: [2, 10, 16, 19, 22]
43: [2, 13, 19, 23, 27, 42]
44: [31]
45: [17, 19, 37]
46: [2, 4, 12, 14, 19, 20, 21, 32, 34]
47: [6]
49: [4, 8, 14, 15, 18, 19, 20]
50: [17, 19, 37, 45]
51: [19, 28]
52: [12, 19, 36, 49]
53: [2, 19, 42, 43]
54: [2, 35]
55: [2, 4, 19, 32, 34, 46]
56: [2, 35]
57: [9, 40]
58: [2, 3, 7, 17, 19, 33, 34, 35, 37, 45, 50]
59: [4, 18, 20, 49]
60: [13, 19, 27, 43, 51]
61: [15, 49]
63: [16, 22, 42]
66: [1, 2, 4, 14, 16, 19, 20, 21, 24, 32, 34, 35, 39, 42, 43, 46, 49, 53, 55]
67: [2, 11, 16, 23, 24, 29, 31, 33, 35, 42, 54, 66]
68: [12, 19, 28, 49, 51, 52]
69: [19, 28, 49, 51, 52, 58, 68]
70: [32, 34, 46, 55]
71: [8, 18, 19, 20, 34, 46, 49, 58, 59, 69]
72: [2, 3, 19, 23, 29, 33, 35, 43, 58, 67]
73: [17, 19, 37, 45, 50, 58]
74: [2, 4, 12, 14, 19, 20, 21, 32, 34, 46, 55, 66, 70]
76: [2, 9, 11, 14, 16, 31, 35, 40, 44, 54, 66, 67]
77: [16, 22, 42, 63]
78: [5]
79: [1, 2, 4, 14, 20, 21, 49, 66]
80: [2, 24, 66, 67, 76]
81: [2, 19, 42, 43, 53, 66]
83: [1, 2, 3, 4, 5, 6, 7, 8, 9, 10, 11, 12, 14, 15, 16, 17, 18, 19, 20, 21, 22, 23, 24, 25, 26, 28, 29, 30, 31, 32, 33, 34, 35, 36, 37, 38, 39, 40, 41, 42, 43, 44, 45, 46, 47, 48, 49, 50, 51, 52, 53, 54, 55, 56, 57, 58, 59, 61, 62, 63, 64, 65, 66, 67, 68, 69, 70, 71, 72, 73, 74, 75, 76, 77, 78, 79, 80, 81, 82]
84: [17, 19, 37, 45, 50, 58, 73, 83]
85: [13, 19, 27, 43, 51, 60]
86: [2, 35, 66, 83]
87: [2, 3, 4, 7, 17, 19, 20, 23, 29, 32, 33, 34, 35, 37, 42, 43, 45, 46, 50, 53, 55, 58, 66, 67, 72, 73, 74, 81, 83, 84]