[METADATA]
File: DSJC125.1
Description: SOURCE: David Johnson (dsj@research.att.com)  DESCRIPTION: Random graph used in the paper "Optimization by Simulated Annealing: An Experimental Evaluation; Part II, Graph Coloring and Number Partitioning" by David S. Johnson, Cecilia R. Aragon, Lyle A. McGeoch and Catherine Schevon Operations Research, 39, 378-406 (1991)

[GCP_DATA_INFO]
Type: GCP, Graph Coloring Problem
Node: 125
Edge: 736

[ADJACENCY_List]
5: [1]
6: [2]
8: [4]
9: [4, 6]
11: [2]
13: [5]
14: [7, 9, 13]
15: [8]
16: [10, 12]
17: [2]
18: [12]
19: [5, 8, 11]
21: [7, 8]
22: [17]
23: [13]
24: [21]
25: [3, 10]
27: [2, 6]
28: [9, 17, 19]
29: [1, 24]
30: [5, 15, 28]
31: [10, 27]
32: [2, 11, 18]
33: [10]
34: [12, 32]
35: [3, 5, 12, 15, 16, 24]
36: [20, 27, 35]
37: [13, 22]
38: [3, 4, 6, 17]
39: [26]
40: [2, 37]
41: [3, 7, 16, 22, 35]
42: [6, 7, 8, 12, 19, 25]
43: [29, 33, 35]
44: [1, 34]
45: [16, 24]
46: [2, 10, 12, 13, 25, 26, 36]
47: [12, 20, 30, 36, 46]
48: [19, 24]
49: [9, 37, 43]
50: [22, 23, 24, 32, 41, 47]
51: [7, 17, 27, 35, 41, 42, 48]
52: [9, 12, 14, 17, 28, 48, 49]
53: [1, 28, 30, 44]
54: [22, 29, 48]
55: [15, 25, 43, 49, 50, 54]
56: [3, 6, 35, 38, 44]
57: [8, 14, 26, 30, 36, 43, 50]
58: [8, 17, 49, 52, 55]
59: [16, 37, 42, 51, 57]
60: [56, 57]
61: [9, 14, 17, 31, 36, 47, 52, 58]
62: [3, 8, 10, 16, 24, 32, 37, 45, 53, 54, 55, 56]
63: [3, 11, 24, 29, 30, 33, 35, 38, 39, 51, 52]
64: [29, 42, 45, 55, 57, 58]
65: [5, 8, 21, 26, 36, 37, 48, 58]
66: [9, 14, 15, 18, 19, 28, 37, 62, 64]
67: [6, 10, 11, 22, 31, 35, 37, 45, 47]
68: [22, 35, 43, 53]
69: [4, 6, 15, 25, 29, 59, 63, 65, 67]
70: [27, 28, 31, 32, 34]
71: [11, 23, 40, 56]
72: [4, 12, 26, 39, 40]
73: [7, 9, 12, 24, 48, 50, 51, 72]
74: [21, 25, 28, 31, 39, 59, 66]
75: [6, 18, 62, 65, 66]
76: [14, 24, 30, 32, 35, 40]
77: [5, 7, 9, 11, 37, 55, 58, 60, 61, 64, 69]
78: [16, 43, 49, 69, 72]
79: [1, 2, 14, 39, 69, 74]
80: [1, 14, 41, 52, 68, 76]
81: [10, 20, 28]
82: [5, 6, 22, 26, 37, 40, 51, 58, 74, 78, 80, 81]
83: [13, 45, 50, 54, 69, 76]
84: [5, 9, 13, 17, 18, 21, 24, 42, 49, 53, 56, 57, 63, 77, 78]
85: [20, 22, 31, 32, 40, 65, 79]
86: [14, 22, 32, 33, 48, 68, 81, 82]
87: [10, 14, 16, 44, 71, 72, 76]
88: [3, 11, 24, 26, 37, 38, 42]
89: [41, 45, 51, 62, 74, 79, 84]
90: [18, 22, 44, 53, 62, 70]
91: [9, 22, 24, 31, 36, 46, 50, 53, 64, 68, 72, 78, 80, 81, 88]
92: [5, 15, 21, 27, 40, 52, 62, 73, 74, 86]
93: [15, 26, 33, 45, 48, 59, 61, 70, 83, 91]
94: [17, 38, 39, 70, 71, 76, 81, 90]
95: [60, 61, 77, 84, 92, 94]
96: [9, 11, 13, 35, 61, 69, 75, 77, 91]
97: [20, 44, 54, 55, 58, 68, 69, 73, 77, 80, 84, 90, 93, 96]
98: [7, 16, 17, 19, 23, 27, 32, 49, 71, 75, 83, 89]
99: [4, 13, 17, 27, 47, 49, 56, 69, 76, 89]
100: [9, 12, 14, 48, 58, 85]
101: [9, 13, 32, 58, 66, 77, 84, 97]
102: [17, 20, 36, 42, 52, 66, 84, 86]
103: [8, 11, 12, 14, 27, 32, 34, 36, 38, 47, 59, 65, 69]
104: [16, 49, 74, 76, 83, 85, 102]
105: [2, 4, 8, 16, 32, 39, 47, 56, 73, 80, 83, 88, 104]
106: [11, 16, 25, 27, 42, 46, 51, 64, 70, 77, 80, 82, 88, 93, 100]
107: [42, 45, 49, 51, 72, 74, 77, 88]
108: [41, 42, 51, 58, 64, 66, 83]
109: [6, 69, 75]
110: [8, 10, 23, 41, 49, 50, 60, 71, 76, 77, 78, 84, 89, 97, 108]
111: [9, 25, 40, 46, 48, 52, 53, 61, 62, 79, 98]
112: [3, 17, 24, 32, 54, 58, 66, 78]
113: [1, 4, 17, 19, 23, 53, 71, 72, 96, 108, 112]
114: [16, 18, 19, 49, 51, 57, 80, 83, 94, 98]
115: [3, 23, 31, 47, 53, 64, 78, 89, 92, 93, 100, 103, 109, 110, 114]
116: [3, 13, 15, 26, 27, 38, 67, 68, 84, 107]
117: [26, 35, 50, 51, 80, 82, 96, 103]
118: [5, 10, 29, 52, 54, 56, 70, 93, 109, 110, 115]
119: [13, 31, 40, 55, 58, 64, 68, 71, 108, 114, 116, 117, 118]
120: [1, 6, 22, 24, 27, 44, 47, 91, 99]
121: [5, 11, 33, 52, 64, 93, 113, 118]
122: [11, 17, 41, 42, 44, 45, 51, 53, 59, 66, 84, 89, 96, 101, 104, 107, 108]
123: [1, 6, 18, 23, 63, 81, 83, 88, 92, 93, 116]
124: [20, 27, 33, 40, 47, 55, 63, 72, 102, 105, 110, 117, 122]
125: [34, 49, 60, 62, 80, 85, 99, 105, 110]