[METADATA]
File: DSJC250.1
Description: SOURCE: David Johnson (dsj@research.att.com)  DESCRIPTION: Random graph used in the paper "Optimization by Simulated Annealing: An Experimental Evaluation; Part II, Graph Coloring and Number Partitioning" by David S. Johnson, Cecilia R. Aragon, Lyle A. McGeoch and Catherine Schevon Operations Research, 39, 378-406 (1991)

[GCP_DATA_INFO]
Type: GCP, Graph Coloring Problem
Node: 250
Edge: 3218

[ADJACENCY_List]
5: [2]
6: [3, 4]
7: [3]
8: [6]
10: [8]
13: [3]
14: [3]
15: [8]
16: [7]
17: [2]
18: [10]
19: [4, 5, 14, 17]
20: [3, 5]
21: [1, 9]
22: [17]
24: [5, 12, 19, 23]
26: [15]
27: [12, 19, 20]
28: [6, 11, 15, 22]
29: [12, 13, 16, 18, 23]
31: [16]
32: [13, 21, 24, 31]
33: [9, 15, 17, 27, 31, 32]
34: [1, 3, 6, 11, 32, 33]
35: [5, 13, 28, 31]
36: [13, 19, 23, 27, 35]
37: [14]
38: [5, 14, 18]
39: [6, 8, 10, 14, 20, 38]
40: [4, 14, 17, 23, 26, 29, 30, 32]
41: [2, 4, 18, 22, 25, 26, 39]
42: [21, 27, 28]
43: [20, 33, 39]
44: [2, 10, 25, 43]
45: [1, 3, 13, 19, 22]
46: [11, 13, 15, 17, 28, 31]
47: [40]
48: [1, 3, 26, 27, 34, 35, 37]
49: [7, 8, 22, 32, 48]
50: [5, 13, 19, 27, 32, 33]
51: [2, 9, 28, 30]
52: [3, 17, 25, 28, 49]
53: [6, 15, 28, 30, 34, 44, 47]
54: [24, 37, 42, 44]
55: [10, 18, 29, 40]
56: [15, 19, 21, 26, 32, 35, 37, 42, 44, 47, 55]
57: [4, 13, 14, 23, 25, 39, 44, 45, 46, 47]
58: [5, 15, 21, 23, 29, 31, 34, 44]
59: [3, 7, 30, 31, 32, 33, 45, 48]
60: [9, 35, 41]
61: [2, 12, 21, 28, 35, 37, 46, 54, 56, 58]
62: [6, 8, 12, 20, 35, 60]
63: [6, 16, 18, 31, 32, 46, 57, 59, 61]
64: [18, 36, 51]
65: [1, 10, 11, 22, 33, 34, 37, 64]
66: [3, 5, 9, 24, 42, 53, 54, 56, 58]
67: [7, 9, 25, 29, 42]
68: [8, 22, 30, 39]
69: [3, 4, 5, 7, 17, 19, 29, 32, 33, 34, 54, 64]
70: [1, 10, 43, 56, 68]
71: [4, 13, 15, 16, 17, 22, 24, 27, 40, 41, 52, 60, 64]
72: [12, 29, 35, 36, 44, 63]
73: [17, 28, 39, 41]
74: [1, 24, 28, 35, 48, 56, 59]
75: [23, 37, 41, 56, 71]
76: [10, 13, 30, 39, 40, 44, 48, 59, 64, 65, 71, 75]
77: [32, 50]
78: [2, 10, 39, 56]
79: [1, 27, 35, 56, 57, 58, 61, 69, 70]
80: [3, 18, 29, 58, 61, 73]
81: [2, 8, 19, 33, 46, 49, 51, 56, 67]
82: [14, 37, 73]
83: [13, 50, 64, 66, 80]
84: [7, 12, 23, 25, 56, 60]
85: [1, 5, 11, 18, 22, 38, 40, 43, 48, 55, 60, 61, 80]
86: [23, 48, 49, 65, 75, 81]
87: [2, 9, 15, 17, 30, 36, 38, 42, 43, 59, 60, 62, 63, 68, 84]
88: [1, 11, 13, 25, 32, 36, 37, 47, 53, 67, 75, 77]
89: [11, 13, 39, 77, 79, 81]
90: [1, 4, 8, 21, 36, 39, 51, 53, 72, 83]
91: [10, 15, 16, 19, 23, 44, 45, 54, 63, 74, 86, 88, 90]
92: [18, 35, 42, 57, 61, 64, 77, 88, 91]
93: [1, 5, 6, 13, 25, 36, 39, 44, 61, 73]
94: [3, 5, 6, 10, 25, 29, 34, 39, 44, 52, 59, 71, 77]
95: [5, 10, 15, 28, 32, 48, 57, 65, 72, 73, 94]
96: [17, 27, 35, 64, 72, 73, 81, 92]
97: [1, 6, 19, 26, 30, 42, 46, 65, 69, 78, 82, 91, 92]
98: [2, 10, 14, 17, 19, 37, 42, 55, 62, 65, 66, 86, 90, 96]
99: [7, 16, 19, 35, 39, 43, 86]
100: [6, 21, 25, 40, 41, 45, 55, 57, 62, 65, 72]
101: [8, 13, 15, 21, 23, 24, 29, 38, 49, 50, 61, 65, 79]
102: [12, 16, 26, 33, 36, 44, 54, 55, 88, 95]
103: [1, 5, 13, 14, 19, 23, 30, 60, 62, 77, 90, 94, 97, 98, 101]
104: [12, 25, 26, 36, 40, 44, 45, 56, 57, 71, 75, 77, 81]
105: [25, 31, 37, 41, 49, 55, 92, 96, 100]
106: [7, 56, 62, 84, 90, 94]
107: [7, 8, 11, 26, 36, 55, 61, 62, 65, 82, 89, 92]
108: [10, 24, 57, 69, 80, 82, 86, 88]
109: [4, 6, 9, 22, 63, 67, 69, 70, 75, 76, 93, 100, 102]
110: [1, 9, 11, 27, 44, 54, 58, 77, 79, 96, 106, 107]
111: [6, 9, 14, 19, 21, 31, 42, 48, 54, 57, 80, 104]
112: [1, 3, 5, 12, 25, 47, 57, 73, 87, 106]
113: [5, 26, 46, 51, 54, 57, 60, 64, 73, 74, 99, 105]
114: [12, 14, 17, 20, 36, 38, 46, 49, 58, 67, 68, 75, 81, 82, 112]
115: [11, 13, 14, 23, 29, 39, 44, 63, 65, 87, 93, 94, 95, 101, 105, 107, 110]
116: [5, 15, 29, 62, 74, 84]
117: [1, 3, 4, 6, 11, 12, 16, 31, 57, 70, 72, 73, 105]
118: [3, 6, 30, 47, 72, 84, 93, 98, 101, 110]
119: [7, 13, 20, 24, 30, 32, 34, 57, 62, 63, 64, 73, 87, 93, 95, 97, 102, 118]
120: [13, 21, 31, 64, 70, 73, 85, 89, 93, 99, 111, 115]
121: [8, 17, 22, 23, 28, 34, 37, 42, 59, 87, 101, 104]
122: [16, 19, 22, 24, 41, 69, 70, 104, 107, 121]
123: [1, 7, 32, 39, 54, 56, 62, 64, 75, 86, 117, 119, 120, 121]
124: [9, 12, 20, 26, 33, 38, 49, 54, 62, 72, 77, 86, 98, 102]
125: [19, 28, 32, 51, 52, 76, 79, 87, 89, 95, 104, 106, 110, 118]
126: [16, 22, 28, 43, 54, 65, 76, 77, 82, 94, 97, 103, 108, 111, 124, 125]
127: [22, 25, 27, 37, 49, 58, 60, 61, 73, 108, 118]
128: [2, 3, 18, 20, 24, 35, 46, 50, 59, 60, 61, 65, 87, 89, 116, 117]
129: [14, 15, 20, 22, 28, 35, 53, 55, 58, 69, 75, 88, 93, 104, 106, 114, 118]
130: [4, 5, 19, 30, 35, 38, 39, 43, 48, 56, 84, 87, 89, 119, 123, 128]
131: [1, 19, 29, 36, 58, 69, 72, 74, 81, 85, 97]
132: [1, 4, 16, 20, 22, 32, 48, 55, 62, 72, 111, 112, 113, 116, 119, 126, 129]
133: [1, 13, 14, 28, 30, 37, 38, 45, 48, 50, 54, 57, 61, 89, 92]
134: [1, 14, 21, 24, 37, 51, 79, 88, 92, 95, 108, 110, 112, 117, 123]
135: [5, 13, 20, 35, 49, 51, 65, 71, 80, 81, 82, 84, 85, 86, 93, 94, 95]
136: [24, 50, 62, 69, 95, 106, 113, 115, 117, 131]
137: [28, 53, 57, 68, 69, 70, 73, 90, 97, 125]
138: [5, 15, 30, 59, 63, 71, 77, 93, 106, 118]
139: [8, 17, 23, 29, 39, 52, 68, 70, 82, 91, 93, 101, 110, 137]
140: [5, 16, 19, 36, 37, 83, 84, 89, 123]
141: [4, 15, 19, 20, 22, 36, 47, 53, 63, 100, 121, 128, 140]
142: [30, 57, 67, 75, 102, 130]
143: [10, 15, 19, 31, 32, 33, 50, 63, 72, 86, 100, 112, 117, 118, 123, 137]
144: [11, 13, 22, 23, 46, 53, 55, 56, 61, 78, 87, 115, 120, 124, 135, 137, 139, 141]
145: [4, 6, 15, 27, 28, 43, 65, 71, 75, 90, 115]
146: [9, 16, 18, 19, 48, 58, 62, 64, 65, 72, 84, 89, 96, 103, 106, 107, 134, 136]
147: [5, 11, 36, 43, 55, 70, 73, 91, 110, 117, 123, 129, 134]
148: [8, 12, 18, 29, 30, 31, 32, 60, 71, 85, 94, 98, 101, 105, 107, 126, 134]
149: [16, 33, 38, 47, 63, 67, 71, 74, 75, 92, 94, 98, 99, 108, 113, 118, 123, 131, 133, 139, 142]
150: [8, 16, 52, 53, 62, 115, 116, 129, 132, 145]
151: [14, 56, 63, 76, 78, 81, 84, 89, 90, 93, 109, 112, 115, 124, 137, 144, 147]
152: [27, 35, 37, 41, 46, 53, 57, 65, 72, 85, 90, 96, 105, 107, 121, 124, 135, 136, 137, 144, 147, 151]
153: [1, 2, 14, 15, 20, 21, 23, 32, 38, 52, 55, 71, 88, 91, 117, 126, 130, 133, 144, 150]
154: [7, 13, 23, 24, 28, 35, 36, 38, 43, 64, 69, 79, 82, 87, 88, 93, 101, 106, 109, 116, 127, 128, 132, 146, 153]
155: [24, 28, 30, 35, 38, 62, 72, 73, 99, 107, 113, 118, 121, 139, 145]
156: [9, 33, 37, 53, 64, 76, 84, 91, 95, 105, 110, 120, 137, 147, 153]
157: [17, 21, 23, 24, 34, 36, 44, 60, 66, 71, 87, 101, 107, 108, 110, 116, 120, 130, 139, 141, 155]
158: [3, 9, 26, 30, 44, 46, 49, 63, 69, 80, 81, 96, 101, 105, 109, 134, 141, 156, 157]
159: [9, 15, 17, 27, 48, 63, 70, 71, 80, 81, 90, 101, 106, 117, 119, 135, 144]
160: [6, 9, 11, 18, 19, 26, 31, 54, 56, 92, 99, 104, 105, 119, 134, 147, 149]
161: [15, 29, 32, 37, 38, 39, 60, 67, 76, 83, 90, 93, 113, 115, 122, 130, 134, 140, 155]
162: [18, 20, 22, 38, 42, 52, 83, 85, 99, 102, 112, 119, 157]
163: [18, 20, 32, 42, 82, 100, 101, 115, 117, 119, 123, 125, 158, 160]
164: [2, 5, 11, 14, 21, 44, 68, 87, 90, 118, 119, 121, 122, 132, 149, 151, 156, 157, 162]
165: [7, 43, 76, 91, 98, 112, 127, 143, 146, 150]
166: [7, 14, 18, 20, 29, 34, 40, 57, 58, 68, 72, 95, 122, 132, 147, 148, 157]
167: [1, 37, 42, 82, 88, 101, 119, 123, 124, 126, 135, 148, 154, 156, 158, 159]
168: [1, 18, 28, 46, 49, 82, 96, 100, 102, 106, 109, 115, 117, 143, 152, 159, 165]
169: [5, 6, 7, 8, 11, 20, 24, 38, 40, 46, 49, 51, 54, 75, 88, 101, 108, 124, 130, 152, 155]
170: [29, 58, 65, 68, 74, 97, 103, 122, 123, 156, 159, 168]
171: [16, 20, 34, 49, 50, 52, 67, 76, 93, 100, 104, 120, 129, 135, 137, 138, 139, 140, 153, 156]
172: [9, 12, 13, 35, 42, 43, 51, 55, 79, 81, 101, 111, 124, 127, 145, 148, 161, 170]
173: [13, 21, 29, 32, 46, 61, 74, 78, 89, 91, 98, 105, 109, 116, 152, 153]
174: [1, 3, 10, 16, 26, 33, 48, 58, 59, 62, 75, 86, 92, 99, 101, 108, 113, 124, 140, 169]
175: [8, 9, 14, 66, 79, 91, 93, 115, 116, 117, 125, 134, 147, 151, 162, 164]
176: [35, 44, 83, 92, 94, 99, 101, 109, 111, 117, 123, 130, 141, 143, 153, 170]
177: [1, 3, 8, 27, 48, 76, 83, 85, 90, 111, 117, 136, 145, 171, 174, 176]
178: [6, 7, 18, 19, 49, 57, 74, 76, 77, 118, 133, 151, 166]
179: [13, 23, 31, 59, 62, 66, 70, 74, 84, 89, 107, 113, 131, 137, 138, 139, 141, 151, 158, 164]
180: [24, 26, 65, 66, 70, 76, 106, 110, 115, 136, 143, 144, 149, 153, 168]
181: [51, 52, 108, 112, 129, 131, 149, 151, 153, 155, 160, 161]
182: [18, 34, 54, 59, 65, 66, 74, 80, 81, 83, 92, 103, 104, 106, 119, 125, 138, 140, 159, 160, 164, 168]
183: [11, 26, 30, 35, 37, 50, 64, 84, 100, 102, 104, 105, 108, 117, 118, 124, 145, 147, 150, 158, 172, 173, 182]
184: [3, 10, 52, 56, 62, 78, 86, 100, 141, 147, 166, 174, 179]
185: [51, 70, 72, 80, 108, 118, 129, 134, 137]
186: [4, 5, 12, 36, 42, 56, 78, 80, 84, 85, 100, 122, 137, 151, 156, 158, 162, 164, 170]
187: [2, 13, 20, 30, 33, 43, 47, 59, 65, 69, 80, 81, 85, 106, 119, 120, 121, 145, 149, 156]
188: [14, 16, 17, 18, 23, 35, 41, 49, 58, 63, 76, 99, 103, 117, 126, 127, 129, 134, 162, 163, 185]
189: [3, 12, 14, 16, 18, 48, 54, 59, 62, 63, 69, 72, 84, 112, 136, 141, 153, 156, 158, 159, 169, 173, 177, 181, 183]
190: [4, 37, 38, 64, 70, 95, 103, 125, 129, 138, 139, 142, 160, 164, 169]
191: [4, 12, 18, 23, 25, 40, 44, 61, 67, 70, 83, 89, 92, 128, 138, 146, 152, 154, 156, 182, 187]
192: [1, 29, 33, 50, 108, 110, 114, 118, 120, 129, 142, 146, 156, 161]
193: [5, 80, 83, 89, 96, 128, 139, 142, 151, 154, 172, 177, 179, 188]
194: [20, 30, 35, 43, 53, 65, 66, 68, 69, 71, 108, 113, 114, 126, 129, 176]
195: [1, 4, 7, 33, 53, 69, 70, 72, 87, 94, 126, 143, 152, 153, 160, 174, 178, 183, 186]
196: [1, 2, 8, 18, 28, 52, 78, 81, 88, 99, 104, 108, 120, 122, 135, 143, 158, 165]
197: [2, 8, 19, 55, 62, 69, 107, 112, 116, 121, 124, 125, 135, 139, 140, 141, 143, 145, 155, 157, 158]
198: [1, 10, 26, 39, 40, 47, 51, 62, 83, 86, 90, 106, 112, 127, 147, 163, 166, 167, 168, 180, 188, 191, 193]
199: [5, 20, 29, 40, 44, 53, 54, 62, 64, 68, 74, 85, 90, 98, 102, 103, 106, 114, 115, 117, 119, 123, 157, 178, 192, 198]
200: [2, 5, 27, 31, 40, 44, 51, 52, 54, 65, 66, 80, 88, 94, 103, 120, 123, 127, 156, 167, 195, 196]
201: [9, 26, 38, 48, 71, 74, 78, 80, 82, 93, 98, 111, 114, 120, 130, 132, 142, 159, 177, 192]
202: [23, 28, 37, 41, 50, 55, 78, 99, 115, 118, 137, 146, 197, 201]
203: [1, 31, 32, 43, 45, 49, 51, 52, 62, 88, 91, 107, 116, 133, 137, 145, 161, 182, 183, 189, 195, 200]
204: [12, 17, 18, 21, 34, 46, 49, 58, 77, 81, 82, 100, 116, 121, 123, 140, 156, 159, 161, 164, 166, 172, 174, 175, 197]
205: [10, 11, 27, 28, 30, 37, 46, 55, 60, 63, 65, 72, 74, 76, 77, 85, 93, 94, 100, 111, 116, 139, 145, 154, 185, 191, 199]
206: [2, 7, 19, 34, 44, 58, 65, 70, 97, 107, 108, 119, 125, 131, 132, 138, 141, 144, 150, 164, 166, 182, 194, 195, 196]
207: [35, 39, 46, 51, 56, 80, 82, 84, 128, 150, 157, 176, 201]
208: [8, 18, 22, 32, 35, 42, 47, 49, 52, 54, 72, 75, 87, 90, 94, 122, 124, 143, 156, 158, 161, 195, 200, 201, 204]
209: [5, 17, 18, 35, 57, 72, 87, 98, 104, 105, 106, 121, 148, 157, 172, 181, 191]
210: [4, 33, 46, 64, 85, 87, 92, 106, 108, 129, 131, 135, 153, 168, 169, 181, 188, 195, 198, 199]
211: [2, 5, 33, 44, 45, 49, 55, 61, 66, 70, 75, 87, 98, 106, 109, 115, 117, 136, 171, 197]
212: [17, 23, 34, 40, 51, 66, 90, 96, 121, 122, 134, 146, 153, 154, 159, 161, 163, 166, 171, 173, 179]
213: [13, 27, 29, 35, 38, 39, 48, 50, 62, 69, 71, 93, 100, 135, 144, 168, 172, 182, 196]
214: [7, 22, 46, 63, 67, 70, 77, 81, 86, 133, 135, 137, 150, 174, 185, 190, 194, 200, 204, 206]
215: [14, 18, 28, 33, 55, 63, 80, 83, 87, 100, 103, 105, 108, 114, 122, 130, 131, 137, 143, 175, 197, 203, 209]
216: [27, 28, 32, 49, 57, 62, 79, 86, 106, 124, 126, 175, 179, 210]
217: [17, 19, 29, 31, 55, 80, 83, 127, 132, 161, 162, 163, 164, 169, 182, 186, 195, 200, 209]
218: [2, 5, 7, 20, 41, 48, 53, 61, 81, 95, 98, 106, 112, 115, 118, 159, 174, 183, 190]
219: [10, 20, 21, 28, 31, 35, 41, 42, 47, 61, 64, 67, 74, 87, 101, 115, 116, 120, 125, 127, 128, 145, 152, 154, 174, 182, 201, 206, 209, 211]
220: [4, 20, 44, 47, 54, 60, 85, 96, 101, 143, 147, 169, 177, 189, 194, 213, 217]
221: [3, 7, 10, 45, 64, 65, 66, 74, 94, 102, 103, 136, 146, 151, 157, 161, 188, 202, 205]
222: [1, 15, 27, 45, 64, 70, 95, 98, 133, 147, 150, 166, 173, 196, 206, 207, 215]
223: [10, 21, 41, 45, 57, 65, 69, 77, 80, 99, 102, 105, 106, 118, 120, 124, 135, 139, 150, 164, 196, 198, 203, 210, 214]
224: [4, 5, 23, 28, 30, 41, 43, 52, 54, 55, 63, 83, 91, 103, 104, 109, 119, 133, 142, 144, 159, 160, 184, 211, 212, 213]
225: [22, 37, 48, 54, 60, 62, 69, 75, 85, 116, 136, 151, 157, 158, 159, 182, 187, 188, 190, 199, 211, 213]
226: [7, 8, 16, 17, 18, 45, 48, 59, 68, 79, 92, 105, 114, 117, 119, 123, 154, 160, 202]
227: [29, 40, 43, 44, 45, 50, 75, 93, 99, 112, 141, 142, 152, 154, 161, 189, 203, 217, 226]
228: [14, 20, 32, 34, 40, 46, 50, 58, 65, 66, 83, 91, 100, 101, 103, 115, 116, 127, 134, 145, 147, 148, 160, 169, 176, 177, 205]
229: [7, 10, 30, 66, 73, 90, 95, 106, 110, 118, 146, 156, 163, 171, 172, 217, 222]
230: [7, 11, 13, 16, 36, 60, 69, 71, 85, 90, 99, 108, 114, 123, 125, 126, 137, 150, 164, 166, 200, 203, 220, 225]
231: [1, 20, 35, 47, 48, 59, 66, 102, 114, 116, 136, 138, 146, 151, 154, 161, 185, 193, 210]
232: [8, 9, 15, 29, 30, 39, 40, 42, 45, 68, 71, 86, 90, 109, 117, 130, 133, 150, 165, 172, 173, 177, 182, 189, 198, 202, 203, 210, 216]
233: [37, 40, 41, 52, 75, 84, 92, 119, 169, 186, 187, 197, 207, 210, 213, 220, 227]
234: [6, 29, 33, 48, 51, 60, 73, 75, 76, 77, 78, 82, 89, 102, 116, 134, 135, 159, 171, 174, 180, 182, 204, 207, 209, 215, 223, 225]
235: [29, 30, 61, 62, 66, 70, 72, 76, 106, 108, 125, 133, 140, 146, 152, 154, 158, 159, 164, 165, 171, 183, 203, 215, 220, 224, 227]
236: [32, 45, 47, 49, 51, 60, 65, 68, 69, 78, 82, 87, 91, 92, 120, 144, 155, 161, 168, 170, 172, 182, 183, 187, 192, 193, 196, 209, 210, 226, 229]
237: [14, 40, 52, 61, 70, 96, 138, 156, 171, 175, 176, 181, 184, 194, 203, 216, 218, 221, 229, 230, 231, 234]
238: [4, 5, 11, 23, 27, 32, 33, 41, 45, 46, 53, 60, 62, 75, 79, 82, 106, 112, 123, 126, 139, 143, 147, 150, 153, 159, 162, 176, 177, 181, 186, 196, 204, 206, 213, 220, 223, 235]
239: [13, 21, 82, 100, 102, 116, 117, 135, 138, 143, 153, 156, 162, 187, 207]
240: [11, 18, 21, 23, 29, 37, 41, 46, 58, 71, 85, 90, 105, 106, 117, 122, 123, 139, 141, 154, 155, 159, 166, 174, 182, 183, 187, 190, 195, 226, 231, 233]
241: [1, 8, 9, 16, 18, 19, 25, 30, 48, 69, 70, 74, 75, 76, 94, 114, 115, 120, 123, 146, 147, 150, 162, 164, 177, 184, 201, 204, 206, 213, 214, 221, 230, 231, 233, 237]
242: [1, 2, 19, 20, 28, 50, 71, 106, 110, 117, 121, 128, 131, 161, 176, 179, 187, 190, 196, 198, 199, 201, 207, 213, 222, 230, 234]
243: [4, 8, 12, 25, 33, 35, 45, 58, 68, 71, 75, 106, 123, 124, 127, 128, 155, 156, 171, 200, 201, 218, 222, 223, 228, 231, 240]
244: [6, 17, 21, 36, 37, 38, 43, 44, 58, 68, 89, 90, 93, 98, 117, 129, 151, 153, 156, 161, 162, 169, 192, 196, 206, 212, 213, 239]
245: [1, 22, 27, 29, 47, 49, 50, 64, 68, 69, 72, 75, 81, 84, 90, 103, 108, 122, 133, 134, 140, 144, 150, 159, 165, 166, 179, 187, 198, 205, 209, 213, 217, 222]
246: [7, 33, 39, 42, 97, 124, 126, 129, 132, 162, 164, 198, 240, 242]
247: [19, 23, 43, 52, 71, 72, 83, 98, 112, 118, 135, 147, 155, 159, 162, 171, 172, 177, 188, 197, 205, 211, 217, 220, 225, 226]
248: [5, 9, 26, 59, 67, 73, 77, 81, 83, 87, 91, 100, 114, 136, 142, 144, 153, 157, 166, 183, 190, 195, 205, 211, 235, 236, 246]
249: [2, 4, 9, 16, 24, 25, 44, 45, 70, 84, 91, 100, 104, 125, 129, 134, 154, 163, 165, 166, 182, 196, 209, 214, 215, 223, 237, 243, 248]
250: [20, 29, 31, 39, 44, 52, 69, 84, 97, 102, 132, 137, 138, 150, 159, 162, 169, 173, 187, 197, 208, 215, 235, 240, 249]