[METADATA]
File: fpsol2.i.1.col
Description: SOURCE: Gary Lewandowski (gary@cs.wisc.edu)  DESCRIPTION: Coloring problem generated from a register allocation problem based on real code.  graph #1 from register allocation file -

[GCP_DATA_INFO]
Type: GCP, Graph Coloring Problem
Node: 496
Edge: 11654

[ADJACENCY_List]
2: [1]
3: [1, 2]
4: [1, 2, 3]
5: [1, 2, 3, 4]
6: [1, 2, 3, 4, 5]
7: [1, 2, 3, 4, 5, 6]
8: [1, 2, 3, 4, 5, 6, 7]
9: [1, 2, 3, 4, 5, 6, 7, 8]
10: [1, 2, 3, 4, 5, 6, 7, 8, 9]
11: [1, 2, 3, 4, 5, 6, 7, 8, 9, 10]
12: [1, 2, 3, 4, 5, 6, 7, 8, 9, 10, 11]
13: [1, 2, 3, 4, 5, 6, 7, 8, 9, 10, 11, 12]
14: [1, 2, 3, 4, 5, 6, 7, 8, 9, 10, 11, 12, 13]
15: [1, 2, 3, 4, 5, 6, 7, 8, 9, 10, 11, 12, 13, 14]
16: [1, 2, 3, 4, 5, 6, 7, 8, 9, 10, 11, 12, 13, 14, 15]
18: [17]
19: [17, 18]
20: [17, 18, 19]
21: [17, 18, 19, 20]
22: [17, 18, 19, 20, 21]
23: [17, 18, 19, 20, 21, 22]
24: [17, 18, 19, 20, 21, 22, 23]
25: [17, 18, 19, 20, 21, 22, 23, 24]
26: [17, 18, 19, 20, 21, 22, 23, 24, 25]
27: [17, 18, 19, 20, 21, 22, 23, 24, 25, 26]
28: [17, 18, 19, 20, 21, 22, 23, 24, 25, 26, 27]
29: [17, 18, 19, 20, 21, 22, 23, 24, 25, 26, 27, 28]
30: [17, 18, 19, 20, 21, 22, 23, 24, 25, 26, 27, 28, 29]
31: [17, 18, 19, 20, 21, 22, 23, 24, 25, 26, 27, 28, 29, 30]
32: [17, 18, 19, 20, 21, 22, 23, 24, 25, 26, 27, 28, 29, 30, 31]
33: [1, 2, 13, 14, 17, 18, 19, 20, 21, 22, 23, 24, 25, 26, 27, 28, 29, 30, 31, 32]
38: [1, 2, 17, 18, 19, 20, 21, 22, 23, 24, 25, 26, 27, 28, 29, 30, 31, 32]
43: [1, 2, 11, 12, 13, 14, 15, 16, 17, 18, 19, 20, 21, 22, 23, 24, 25, 26, 27, 28, 29, 30, 31, 32, 33]
44: [1, 2, 11, 12, 13, 14, 15, 16, 17, 18, 19, 20, 21, 22, 23, 24, 25, 26, 27, 28, 29, 30, 31, 32, 38]
45: [1, 2, 11, 12, 13, 14, 15, 16, 17, 18, 19, 20, 21, 22, 23, 24, 25, 26, 27, 28, 29, 30, 31, 32, 33, 43]
46: [1, 2, 11, 12, 13, 14, 15, 16, 17, 18, 19, 20, 21, 22, 23, 24, 25, 26, 27, 28, 29, 30, 31, 32, 38, 44]
47: [1, 2, 17, 18, 19, 20, 21, 22, 23, 24, 25, 26, 27, 28, 29, 30, 31, 32, 33, 43, 45]
50: [1, 2, 17, 18, 19, 20, 21, 22, 23, 24, 25, 26, 27, 28, 29, 30, 31, 32, 38, 44, 46]
55: [1, 2, 11, 12, 13, 14, 15, 16, 17, 18, 19, 20, 21, 22, 23, 24, 25, 26, 27, 28, 29, 30, 31, 32, 33, 38, 43, 44, 45, 46, 47, 50]
59: [1, 2, 11, 12, 13, 14, 15, 16, 17, 18, 19, 20, 21, 22, 23, 24, 25, 26, 27, 28, 29, 30, 31, 32, 33, 38, 43, 45, 47, 50, 55]
62: [1, 2, 11, 12, 13, 14, 15, 16, 17, 18, 19, 20, 21, 22, 23, 24, 25, 26, 27, 28, 29, 30, 31, 32, 33, 43, 45, 47, 55, 59]
63: [1, 2, 11, 12, 13, 14, 15, 16, 17, 18, 19, 20, 21, 22, 23, 24, 25, 26, 27, 28, 29, 30, 31, 32, 38, 44, 46, 50, 55]
64: [1, 2, 3, 4, 5, 6, 7, 8, 9, 10, 11, 12, 13, 14, 15, 16, 17]
66: [1, 2, 17, 18, 19, 20, 21, 22, 23, 24, 25, 26, 27, 28, 29, 30, 31, 32, 33, 43, 45, 47, 55, 59, 62]
67: [1, 2, 17, 18, 19, 20, 21, 22, 23, 24, 25, 26, 27, 28, 29, 30, 31, 32, 38, 44, 46, 50, 55, 59, 63]
74: [1, 2, 11, 12, 13, 14, 15, 16, 17, 18, 19, 20, 21, 22, 23, 24, 25, 26, 27, 28, 29, 30, 31, 32, 33, 38, 43, 44, 45, 46, 47, 50, 55, 59, 62, 63, 66, 67]
76: [1, 2, 17, 18, 19, 20, 21, 22, 23, 24, 25, 26, 27, 28, 29, 30, 31, 32, 38, 67]
77: [1, 2, 11, 12, 13, 14, 15, 16, 17, 18, 19, 20, 21, 22, 23, 24, 25, 26, 27, 28, 29, 30, 31, 32, 38, 44, 46, 50, 55, 63, 67, 74]
78: [1, 2, 17, 18, 19, 20, 21, 22, 23, 24, 25, 26, 27, 28, 29, 30, 31, 32, 38, 46, 50, 55, 63, 67, 74]
79: [1, 2, 17, 18, 19, 20, 21, 22, 23, 24, 25, 26, 27, 28, 29, 30, 31, 32, 33, 66]
80: [1, 2, 17, 18, 19, 20, 21, 22, 23, 24, 25, 26, 27, 28, 29, 30, 31, 32, 33, 66, 79]
81: [1, 2, 17, 18, 19, 20, 21, 22, 23, 24, 25, 26, 27, 28, 29, 30, 31, 32, 33, 66, 79, 80]
82: [1, 2, 17, 18, 19, 20, 21, 22, 23, 24, 25, 26, 27, 28, 29, 30, 31, 32, 33, 43, 45, 47, 55, 59, 62, 74]
83: [1, 2, 17, 18, 19, 20, 21, 22, 23, 24, 25, 26, 27, 28, 29, 30, 31, 32, 33, 43, 45, 47, 55, 59, 62, 66, 74]
84: [1, 2, 17, 18, 19, 20, 21, 22, 23, 24, 25, 26, 27, 28, 29, 30, 31, 32, 33, 47, 55, 59, 74]
85: [1, 2, 17, 18, 19, 20, 21, 22, 23, 24, 25, 26, 27, 28, 29, 30, 31, 32, 38, 50, 55, 67, 74]
86: [1, 2, 17, 18, 19, 20, 21, 22, 23, 24, 25, 26, 27, 28, 29, 30, 31, 32, 38, 67, 76]
87: [1, 2, 17, 18, 19, 20, 21, 22, 23, 24, 25, 26, 27, 28, 29, 30, 31, 32, 38, 46, 50, 55, 63, 67, 74, 78]
88: [1, 2, 17, 18, 19, 20, 21, 22, 23, 24, 25, 26, 27, 28, 29, 30, 31, 32, 38, 44, 46, 50, 55, 63, 74, 77]
89: [1, 2, 17, 18, 19, 20, 21, 22, 23, 24, 25, 26, 27, 28, 29, 30, 31, 32, 38, 44, 46, 50, 55, 63, 67, 74, 77]
90: [1, 2, 5, 6, 7, 8, 9, 10, 11, 12, 13, 14, 15, 16, 17, 18, 19, 20, 21, 22, 23, 24, 25, 26, 27, 28, 29, 30, 31, 32, 33, 38, 43, 44, 45, 46, 47, 50, 55, 59, 62, 63, 66, 67, 74, 76, 77, 78, 79, 80, 81, 82, 83, 84, 85, 86, 87, 88, 89]
91: [1, 2, 6, 7, 8, 9, 10, 11, 12, 13, 14, 15, 16, 17, 18, 19, 20, 21, 22, 23, 24, 25, 26, 27, 28, 29, 30, 31, 32, 33, 38, 43, 44, 45, 46, 47, 50, 55, 59, 62, 63, 66, 67, 74, 76, 77, 78, 79, 80, 81, 82, 83, 84, 85, 86, 87, 88, 89, 90]
92: [1, 2, 7, 8, 9, 10, 11, 12, 13, 14, 15, 16, 17, 18, 19, 20, 21, 22, 23, 24, 25, 26, 27, 28, 29, 30, 31, 32, 33, 38, 43, 44, 45, 46, 47, 50, 55, 59, 62, 63, 66, 67, 74, 76, 77, 78, 79, 80, 81, 82, 83, 84, 85, 86, 87, 88, 89, 90, 91]
93: [1, 2, 8, 9, 10, 11, 12, 13, 14, 15, 16, 17, 18, 19, 20, 21, 22, 23, 24, 25, 26, 27, 28, 29, 30, 31, 32, 33, 38, 43, 44, 45, 46, 47, 50, 55, 59, 62, 63, 66, 67, 74, 76, 77, 78, 79, 80, 81, 82, 83, 84, 85, 86, 87, 88, 89, 90, 91, 92]
94: [1, 2, 9, 10, 11, 12, 13, 14, 15, 16, 17, 18, 19, 20, 21, 22, 23, 24, 25, 26, 27, 28, 29, 30, 31, 32, 33, 38, 43, 44, 45, 46, 47, 50, 55, 59, 62, 63, 66, 67, 74, 76, 77, 78, 79, 80, 81, 82, 83, 84, 85, 86, 87, 88, 89, 90, 91, 92, 93]
95: [1, 2, 10, 11, 12, 13, 14, 15, 16, 17, 18, 19, 20, 21, 22, 23, 24, 25, 26, 27, 28, 29, 30, 31, 32, 33, 38, 43, 44, 45, 46, 47, 50, 55, 59, 62, 63, 66, 67, 74, 76, 77, 78, 79, 80, 81, 82, 83, 84, 85, 86, 87, 88, 89, 90, 91, 92, 93, 94]
96: [1, 2, 11, 12, 13, 14, 15, 16, 17, 18, 19, 20, 21, 22, 23, 24, 25, 26, 27, 28, 29, 30, 31, 32, 33, 38, 43, 44, 45, 46, 47, 50, 55, 59, 62, 63, 66, 67, 74, 76, 77, 78, 79, 80, 81, 82, 83, 84, 85, 86, 87, 88, 89, 90, 91, 92, 93, 94, 95]
97: [1, 2, 11, 12, 13, 14, 15, 16, 17, 18, 19, 20, 21, 22, 23, 24, 25, 26, 27, 28, 29, 30, 31, 32, 33, 38, 43, 44, 45, 46, 47, 50, 55, 59, 62, 63, 66, 67, 74, 76, 77, 78, 79, 80, 81, 82, 83, 84, 85, 86, 87, 88, 89, 90, 91, 92, 93, 94, 95, 96]
98: [1, 2, 3, 4, 5, 6, 7, 8, 9, 10, 11, 12, 13, 14, 15, 16, 17, 19, 20, 21, 22, 23, 24, 25, 26, 27, 28, 29, 30, 31, 32, 64]
99: [1, 2, 3, 4, 5, 6, 7, 8, 9, 10, 11, 12, 13, 14, 15, 16, 17, 20, 21, 22, 23, 24, 25, 26, 27, 28, 29, 30, 31, 32, 64, 98]
100: [1, 2, 3, 4, 5, 6, 7, 8, 9, 10, 11, 12, 13, 14, 15, 16, 17, 21, 22, 23, 24, 25, 26, 27, 28, 29, 30, 31, 32, 64, 98, 99]
101: [1, 2, 3, 4, 5, 6, 7, 8, 9, 10, 11, 12, 13, 14, 15, 16, 17, 22, 23, 24, 25, 26, 27, 28, 29, 30, 31, 32, 64, 98, 99, 100]
102: [1, 2, 3, 4, 5, 6, 7, 8, 9, 10, 11, 12, 13, 14, 15, 16, 17, 23, 24, 25, 26, 27, 28, 29, 30, 31, 32, 64, 98, 99, 100, 101]
103: [1, 2, 3, 4, 5, 6, 7, 8, 9, 10, 11, 12, 13, 14, 15, 16, 17, 24, 25, 26, 27, 28, 29, 30, 31, 32, 64, 98, 99, 100, 101, 102]
104: [1, 2, 3, 4, 5, 6, 7, 8, 9, 10, 11, 12, 13, 14, 15, 16, 17, 25, 26, 27, 28, 29, 30, 31, 32, 64, 98, 99, 100, 101, 102, 103]
105: [1, 2, 3, 4, 5, 6, 7, 8, 9, 10, 11, 12, 13, 14, 15, 16, 17, 26, 27, 28, 29, 30, 31, 32, 64, 98, 99, 100, 101, 102, 103, 104]
106: [1, 2, 3, 4, 5, 6, 7, 8, 9, 10, 11, 12, 13, 14, 15, 16, 17, 27, 28, 29, 30, 31, 32, 64, 98, 99, 100, 101, 102, 103, 104, 105]
107: [1, 2, 11, 12, 13, 14, 15, 16, 17, 18, 19, 20, 21, 22, 23, 24, 25, 26, 27, 28, 29, 30, 31, 32, 33, 38, 43, 44, 45, 46, 47, 50, 55, 59, 62, 63, 66, 67, 74, 76, 77, 78, 79, 80, 81, 82, 83, 84, 85, 86, 87, 88, 89, 90, 91, 92, 93, 94, 95, 96, 97]
108: [1, 2, 11, 12, 13, 14, 15, 16, 17, 18, 19, 20, 21, 22, 23, 24, 25, 26, 27, 28, 29, 30, 31, 32, 33, 38, 43, 44, 45, 46, 47, 50, 55, 59, 62, 63, 66, 67, 74, 76, 77, 78, 79, 80, 81, 82, 83, 84, 85, 86, 87, 88, 89, 90, 91, 92, 93, 94, 95, 96, 97, 107]
110: [1, 2, 11, 12, 13, 14, 15, 16, 17, 18, 19, 20, 21, 22, 23, 24, 25, 26, 27, 28, 29, 30, 31, 32, 33, 38, 43, 44, 45, 46, 47, 50, 55, 59, 62, 63, 66, 67, 74, 76, 77, 78, 79, 80, 81, 82, 83, 84, 85, 86, 87, 88, 89, 90, 91, 92, 93, 94, 95, 96, 97, 107, 108]
113: [1, 2, 11, 12, 13, 14, 15, 16, 17, 18, 19, 20, 21, 22, 23, 24, 25, 26, 27, 28, 29, 30, 31, 32, 33, 38, 43, 44, 45, 46, 47, 50, 55, 59, 62, 63, 66, 67, 74, 76, 77, 78, 79, 80, 81, 82, 83, 84, 85, 86, 87, 88, 89, 90, 91, 92, 93, 94, 95, 96, 97, 107, 108, 110]
114: [1, 2, 11, 12, 13, 14, 15, 16, 17, 18, 19, 20, 21, 22, 23, 24, 25, 26, 27, 28, 29, 30, 31, 32, 33, 38, 43, 44, 45, 46, 47, 50, 55, 59, 62, 63, 66, 67, 74, 76, 77, 78, 79, 80, 81, 82, 83, 84, 85, 86, 87, 88, 89, 90, 91, 92, 93, 94, 95, 96, 97, 107, 108, 110, 113]
116: [1, 2, 11, 12, 13, 14, 15, 16, 17, 18, 19, 20, 21, 22, 23, 24, 25, 26, 27, 28, 29, 30, 31, 32, 33, 38, 43, 44, 45, 46, 47, 50, 55, 59, 62, 63, 66, 67, 74, 76, 77, 78, 79, 80, 81, 82, 83, 84, 85, 86, 87, 88, 89, 90, 91, 92, 93, 94, 95, 96, 97, 107, 108, 110, 113, 114]
117: [1, 2, 11, 12, 13, 14, 15, 16, 17, 18, 19, 20, 21, 22, 23, 24, 25, 26, 27, 28, 29, 30, 31, 32, 33, 38, 43, 44, 45, 46, 47, 50, 55, 59, 62, 63, 66, 67, 74, 76, 77, 78, 79, 80, 81, 82, 83, 84, 85, 86, 87, 88, 89, 90, 91, 92, 93, 94, 95, 96, 97, 107, 108, 110, 113, 114, 116]
119: [1, 2, 11, 12, 13, 14, 15, 16, 17, 18, 19, 20, 21, 22, 23, 24, 25, 26, 27, 28, 29, 30, 31, 32, 33, 38, 43, 44, 45, 46, 47, 50, 55, 59, 62, 63, 66, 67, 74, 76, 77, 78, 79, 80, 81, 82, 83, 84, 85, 87, 88, 89, 90, 91, 92, 93, 94, 95, 96, 97, 107, 108, 110, 113, 114, 116, 117]
120: [1, 2, 11, 12, 13, 14, 15, 16, 17, 18, 19, 20, 21, 22, 23, 24, 25, 26, 27, 28, 29, 30, 31, 32, 33, 38, 43, 44, 45, 46, 47, 50, 55, 59, 62, 63, 66, 67, 74, 77, 78, 79, 80, 81, 82, 83, 84, 85, 87, 88, 89, 90, 91, 92, 93, 94, 95, 96, 97, 107, 108, 110, 113, 114, 116, 117, 119]
121: [1, 2, 11, 12, 13, 14, 15, 16, 17, 18, 19, 20, 21, 22, 23, 24, 25, 26, 27, 28, 29, 30, 31, 32, 33, 38, 43, 44, 45, 46, 47, 50, 55, 59, 62, 63, 66, 67, 74, 77, 78, 79, 80, 81, 82, 83, 84, 85, 87, 88, 89, 90, 91, 92, 93, 94, 95, 96, 97, 107, 108, 110, 113, 114, 116, 117, 119, 120]
122: [1, 2, 11, 12, 13, 14, 15, 16, 17, 18, 19, 20, 21, 22, 23, 24, 25, 26, 27, 28, 29, 30, 31, 32, 33, 38, 43, 44, 45, 46, 47, 50, 55, 59, 62, 63, 66, 67, 74, 77, 78, 79, 80, 81, 82, 83, 84, 85, 87, 88, 89, 90, 91, 92, 93, 94, 95, 96, 97, 107, 108, 110, 113, 114, 116, 117, 119, 120, 121]
123: [1, 2, 11, 12, 13, 14, 15, 16, 17, 18, 19, 20, 21, 22, 23, 24, 25, 26, 27, 28, 29, 30, 31, 32, 33, 38, 43, 44, 45, 46, 47, 50, 55, 59, 62, 63, 66, 67, 74, 77, 78, 79, 80, 81, 82, 83, 84, 85, 87, 88, 89, 90, 91, 92, 93, 94, 95, 96, 97, 107, 108, 110, 113, 114, 116, 117, 119, 120, 121, 122]
124: [1, 2, 11, 12, 13, 14, 15, 16, 17, 18, 19, 20, 21, 22, 23, 24, 25, 26, 27, 28, 29, 30, 31, 32, 33, 38, 43, 44, 45, 46, 47, 50, 55, 59, 62, 63, 66, 67, 74, 77, 78, 79, 80, 81, 82, 83, 84, 85, 87, 88, 89, 90, 91, 92, 93, 94, 95, 96, 97, 107, 108, 110, 113, 114, 116, 117, 119, 120, 121, 122, 123]
125: [1, 2, 11, 12, 13, 14, 15, 16, 17, 18, 19, 20, 21, 22, 23, 24, 25, 26, 27, 28, 29, 30, 31, 32, 33, 38, 43, 44, 45, 46, 47, 50, 55, 59, 62, 63, 66, 67, 74, 77, 78, 79, 80, 81, 82, 83, 84, 85, 87, 88, 89, 90, 91, 92, 93, 94, 95, 96, 97, 107, 108, 110, 113, 114, 116, 117, 119, 120, 121, 122, 123, 124]
129: [1, 2, 17, 18, 19, 20, 21, 22, 23, 24, 25, 26, 27, 28, 29, 30, 31, 32, 33, 66, 79, 80, 81, 90, 91, 92, 93, 94, 95, 96, 97, 107, 108, 110, 113, 114, 116, 117, 119, 120, 121, 122, 123, 124, 125]
130: [1, 2, 17, 18, 19, 20, 21, 22, 23, 24, 25, 26, 27, 28, 29, 30, 31, 32, 33, 66, 79, 80, 81, 90, 91, 92, 93, 94, 95, 96, 97, 107, 108, 110, 113, 114, 116, 117, 119, 120, 121, 122, 123, 124, 125, 129]
132: [1, 2, 17, 18, 19, 20, 21, 22, 23, 24, 25, 26, 27, 28, 29, 30, 31, 32, 33, 66, 90, 91, 92, 93, 94, 95, 96, 97, 107, 108, 110, 113, 114, 116, 117, 119, 120, 121, 122, 123, 124, 125, 129, 130]
136: [1, 2, 17, 18, 19, 20, 21, 22, 23, 24, 25, 26, 27, 28, 29, 30, 31, 32, 33, 66, 79, 80, 90, 91, 92, 93, 94, 95, 96, 97, 107, 108, 110, 113, 114, 116, 117, 119, 120, 121, 122, 123, 124, 125, 129, 130, 132]
137: [1, 2, 17, 18, 19, 20, 21, 22, 23, 24, 25, 26, 27, 28, 29, 30, 31, 32, 33, 66, 79, 80, 90, 91, 92, 93, 94, 95, 96, 97, 107, 108, 110, 113, 114, 116, 117, 119, 120, 121, 122, 123, 124, 125, 129, 130, 132, 136]
138: [1, 2, 17, 18, 19, 20, 21, 22, 23, 24, 25, 26, 27, 28, 29, 30, 31, 32, 33, 66, 79, 80, 81, 90, 91, 92, 93, 94, 95, 96, 97, 107, 108, 110, 113, 114, 116, 117, 119, 120, 121, 122, 123, 124, 125, 129, 130, 136, 137]
141: [1, 2, 17, 18, 19, 20, 21, 22, 23, 24, 25, 26, 27, 28, 29, 30, 31, 32, 33, 66, 79, 80, 81, 90, 91, 92, 93, 94, 95, 96, 97, 107, 108, 110, 113, 114, 116, 117, 119, 120, 121, 122, 123, 124, 125, 129, 130, 136, 137, 138]
145: [1, 2, 17, 18, 19, 20, 21, 22, 23, 24, 25, 26, 27, 28, 29, 30, 31, 32, 33, 66, 79, 80, 90, 91, 92, 93, 94, 95, 96, 97, 107, 108, 110, 113, 114, 116, 117, 119, 120, 121, 122, 123, 124, 125, 129, 130, 137, 138, 141]
147: [1, 2, 17, 18, 19, 20, 21, 22, 23, 24, 25, 26, 27, 28, 29, 30, 31, 32, 33, 66, 79, 80, 90, 91, 92, 93, 94, 95, 96, 97, 107, 108, 110, 113, 114, 116, 117, 119, 120, 121, 122, 123, 124, 125, 129, 130, 138, 141, 145]
149: [1, 2, 17, 18, 19, 20, 21, 22, 23, 24, 25, 26, 27, 28, 29, 30, 31, 32, 33, 66, 79, 80, 81, 90, 91, 92, 93, 94, 95, 96, 97, 107, 108, 110, 113, 114, 116, 117, 119, 120, 121, 122, 123, 124, 125, 129, 130, 138, 141, 145, 147]
150: [1, 2, 17, 18, 19, 20, 21, 22, 23, 24, 25, 26, 27, 28, 29, 30, 31, 32, 33, 66, 79, 80, 81, 90, 91, 92, 93, 94, 95, 96, 97, 107, 108, 110, 113, 114, 116, 117, 119, 120, 121, 122, 123, 124, 125, 129, 130, 138, 141, 145, 149]
151: [1, 2, 17, 18, 19, 20, 21, 22, 23, 24, 25, 26, 27, 28, 29, 30, 31, 32, 33, 66, 79, 80, 81, 90, 91, 92, 93, 94, 95, 96, 97, 107, 108, 110, 113, 114, 116, 117, 119, 120, 121, 122, 123, 124, 125, 129, 130, 138, 141, 149, 150]
156: [1, 2, 17, 18, 19, 20, 21, 22, 23, 24, 25, 26, 27, 28, 29, 30, 31, 32, 33, 66, 79, 80, 90, 91, 92, 93, 94, 95, 96, 97, 107, 108, 110, 113, 114, 116, 117, 119, 120, 121, 122, 123, 124, 125, 129, 130, 138, 141, 149, 150, 151]
159: [1, 2, 17, 18, 19, 20, 21, 22, 23, 24, 25, 26, 27, 28, 29, 30, 31, 32, 33, 66, 79, 80, 81, 90, 91, 92, 93, 94, 95, 96, 97, 107, 108, 110, 113, 114, 116, 117, 119, 120, 121, 122, 123, 124, 125, 129, 130, 138, 141, 149, 150, 151]
160: [1, 2, 17, 18, 19, 20, 21, 22, 23, 24, 25, 26, 27, 28, 29, 30, 31, 32, 33, 66, 79, 80, 81, 90, 91, 92, 93, 94, 95, 96, 97, 107, 108, 110, 113, 114, 116, 117, 119, 120, 121, 122, 123, 124, 125, 129, 130, 138, 141, 149, 150, 151, 159]
161: [1, 2, 17, 18, 19, 20, 21, 22, 23, 24, 25, 26, 27, 28, 29, 30, 31, 32, 33, 66, 79, 80, 81, 90, 91, 92, 93, 94, 95, 96, 97, 107, 108, 110, 113, 114, 116, 117, 119, 120, 121, 122, 123, 124, 125, 129, 130, 138, 141, 149, 150, 151, 159, 160]
163: [1, 2, 3, 4, 5, 6, 7, 8, 9, 10, 11, 12, 13, 14, 15, 16, 17, 98, 99, 100, 101, 102, 103, 104, 105, 106]
166: [1, 2, 17, 18, 19, 20, 21, 22, 23, 24, 25, 26, 27, 28, 29, 30, 31, 32, 33, 66, 79, 80, 81, 90, 91, 92, 93, 94, 95, 96, 97, 107, 108, 110, 113, 114, 116, 117, 119, 120, 121, 122, 123, 124, 125, 129, 130, 138, 141, 149, 150, 151, 159, 160, 161]
168: [1, 2, 11, 12, 13, 14, 15, 16, 17, 18, 19, 20, 21, 22, 23, 24, 25, 26, 27, 28, 29, 30, 31, 32, 33, 38, 43, 44, 45, 46, 47, 50, 55, 59, 62, 63, 66, 67, 74, 77, 78, 82, 83, 84, 85, 87, 88, 89, 90, 91, 92, 93, 94, 95, 96, 97, 107, 108, 110, 113, 114, 116, 117, 119, 120, 121, 122, 123, 124, 125]
170: [1, 2, 17, 18, 19, 20, 21, 22, 23, 24, 25, 26, 27, 28, 29, 30, 31, 32, 33, 66, 90, 91, 92, 93, 94, 95, 96, 97, 107, 108, 110, 113, 114, 116, 117, 119, 120, 121, 122, 123, 124, 125, 168]
171: [1, 2, 11, 12, 13, 14, 15, 16, 17, 18, 19, 20, 21, 22, 23, 24, 25, 26, 27, 28, 29, 30, 31, 32, 33, 38, 43, 44, 45, 46, 47, 50, 55, 59, 62, 63, 66, 67, 74, 77, 78, 82, 83, 84, 85, 87, 88, 89, 90, 91, 92, 93, 94, 95, 96, 97, 107, 108, 110, 113, 114, 116, 117, 119, 120, 121, 122, 123, 124, 125, 168, 170]
172: [1, 2, 17, 18, 19, 20, 21, 22, 23, 24, 25, 26, 27, 28, 29, 30, 31, 32, 33, 66, 90, 91, 92, 93, 94, 95, 96, 97, 107, 108, 110, 113, 114, 116, 117, 119, 120, 121, 122, 123, 124, 125, 168, 171]
182: [1, 2, 11, 12, 13, 14, 15, 16, 17, 18, 19, 20, 21, 22, 23, 24, 25, 26, 27, 28, 29, 30, 31, 32, 33, 43, 45, 47, 55, 59, 62, 66, 74, 82, 83, 90, 91, 92, 93, 94, 95, 96, 97, 107, 108, 110, 113, 114, 116, 117, 119, 120, 121, 122, 123, 124, 125, 168, 171]
183: [1, 2, 11, 12, 13, 14, 15, 16, 17, 18, 19, 20, 21, 22, 23, 24, 25, 26, 27, 28, 29, 30, 31, 32, 33, 43, 45, 47, 55, 59, 62, 66, 74, 82, 83, 90, 91, 92, 93, 94, 95, 96, 97, 107, 108, 110, 113, 114, 116, 117, 119, 120, 121, 122, 123, 124, 125, 168, 171, 182]
185: [1, 2, 17, 18, 19, 20, 21, 22, 23, 24, 25, 26, 27, 28, 29, 30, 31, 32, 33, 45, 47, 55, 59, 62, 66, 74, 90, 91, 92, 93, 94, 95, 96, 97, 107, 108, 110, 113, 114, 116, 117, 119, 120, 121, 122, 123, 124, 125, 168, 171, 182, 183]
189: [1, 2, 17, 18, 19, 20, 21, 22, 23, 24, 25, 26, 27, 28, 29, 30, 31, 32, 33, 47, 55, 59, 62, 66, 74, 90, 91, 92, 93, 94, 95, 96, 97, 107, 108, 110, 113, 114, 116, 117, 119, 120, 121, 122, 123, 124, 125, 168, 171, 182, 183]
190: [1, 2, 17, 18, 19, 20, 21, 22, 23, 24, 25, 26, 27, 28, 29, 30, 31, 32, 33, 47, 55, 59, 62, 66, 74, 90, 91, 92, 93, 94, 95, 96, 97, 107, 108, 110, 113, 114, 116, 117, 119, 120, 121, 122, 123, 124, 125, 168, 171, 182, 183]
197: [1, 2, 17, 18, 19, 20, 21, 22, 23, 24, 25, 26, 27, 28, 29, 30, 31, 32, 33, 45, 47, 55, 59, 62, 66, 74, 90, 91, 92, 93, 94, 95, 96, 97, 107, 108, 110, 113, 114, 116, 117, 119, 120, 121, 122, 123, 124, 125, 168, 171, 182, 183]
200: [1, 2, 17, 18, 19, 20, 21, 22, 23, 24, 25, 26, 27, 28, 29, 30, 31, 32, 33, 43, 45, 47, 55, 59, 62, 66, 74, 90, 91, 92, 93, 94, 95, 96, 97, 107, 108, 110, 113, 114, 116, 117, 119, 120, 121, 122, 123, 124, 125, 168, 171, 182, 183]
201: [1, 2, 11, 12, 13, 14, 15, 16, 17, 18, 19, 20, 21, 22, 23, 24, 25, 26, 27, 28, 29, 30, 31, 32, 33, 43, 45, 47, 55, 59, 62, 66, 74, 82, 90, 91, 92, 93, 94, 95, 96, 97, 107, 108, 110, 113, 114, 116, 117, 119, 120, 121, 122, 123, 124, 125, 168, 171, 182, 183]
203: [1, 2, 11, 12, 13, 14, 15, 16, 17, 18, 19, 20, 21, 22, 23, 24, 25, 26, 27, 28, 29, 30, 31, 32, 33, 43, 45, 47, 55, 59, 62, 66, 74, 82, 90, 91, 92, 93, 94, 95, 96, 97, 107, 108, 110, 113, 114, 116, 117, 119, 120, 121, 122, 123, 124, 125, 168, 171, 182, 183, 201]
204: [1, 2, 11, 12, 13, 14, 15, 16, 17, 18, 19, 20, 21, 22, 23, 24, 25, 26, 27, 28, 29, 30, 31, 32, 33, 43, 45, 47, 55, 59, 62, 66, 74, 82, 90, 91, 92, 93, 94, 95, 96, 97, 107, 108, 110, 113, 114, 116, 117, 119, 120, 121, 122, 123, 124, 125, 168, 171, 182, 183, 201, 203]
213: [1, 2, 17, 18, 19, 20, 21, 22, 23, 24, 25, 26, 27, 28, 29, 30, 31, 32, 33, 43, 45, 47, 55, 59, 62, 66, 74, 90, 91, 92, 93, 94, 95, 96, 97, 107, 108, 110, 113, 114, 116, 117, 119, 120, 121, 122, 123, 124, 125, 168, 171, 182, 183]
214: [1, 2, 17, 18, 19, 20, 21, 22, 23, 24, 25, 26, 27, 28, 29, 30, 31, 32, 33, 43, 45, 47, 55, 59, 62, 66, 74, 90, 91, 92, 93, 94, 95, 96, 97, 107, 108, 110, 113, 114, 116, 117, 119, 120, 121, 122, 123, 124, 125, 168, 171, 182, 183, 201, 203, 204]
216: [1, 2, 3, 4, 5, 6, 7, 8, 9, 10, 11, 12, 13, 14, 15, 16, 17, 98, 99, 100, 101, 102, 103, 104, 105, 106]
218: [1, 2, 17, 18, 19, 20, 21, 22, 23, 24, 25, 26, 27, 28, 29, 30, 31, 32, 33, 43, 45, 47, 55, 59, 62, 66, 74, 90, 91, 92, 93, 94, 95, 96, 97, 107, 108, 110, 113, 114, 116, 117, 119, 120, 121, 122, 123, 124, 125, 168, 171, 182, 183, 201, 203, 204]
219: [1, 2, 17, 18, 19, 20, 21, 22, 23, 24, 25, 26, 27, 28, 29, 30, 31, 32, 33, 43, 45, 47, 55, 59, 62, 66, 74, 90, 91, 92, 93, 94, 95, 96, 97, 107, 108, 110, 113, 114, 116, 117, 119, 120, 121, 122, 123, 124, 125, 168, 171, 182, 183, 203, 204, 218]
220: [1, 2, 17, 18, 19, 20, 21, 22, 23, 24, 25, 26, 27, 28, 29, 30, 31, 32, 33, 43, 45, 47, 55, 59, 62, 66, 74, 90, 91, 92, 93, 94, 95, 96, 97, 107, 108, 110, 113, 114, 116, 117, 119, 120, 121, 122, 123, 124, 125, 168, 171, 182, 183, 204, 218, 219]
221: [1, 2, 17, 18, 19, 20, 21, 22, 23, 24, 25, 26, 27, 28, 29, 30, 31, 32, 33, 43, 45, 47, 55, 59, 62, 66, 74, 90, 91, 92, 93, 94, 95, 96, 97, 107, 108, 110, 113, 114, 116, 117, 119, 120, 121, 122, 123, 124, 125, 168, 171, 182, 183, 218, 219, 220]
222: [1, 2, 17, 18, 19, 20, 21, 22, 23, 24, 25, 26, 27, 28, 29, 30, 31, 32, 33, 43, 45, 47, 55, 59, 62, 66, 74, 90, 91, 92, 93, 94, 95, 96, 97, 107, 108, 110, 113, 114, 116, 117, 119, 120, 121, 122, 123, 124, 125, 168, 171, 182, 183, 218, 219, 220]
223: [1, 2, 17, 18, 19, 20, 21, 22, 23, 24, 25, 26, 27, 28, 29, 30, 31, 32, 33, 43, 45, 47, 55, 59, 62, 66, 74, 90, 91, 92, 93, 94, 95, 96, 97, 107, 108, 110, 113, 114, 116, 117, 119, 120, 121, 122, 123, 124, 125, 168, 171, 182, 183, 218, 219, 222]
224: [1, 2, 17, 18, 19, 20, 21, 22, 23, 24, 25, 26, 27, 28, 29, 30, 31, 32, 33, 43, 45, 47, 55, 59, 62, 66, 74, 90, 91, 92, 93, 94, 95, 96, 97, 107, 108, 110, 113, 114, 116, 117, 119, 120, 121, 122, 123, 124, 125, 168, 171, 182, 183, 218, 219, 223]
225: [1, 2, 17, 18, 19, 20, 21, 22, 23, 24, 25, 26, 27, 28, 29, 30, 31, 32, 33, 43, 45, 47, 55, 59, 62, 66, 74, 90, 91, 92, 93, 94, 95, 96, 97, 107, 108, 110, 113, 114, 116, 117, 119, 120, 121, 122, 123, 124, 125, 168, 171, 182, 183, 219, 223, 224]
226: [1, 2, 17, 18, 19, 20, 21, 22, 23, 24, 25, 26, 27, 28, 29, 30, 31, 32, 33, 43, 45, 47, 55, 59, 62, 66, 74, 90, 91, 92, 93, 94, 95, 96, 97, 107, 108, 110, 113, 114, 116, 117, 119, 120, 121, 122, 123, 124, 125, 168, 171, 182, 183, 223, 224, 225]
228: [1, 2, 17, 18, 19, 20, 21, 22, 23, 24, 25, 26, 27, 28, 29, 30, 31, 32, 33, 43, 45, 47, 55, 59, 62, 66, 74, 83, 90, 91, 92, 93, 94, 95, 96, 97, 107, 108, 110, 113, 114, 116, 117, 119, 120, 121, 122, 123, 124, 125, 168, 171, 182, 183, 223, 224, 225, 226]
230: [1, 2, 17, 18, 19, 20, 21, 22, 23, 24, 25, 26, 27, 28, 29, 30, 31, 32, 33, 43, 45, 47, 55, 59, 62, 66, 74, 90, 91, 92, 93, 94, 95, 96, 97, 107, 108, 110, 113, 114, 116, 117, 119, 120, 121, 122, 123, 124, 125, 168, 171, 182, 183, 224, 225, 226, 228]
232: [1, 2, 17, 18, 19, 20, 21, 22, 23, 24, 25, 26, 27, 28, 29, 30, 31, 32, 33, 43, 45, 47, 55, 59, 62, 66, 74, 90, 91, 92, 93, 94, 95, 96, 97, 107, 108, 110, 113, 114, 116, 117, 119, 120, 121, 122, 123, 124, 125, 168, 171, 182, 183, 225, 226, 228, 230]
234: [1, 2, 17, 18, 19, 20, 21, 22, 23, 24, 25, 26, 27, 28, 29, 30, 31, 32, 33, 43, 45, 47, 55, 59, 62, 66, 74, 90, 91, 92, 93, 94, 95, 96, 97, 107, 108, 110, 113, 114, 116, 117, 119, 120, 121, 122, 123, 124, 125, 168, 171, 182, 183, 226, 228, 230, 232]
236: [1, 2, 17, 18, 19, 20, 21, 22, 23, 24, 25, 26, 27, 28, 29, 30, 31, 32, 33, 43, 45, 47, 55, 59, 62, 66, 74, 90, 91, 92, 93, 94, 95, 96, 97, 107, 108, 110, 113, 114, 116, 117, 119, 120, 121, 122, 123, 124, 125, 168, 171, 182, 183, 228, 230, 232, 234]
238: [1, 2, 17, 18, 19, 20, 21, 22, 23, 24, 25, 26, 27, 28, 29, 30, 31, 32, 33, 43, 45, 47, 55, 59, 62, 66, 74, 83, 90, 91, 92, 93, 94, 95, 96, 97, 107, 108, 110, 113, 114, 116, 117, 119, 120, 121, 122, 123, 124, 125, 168, 171, 182, 183, 228, 232, 234, 236]
239: [1, 2, 17, 18, 19, 20, 21, 22, 23, 24, 25, 26, 27, 28, 29, 30, 31, 32, 33, 43, 45, 47, 55, 59, 62, 66, 74, 83, 90, 91, 92, 93, 94, 95, 96, 97, 107, 108, 110, 113, 114, 116, 117, 119, 120, 121, 122, 123, 124, 125, 168, 171, 182, 183, 228, 232, 234, 236, 238]
240: [1, 2, 17, 18, 19, 20, 21, 22, 23, 24, 25, 26, 27, 28, 29, 30, 31, 32, 33, 43, 45, 47, 55, 59, 62, 66, 74, 83, 90, 91, 92, 93, 94, 95, 96, 97, 107, 108, 110, 113, 114, 116, 117, 119, 120, 121, 122, 123, 124, 125, 168, 171, 182, 183, 228, 232, 236, 238, 239]
241: [1, 2, 17, 18, 19, 20, 21, 22, 23, 24, 25, 26, 27, 28, 29, 30, 31, 32, 33, 43, 45, 47, 55, 59, 62, 66, 74, 83, 90, 91, 92, 93, 94, 95, 96, 97, 107, 108, 110, 113, 114, 116, 117, 119, 120, 121, 122, 123, 124, 125, 168, 171, 182, 183, 228, 232, 238, 239, 240]
242: [1, 2, 17, 18, 19, 20, 21, 22, 23, 24, 25, 26, 27, 28, 29, 30, 31, 32, 33, 43, 45, 47, 55, 59, 62, 66, 74, 83, 90, 91, 92, 93, 94, 95, 96, 97, 107, 108, 110, 113, 114, 116, 117, 119, 120, 121, 122, 123, 124, 125, 168, 171, 182, 183, 228, 238, 239, 240, 241]
244: [1, 2, 3, 4, 5, 6, 7, 8, 9, 10, 11, 12, 13, 14, 15, 16, 17, 98, 99, 100, 101, 102, 103, 104, 105, 106, 216]
245: [1, 2, 3, 4, 5, 6, 7, 8, 9, 10, 11, 12, 13, 14, 15, 16, 17, 98, 99, 100, 101, 102, 103, 104, 105, 106, 216, 244]
246: [1, 2, 3, 4, 5, 6, 7, 8, 9, 10, 11, 12, 13, 14, 15, 16, 17, 98, 99, 100, 101, 102, 103, 104, 105, 106, 216]
248: [1, 2, 3, 4, 5, 6, 7, 8, 9, 10, 11, 12, 13, 14, 15, 16, 17, 98, 99, 100, 101, 102, 103, 104, 105, 106, 216, 246]
249: [1, 2, 3, 4, 5, 6, 7, 8, 9, 10, 11, 12, 13, 14, 15, 16, 17, 98, 99, 100, 101, 102, 103, 104, 105, 106, 216, 246, 248]
250: [1, 2, 3, 4, 5, 6, 7, 8, 9, 10, 11, 12, 13, 14, 15, 16, 17, 98, 99, 100, 101, 102, 103, 104, 105, 106, 216, 246]
251: [1, 2, 3, 4, 5, 6, 7, 8, 9, 10, 11, 12, 13, 14, 15, 16, 17, 98, 99, 100, 101, 102, 103, 104, 105, 106, 216, 250]
252: [1, 2, 3, 4, 5, 6, 7, 8, 9, 10, 11, 12, 13, 14, 15, 16, 17, 98, 99, 100, 101, 102, 103, 104, 105, 106, 216]
255: [1, 2, 17, 18, 19, 20, 21, 22, 23, 24, 25, 26, 27, 28, 29, 30, 31, 32, 33, 43, 45, 47, 55, 59, 62, 66, 74, 83, 90, 91, 92, 93, 94, 95, 96, 97, 107, 108, 110, 113, 114, 116, 117, 119, 120, 121, 122, 123, 124, 125, 168, 171, 182, 183, 228, 238, 239, 240, 241, 242]
258: [1, 2, 17, 18, 19, 20, 21, 22, 23, 24, 25, 26, 27, 28, 29, 30, 31, 32, 33, 43, 45, 47, 55, 59, 62, 74, 90, 91, 92, 93, 94, 95, 96, 97, 107, 108, 110, 113, 114, 116, 117, 119, 120, 121, 122, 123, 124, 125, 168, 171, 182, 183, 201, 203, 204]
259: [1, 2, 17, 18, 19, 20, 21, 22, 23, 24, 25, 26, 27, 28, 29, 30, 31, 32, 33, 43, 45, 47, 55, 59, 62, 74, 90, 91, 92, 93, 94, 95, 96, 97, 107, 108, 110, 113, 114, 116, 117, 119, 120, 121, 122, 123, 124, 125, 168, 171, 182, 183, 201, 203, 204]
261: [1, 2, 17, 18, 19, 20, 21, 22, 23, 24, 25, 26, 27, 28, 29, 30, 31, 32, 33, 43, 45, 47, 55, 59, 62, 74, 90, 91, 92, 93, 94, 95, 96, 97, 107, 108, 110, 113, 114, 116, 117, 119, 120, 121, 122, 123, 124, 125, 168, 171, 182, 183, 201, 203, 204, 259]
262: [1, 2, 17, 18, 19, 20, 21, 22, 23, 24, 25, 26, 27, 28, 29, 30, 31, 32, 33, 43, 45, 47, 55, 59, 62, 74, 90, 91, 92, 93, 94, 95, 96, 97, 107, 108, 110, 113, 114, 116, 117, 119, 120, 121, 122, 123, 124, 125, 168, 171, 182, 183, 201, 203, 204, 259, 261]
263: [1, 2, 17, 18, 19, 20, 21, 22, 23, 24, 25, 26, 27, 28, 29, 30, 31, 32, 33, 43, 45, 47, 55, 59, 62, 74, 90, 91, 92, 93, 94, 95, 96, 97, 107, 108, 110, 113, 114, 116, 117, 119, 120, 121, 122, 123, 124, 125, 168, 171, 182, 183, 201, 203, 204, 261, 262]
264: [1, 2, 17, 18, 19, 20, 21, 22, 23, 24, 25, 26, 27, 28, 29, 30, 31, 32, 33, 43, 45, 47, 55, 59, 62, 74, 90, 91, 92, 93, 94, 95, 96, 97, 107, 108, 110, 113, 114, 116, 117, 119, 120, 121, 122, 123, 124, 125, 168, 171, 182, 183, 201, 203, 204, 262, 263]
265: [1, 2, 17, 18, 19, 20, 21, 22, 23, 24, 25, 26, 27, 28, 29, 30, 31, 32, 33, 43, 45, 47, 55, 59, 62, 74, 90, 91, 92, 93, 94, 95, 96, 97, 107, 108, 110, 113, 114, 116, 117, 119, 120, 121, 122, 123, 124, 125, 168, 171, 182, 183, 201, 203, 204, 263, 264]
267: [1, 2, 17, 18, 19, 20, 21, 22, 23, 24, 25, 26, 27, 28, 29, 30, 31, 32, 33, 43, 45, 47, 55, 59, 62, 74, 82, 90, 91, 92, 93, 94, 95, 96, 97, 107, 108, 110, 113, 114, 116, 117, 119, 120, 121, 122, 123, 124, 125, 168, 171, 182, 183, 201, 203, 204, 263, 264, 265]
269: [1, 2, 17, 18, 19, 20, 21, 22, 23, 24, 25, 26, 27, 28, 29, 30, 31, 32, 33, 43, 45, 47, 55, 59, 62, 74, 90, 91, 92, 93, 94, 95, 96, 97, 107, 108, 110, 113, 114, 116, 117, 119, 120, 121, 122, 123, 124, 125, 168, 171, 182, 183, 201, 203, 204, 263, 264, 267]
271: [1, 2, 17, 18, 19, 20, 21, 22, 23, 24, 25, 26, 27, 28, 29, 30, 31, 32, 33, 43, 45, 47, 55, 59, 62, 74, 90, 91, 92, 93, 94, 95, 96, 97, 107, 108, 110, 113, 114, 116, 117, 119, 120, 121, 122, 123, 124, 125, 168, 171, 182, 183, 201, 203, 204, 264, 267, 269]
273: [1, 2, 17, 18, 19, 20, 21, 22, 23, 24, 25, 26, 27, 28, 29, 30, 31, 32, 33, 43, 45, 47, 55, 59, 62, 74, 90, 91, 92, 93, 94, 95, 96, 97, 107, 108, 110, 113, 114, 116, 117, 119, 120, 121, 122, 123, 124, 125, 168, 171, 182, 183, 201, 203, 204, 267, 269, 271]
275: [1, 2, 17, 18, 19, 20, 21, 22, 23, 24, 25, 26, 27, 28, 29, 30, 31, 32, 33, 43, 45, 47, 55, 59, 62, 74, 82, 90, 91, 92, 93, 94, 95, 96, 97, 107, 108, 110, 113, 114, 116, 117, 119, 120, 121, 122, 123, 124, 125, 168, 171, 182, 183, 201, 203, 204, 267, 269, 273]
276: [1, 2, 17, 18, 19, 20, 21, 22, 23, 24, 25, 26, 27, 28, 29, 30, 31, 32, 33, 43, 45, 47, 55, 59, 62, 74, 82, 90, 91, 92, 93, 94, 95, 96, 97, 107, 108, 110, 113, 114, 116, 117, 119, 120, 121, 122, 123, 124, 125, 168, 171, 182, 183, 201, 203, 204, 267, 269, 275]
277: [1, 2, 17, 18, 19, 20, 21, 22, 23, 24, 25, 26, 27, 28, 29, 30, 31, 32, 33, 43, 45, 47, 55, 59, 62, 74, 82, 90, 91, 92, 93, 94, 95, 96, 97, 107, 108, 110, 113, 114, 116, 117, 119, 120, 121, 122, 123, 124, 125, 168, 171, 182, 183, 201, 203, 204, 267, 275, 276]
279: [1, 2, 3, 4, 5, 6, 7, 8, 9, 10, 11, 12, 13, 14, 15, 16, 17, 98, 99, 100, 101, 102, 103, 104, 105, 106]
280: [1, 2, 3, 4, 5, 6, 7, 8, 9, 10, 11, 12, 13, 14, 15, 16, 17, 98, 99, 100, 101, 102, 103, 104, 105, 106, 279]
281: [1, 2, 3, 4, 5, 6, 7, 8, 9, 10, 11, 12, 13, 14, 15, 16, 17, 98, 99, 100, 101, 102, 103, 104, 105, 106]
282: [1, 2, 3, 4, 5, 6, 7, 8, 9, 10, 11, 12, 13, 14, 15, 16, 17, 98, 99, 100, 101, 102, 103, 104, 105, 106, 281]
283: [1, 2, 3, 4, 5, 6, 7, 8, 9, 10, 11, 12, 13, 14, 15, 16, 17, 98, 99, 100, 101, 102, 103, 104, 105, 106]
286: [1, 2, 17, 18, 19, 20, 21, 22, 23, 24, 25, 26, 27, 28, 29, 30, 31, 32, 33, 43, 45, 47, 55, 59, 62, 74, 82, 90, 91, 92, 93, 94, 95, 96, 97, 107, 108, 110, 113, 114, 116, 117, 119, 120, 121, 122, 123, 124, 125, 168, 171, 182, 183, 201, 203, 204, 267, 275, 276, 277]
296: [1, 2, 17, 18, 19, 20, 21, 22, 23, 24, 25, 26, 27, 28, 29, 30, 31, 32, 38, 67, 76, 86, 90, 91, 92, 93, 94, 95, 96, 97, 107, 108, 110, 113, 114, 116, 117, 119]
297: [1, 2, 17, 18, 19, 20, 21, 22, 23, 24, 25, 26, 27, 28, 29, 30, 31, 32, 38, 67, 76, 86, 90, 91, 92, 93, 94, 95, 96, 97, 107, 108, 110, 113, 114, 116, 117, 119, 296]
299: [1, 2, 17, 18, 19, 20, 21, 22, 23, 24, 25, 26, 27, 28, 29, 30, 31, 32, 38, 67, 90, 91, 92, 93, 94, 95, 96, 97, 107, 108, 110, 113, 114, 116, 117, 119, 296, 297]
302: [1, 2, 17, 18, 19, 20, 21, 22, 23, 24, 25, 26, 27, 28, 29, 30, 31, 32, 38, 67, 76, 90, 91, 92, 93, 94, 95, 96, 97, 107, 108, 110, 113, 114, 116, 117, 119, 296, 297, 299]
303: [1, 2, 17, 18, 19, 20, 21, 22, 23, 24, 25, 26, 27, 28, 29, 30, 31, 32, 38, 67, 76, 86, 90, 91, 92, 93, 94, 95, 96, 97, 107, 108, 110, 113, 114, 116, 117, 119, 296, 297, 302]
305: [1, 2, 17, 18, 19, 20, 21, 22, 23, 24, 25, 26, 27, 28, 29, 30, 31, 32, 38, 67, 76, 86, 90, 91, 92, 93, 94, 95, 96, 97, 107, 108, 110, 113, 114, 116, 117, 119, 296, 297, 302, 303]
308: [1, 2, 17, 18, 19, 20, 21, 22, 23, 24, 25, 26, 27, 28, 29, 30, 31, 32, 38, 67, 76, 90, 91, 92, 93, 94, 95, 96, 97, 107, 108, 110, 113, 114, 116, 117, 119, 296, 297, 303, 305]
310: [1, 2, 17, 18, 19, 20, 21, 22, 23, 24, 25, 26, 27, 28, 29, 30, 31, 32, 38, 67, 76, 86, 90, 91, 92, 93, 94, 95, 96, 97, 107, 108, 110, 113, 114, 116, 117, 296, 297, 303, 305]
313: [1, 2, 17, 18, 19, 20, 21, 22, 23, 24, 25, 26, 27, 28, 29, 30, 31, 32, 38, 67, 76, 90, 91, 92, 93, 94, 95, 96, 97, 107, 108, 110, 113, 114, 116, 117, 296, 297, 303, 305, 310]
315: [1, 2, 17, 18, 19, 20, 21, 22, 23, 24, 25, 26, 27, 28, 29, 30, 31, 32, 38, 67, 76, 86, 90, 91, 92, 93, 94, 95, 96, 97, 107, 108, 110, 113, 114, 116, 117, 296, 297, 303, 305, 310]
317: [1, 2, 3, 4, 5, 6, 7, 8, 9, 10, 11, 12, 13, 14, 15, 16, 17, 98, 99, 100, 101, 102, 103, 104, 105, 106]
318: [1, 2, 3, 4, 5, 6, 7, 8, 9, 10, 11, 12, 13, 14, 15, 16, 17, 98, 99, 100, 101, 102, 103, 104, 105, 106]
321: [1, 2, 17, 18, 19, 20, 21, 22, 23, 24, 25, 26, 27, 28, 29, 30, 31, 32, 38, 67, 76, 86, 90, 91, 92, 93, 94, 95, 96, 97, 107, 108, 110, 113, 114, 116, 117, 296, 297, 303, 305, 310, 315]
325: [1, 2, 11, 12, 13, 14, 15, 16, 17, 18, 19, 20, 21, 22, 23, 24, 25, 26, 27, 28, 29, 30, 31, 32, 38, 44, 46, 50, 55, 63, 67, 74, 77, 78, 87, 88, 89, 90, 91, 92, 93, 94, 95, 96, 97, 107, 108, 110, 113, 114, 116, 117, 119, 120, 121, 122, 123, 124, 125, 168, 171]
327: [1, 2, 11, 12, 13, 14, 15, 16, 17, 18, 19, 20, 21, 22, 23, 24, 25, 26, 27, 28, 29, 30, 31, 32, 38, 44, 46, 50, 55, 63, 67, 74, 77, 78, 87, 88, 89, 90, 91, 92, 93, 94, 95, 96, 97, 107, 108, 110, 113, 114, 116, 117, 119, 120, 121, 122, 123, 124, 125, 168, 171, 325]
328: [1, 2, 17, 18, 19, 20, 21, 22, 23, 24, 25, 26, 27, 28, 29, 30, 31, 32, 38, 50, 55, 67, 74, 90, 91, 92, 93, 94, 95, 96, 97, 107, 108, 110, 113, 114, 116, 117, 119, 120, 121, 122, 123, 124, 125, 168, 171, 325, 327]
329: [1, 2, 11, 12, 13, 14, 15, 16, 17, 18, 19, 20, 21, 22, 23, 24, 25, 26, 27, 28, 29, 30, 31, 32, 38, 44, 46, 50, 55, 63, 67, 74, 77, 78, 87, 88, 89, 90, 91, 92, 93, 94, 95, 96, 97, 107, 108, 110, 113, 114, 116, 117, 119, 120, 121, 122, 123, 124, 125, 168, 171, 325, 327, 328]
331: [1, 2, 17, 18, 19, 20, 21, 22, 23, 24, 25, 26, 27, 28, 29, 30, 31, 32, 38, 50, 55, 67, 74, 90, 91, 92, 93, 94, 95, 96, 97, 107, 108, 110, 113, 114, 116, 117, 119, 120, 121, 122, 123, 124, 125, 168, 171, 325, 327, 329]
333: [1, 2, 11, 12, 13, 14, 15, 16, 17, 18, 19, 20, 21, 22, 23, 24, 25, 26, 27, 28, 29, 30, 31, 32, 38, 44, 46, 50, 55, 63, 67, 74, 77, 78, 87, 88, 89, 90, 91, 92, 93, 94, 95, 96, 97, 107, 108, 110, 113, 114, 116, 117, 119, 120, 121, 122, 123, 124, 125, 168, 171, 325, 327, 329, 331]
336: [1, 2, 11, 12, 13, 14, 15, 16, 17, 18, 19, 20, 21, 22, 23, 24, 25, 26, 27, 28, 29, 30, 31, 32, 38, 44, 46, 50, 55, 63, 67, 74, 77, 78, 87, 88, 89, 90, 91, 92, 93, 94, 95, 96, 97, 107, 108, 110, 113, 114, 116, 117, 119, 120, 121, 122, 123, 124, 125, 168, 171, 325, 327, 329, 331, 333]
338: [1, 2, 11, 12, 13, 14, 15, 16, 17, 18, 19, 20, 21, 22, 23, 24, 25, 26, 27, 28, 29, 30, 31, 32, 38, 44, 46, 50, 55, 63, 67, 74, 77, 78, 87, 88, 89, 90, 91, 92, 93, 94, 95, 96, 97, 107, 108, 110, 113, 114, 116, 117, 119, 120, 121, 122, 123, 124, 125, 168, 171, 325, 327, 329, 331, 333, 336]
339: [1, 2, 11, 12, 13, 14, 15, 16, 17, 18, 19, 20, 21, 22, 23, 24, 25, 26, 27, 28, 29, 30, 31, 32, 38, 44, 46, 50, 55, 63, 67, 74, 77, 78, 87, 88, 89, 90, 91, 92, 93, 94, 95, 96, 97, 107, 108, 110, 113, 114, 116, 117, 119, 120, 121, 122, 123, 124, 125, 168, 171, 325, 327, 329, 333, 336, 338]
340: [1, 2, 17, 18, 19, 20, 21, 22, 23, 24, 25, 26, 27, 28, 29, 30, 31, 32, 38, 46, 50, 55, 63, 67, 74, 90, 91, 92, 93, 94, 95, 96, 97, 107, 108, 110, 113, 114, 116, 117, 119, 120, 121, 122, 123, 124, 125, 168, 171, 325, 327, 329, 333, 336, 338, 339]
343: [1, 2, 17, 18, 19, 20, 21, 22, 23, 24, 25, 26, 27, 28, 29, 30, 31, 32, 38, 50, 55, 63, 67, 74, 90, 91, 92, 93, 94, 95, 96, 97, 107, 108, 110, 113, 114, 116, 117, 119, 120, 121, 122, 123, 124, 125, 168, 171, 325, 327, 329, 333, 336, 338, 339]
344: [1, 2, 17, 18, 19, 20, 21, 22, 23, 24, 25, 26, 27, 28, 29, 30, 31, 32, 38, 46, 50, 55, 63, 67, 74, 90, 91, 92, 93, 94, 95, 96, 97, 107, 108, 110, 113, 114, 116, 117, 119, 120, 121, 122, 123, 124, 125, 168, 171, 325, 327, 329, 333, 336, 338, 339]
351: [1, 2, 17, 18, 19, 20, 21, 22, 23, 24, 25, 26, 27, 28, 29, 30, 31, 32, 38, 46, 50, 55, 63, 67, 74, 90, 91, 92, 93, 94, 95, 96, 97, 107, 108, 110, 113, 114, 116, 117, 119, 120, 121, 122, 123, 124, 125, 168, 171, 325, 327, 329, 333, 336, 338, 339]
355: [1, 2, 17, 18, 19, 20, 21, 22, 23, 24, 25, 26, 27, 28, 29, 30, 31, 32, 38, 46, 50, 55, 63, 67, 74, 90, 91, 92, 93, 94, 95, 96, 97, 107, 108, 110, 113, 114, 116, 117, 119, 120, 121, 122, 123, 124, 125, 168, 171, 325, 327, 329, 333, 336, 338, 339]
358: [1, 2, 17, 18, 19, 20, 21, 22, 23, 24, 25, 26, 27, 28, 29, 30, 31, 32, 38, 46, 50, 55, 63, 67, 74, 90, 91, 92, 93, 94, 95, 96, 97, 107, 108, 110, 113, 114, 116, 117, 119, 120, 121, 122, 123, 124, 125, 168, 171, 325, 327, 329, 333, 336, 338, 339]
360: [1, 2, 11, 12, 13, 14, 15, 16, 17, 18, 19, 20, 21, 22, 23, 24, 25, 26, 27, 28, 29, 30, 31, 32, 38, 44, 46, 50, 55, 63, 67, 74, 77, 88, 89, 90, 91, 92, 93, 94, 95, 96, 97, 107, 108, 110, 113, 114, 116, 117, 119, 120, 121, 122, 123, 124, 125, 168, 171, 325, 327, 329, 333, 336, 338, 339]
364: [1, 2, 17, 18, 19, 20, 21, 22, 23, 24, 25, 26, 27, 28, 29, 30, 31, 32, 38, 44, 46, 50, 55, 63, 67, 74, 77, 90, 91, 92, 93, 94, 95, 96, 97, 107, 108, 110, 113, 114, 116, 117, 119, 120, 121, 122, 123, 124, 125, 168, 171, 325, 327, 329, 333, 336, 338, 339, 360]
366: [1, 2, 11, 12, 13, 14, 15, 16, 17, 18, 19, 20, 21, 22, 23, 24, 25, 26, 27, 28, 29, 30, 31, 32, 38, 44, 46, 50, 55, 63, 67, 74, 77, 88, 90, 91, 92, 93, 94, 95, 96, 97, 107, 108, 110, 113, 114, 116, 117, 119, 120, 121, 122, 123, 124, 125, 168, 171, 325, 327, 329, 333, 336, 338, 339, 360, 364]
368: [1, 2, 11, 12, 13, 14, 15, 16, 17, 18, 19, 20, 21, 22, 23, 24, 25, 26, 27, 28, 29, 30, 31, 32, 38, 44, 46, 50, 55, 63, 67, 74, 77, 88, 90, 91, 92, 93, 94, 95, 96, 97, 107, 108, 110, 113, 114, 116, 117, 119, 120, 121, 122, 123, 124, 125, 168, 171, 325, 327, 329, 333, 336, 338, 339, 360, 364, 366]
379: [1, 2, 17, 18, 19, 20, 21, 22, 23, 24, 25, 26, 27, 28, 29, 30, 31, 32, 38, 44, 46, 50, 55, 63, 67, 74, 77, 90, 91, 92, 93, 94, 95, 96, 97, 107, 108, 110, 113, 114, 116, 117, 119, 120, 121, 122, 123, 124, 125, 168, 171, 325, 327, 329, 333, 336, 338, 339, 360]
380: [1, 2, 17, 18, 19, 20, 21, 22, 23, 24, 25, 26, 27, 28, 29, 30, 31, 32, 38, 44, 46, 50, 55, 63, 67, 74, 77, 90, 91, 92, 93, 94, 95, 96, 97, 107, 108, 110, 113, 114, 116, 117, 119, 120, 121, 122, 123, 124, 125, 168, 171, 325, 327, 329, 333, 336, 338, 339, 360, 366]
383: [1, 2, 17, 18, 19, 20, 21, 22, 23, 24, 25, 26, 27, 28, 29, 30, 31, 32, 38, 44, 46, 50, 55, 63, 67, 74, 77, 90, 91, 92, 93, 94, 95, 96, 97, 107, 108, 110, 113, 114, 116, 117, 119, 120, 121, 122, 123, 124, 125, 168, 171, 325, 327, 329, 333, 336, 338, 339, 360, 366]
384: [1, 2, 17, 18, 19, 20, 21, 22, 23, 24, 25, 26, 27, 28, 29, 30, 31, 32, 38, 44, 46, 50, 55, 63, 67, 74, 77, 90, 91, 92, 93, 94, 95, 96, 97, 107, 108, 110, 113, 114, 116, 117, 119, 120, 121, 122, 123, 124, 125, 168, 171, 325, 327, 329, 333, 336, 338, 339, 360, 366]
386: [1, 2, 17, 18, 19, 20, 21, 22, 23, 24, 25, 26, 27, 28, 29, 30, 31, 32, 38, 44, 46, 50, 55, 63, 67, 74, 77, 89, 90, 91, 92, 93, 94, 95, 96, 97, 107, 108, 110, 113, 114, 116, 117, 119, 120, 121, 122, 123, 124, 125, 168, 171, 325, 327, 329, 333, 336, 338, 339, 360, 366, 384]
388: [1, 2, 17, 18, 19, 20, 21, 22, 23, 24, 25, 26, 27, 28, 29, 30, 31, 32, 38, 44, 46, 50, 55, 63, 67, 74, 77, 90, 91, 92, 93, 94, 95, 96, 97, 107, 108, 110, 113, 114, 116, 117, 119, 120, 121, 122, 123, 124, 125, 168, 171, 325, 327, 329, 333, 336, 338, 339, 360, 366, 386]
390: [1, 2, 17, 18, 19, 20, 21, 22, 23, 24, 25, 26, 27, 28, 29, 30, 31, 32, 38, 44, 46, 50, 55, 63, 67, 74, 77, 89, 90, 91, 92, 93, 94, 95, 96, 97, 107, 108, 110, 113, 114, 116, 117, 119, 120, 121, 122, 123, 124, 125, 168, 171, 325, 327, 329, 333, 336, 338, 339, 360, 366, 386]
391: [1, 2, 17, 18, 19, 20, 21, 22, 23, 24, 25, 26, 27, 28, 29, 30, 31, 32, 38, 44, 46, 50, 55, 63, 67, 74, 77, 89, 90, 91, 92, 93, 94, 95, 96, 97, 107, 108, 110, 113, 114, 116, 117, 119, 120, 121, 122, 123, 124, 125, 168, 171, 325, 327, 329, 333, 336, 338, 339, 360, 386, 390]
393: [1, 2, 3, 4, 5, 6, 7, 8, 9, 10, 11, 12, 13, 14, 15, 16, 17, 98, 99, 100, 101, 102, 103, 104, 105, 106]
394: [1, 2, 3, 4, 5, 6, 7, 8, 9, 10, 11, 12, 13, 14, 15, 16, 17, 98, 99, 100, 101, 102, 103, 104, 105, 106, 393]
395: [1, 2, 3, 4, 5, 6, 7, 8, 9, 10, 11, 12, 13, 14, 15, 16, 17, 98, 99, 100, 101, 102, 103, 104, 105, 106]
398: [1, 2, 17, 18, 19, 20, 21, 22, 23, 24, 25, 26, 27, 28, 29, 30, 31, 32, 38, 44, 46, 50, 55, 63, 67, 74, 77, 89, 90, 91, 92, 93, 94, 95, 96, 97, 107, 108, 110, 113, 114, 116, 117, 119, 120, 121, 122, 123, 124, 125, 168, 171, 325, 327, 329, 333, 336, 338, 339, 360, 386, 390, 391]
401: [1, 2, 17, 18, 19, 20, 21, 22, 23, 24, 25, 26, 27, 28, 29, 30, 31, 32, 38, 44, 46, 50, 55, 63, 74, 77, 90, 91, 92, 93, 94, 95, 96, 97, 107, 108, 110, 113, 114, 116, 117, 119, 120, 121, 122, 123, 124, 125, 168, 171, 325, 327, 329, 333, 336, 338, 339, 360, 364, 366, 368]
402: [1, 2, 17, 18, 19, 20, 21, 22, 23, 24, 25, 26, 27, 28, 29, 30, 31, 32, 38, 44, 46, 50, 55, 63, 74, 77, 90, 91, 92, 93, 94, 95, 96, 97, 107, 108, 110, 113, 114, 116, 117, 119, 120, 121, 122, 123, 124, 125, 168, 171, 325, 327, 329, 333, 336, 338, 339, 360, 364, 366, 368]
404: [1, 2, 17, 18, 19, 20, 21, 22, 23, 24, 25, 26, 27, 28, 29, 30, 31, 32, 38, 44, 46, 50, 55, 63, 74, 77, 88, 90, 91, 92, 93, 94, 95, 96, 97, 107, 108, 110, 113, 114, 116, 117, 119, 120, 121, 122, 123, 124, 125, 168, 171, 325, 327, 329, 333, 336, 338, 339, 360, 364, 366, 368, 402]
405: [1, 2, 17, 18, 19, 20, 21, 22, 23, 24, 25, 26, 27, 28, 29, 30, 31, 32, 38, 44, 46, 50, 55, 63, 74, 77, 90, 91, 92, 93, 94, 95, 96, 97, 107, 108, 110, 113, 114, 116, 117, 119, 120, 121, 122, 123, 124, 125, 168, 171, 325, 327, 329, 333, 336, 338, 339, 360, 364, 366, 368, 404]
407: [1, 2, 17, 18, 19, 20, 21, 22, 23, 24, 25, 26, 27, 28, 29, 30, 31, 32, 38, 44, 46, 50, 55, 63, 74, 77, 88, 90, 91, 92, 93, 94, 95, 96, 97, 107, 108, 110, 113, 114, 116, 117, 119, 120, 121, 122, 123, 124, 125, 168, 171, 325, 327, 329, 333, 336, 338, 339, 360, 364, 366, 368, 404, 405]
409: [1, 2, 17, 18, 19, 20, 21, 22, 23, 24, 25, 26, 27, 28, 29, 30, 31, 32, 38, 44, 46, 50, 55, 63, 74, 77, 90, 91, 92, 93, 94, 95, 96, 97, 107, 108, 110, 113, 114, 116, 117, 119, 120, 121, 122, 123, 124, 125, 168, 171, 325, 327, 329, 333, 336, 338, 339, 360, 364, 366, 368, 404, 407]
411: [1, 2, 17, 18, 19, 20, 21, 22, 23, 24, 25, 26, 27, 28, 29, 30, 31, 32, 38, 44, 46, 50, 55, 63, 74, 77, 88, 90, 91, 92, 93, 94, 95, 96, 97, 107, 108, 110, 113, 114, 116, 117, 119, 120, 121, 122, 123, 124, 125, 168, 171, 325, 327, 329, 333, 336, 338, 339, 360, 366, 368, 404, 407, 409]
412: [1, 2, 17, 18, 19, 20, 21, 22, 23, 24, 25, 26, 27, 28, 29, 30, 31, 32, 38, 44, 46, 50, 55, 63, 74, 77, 88, 90, 91, 92, 93, 94, 95, 96, 97, 107, 108, 110, 113, 114, 116, 117, 119, 120, 121, 122, 123, 124, 125, 168, 171, 325, 327, 329, 333, 336, 338, 339, 360, 366, 368, 404, 407, 409, 411]
413: [1, 2, 17, 18, 19, 20, 21, 22, 23, 24, 25, 26, 27, 28, 29, 30, 31, 32, 38, 44, 46, 50, 55, 63, 74, 77, 88, 90, 91, 92, 93, 94, 95, 96, 97, 107, 108, 110, 113, 114, 116, 117, 119, 120, 121, 122, 123, 124, 125, 168, 171, 325, 327, 329, 333, 336, 338, 339, 360, 366, 368, 404, 407, 411, 412]
415: [1, 2, 17, 18, 19, 20, 21, 22, 23, 24, 25, 26, 27, 28, 29, 30, 31, 32, 38, 44, 46, 50, 55, 63, 74, 77, 88, 90, 91, 92, 93, 94, 95, 96, 97, 107, 108, 110, 113, 114, 116, 117, 119, 120, 121, 122, 123, 124, 125, 168, 171, 325, 327, 329, 333, 336, 338, 339, 360, 366, 368, 404, 407, 411, 412, 413]
421: [1, 2, 17, 18, 19, 20, 21, 22, 23, 24, 25, 26, 27, 28, 29, 30, 31, 32, 38, 44, 46, 50, 55, 63, 74, 77, 88, 90, 91, 92, 93, 94, 95, 96, 97, 107, 108, 110, 113, 114, 116, 117, 119, 120, 121, 122, 123, 124, 125, 168, 171, 325, 327, 329, 333, 336, 338, 339, 360, 366, 368, 404, 407, 411, 412, 413]
423: [1, 2, 3, 4, 5, 6, 7, 8, 9, 10, 11, 12, 13, 14, 15, 16, 17, 64, 98, 99, 100, 101, 102, 103, 104, 105, 106]
426: [1, 2, 3, 4, 5, 6, 7, 8, 9, 10, 11, 12, 13, 14, 15, 16, 17, 64, 98, 99, 100, 101, 102, 103, 104, 105, 106]
431: [1, 2, 17, 18, 19, 20, 21, 22, 23, 24, 25, 26, 27, 28, 29, 30, 31, 32, 38, 46, 50, 55, 63, 67, 74, 78, 87, 90, 91, 92, 93, 94, 95, 96, 97, 107, 108, 110, 113, 114, 116, 117, 119, 120, 121, 122, 123, 124, 125, 168, 171, 325, 327, 329, 333, 336, 338, 339]
433: [1, 2, 17, 18, 19, 20, 21, 22, 23, 24, 25, 26, 27, 28, 29, 30, 31, 32, 38, 46, 50, 55, 63, 67, 74, 90, 91, 92, 93, 94, 95, 96, 97, 107, 108, 110, 113, 114, 116, 117, 119, 120, 121, 122, 123, 124, 125, 168, 171, 325, 327, 329, 333, 336, 338, 339, 431]
434: [1, 2, 17, 18, 19, 20, 21, 22, 23, 24, 25, 26, 27, 28, 29, 30, 31, 32, 38, 46, 50, 55, 63, 67, 74, 90, 91, 92, 93, 94, 95, 96, 97, 107, 108, 110, 113, 114, 116, 117, 119, 120, 121, 122, 123, 124, 125, 168, 171, 325, 327, 329, 333, 336, 338, 339, 431, 433]
436: [1, 2, 17, 18, 19, 20, 21, 22, 23, 24, 25, 26, 27, 28, 29, 30, 31, 32, 38, 46, 50, 55, 63, 67, 74, 78, 90, 91, 92, 93, 94, 95, 96, 97, 107, 108, 110, 113, 114, 116, 117, 119, 120, 121, 122, 123, 124, 125, 168, 171, 325, 327, 329, 333, 336, 338, 339, 431, 434]
438: [1, 2, 17, 18, 19, 20, 21, 22, 23, 24, 25, 26, 27, 28, 29, 30, 31, 32, 38, 46, 50, 55, 63, 67, 74, 78, 87, 90, 91, 92, 93, 94, 95, 96, 97, 107, 108, 110, 113, 114, 116, 117, 119, 120, 121, 122, 123, 124, 125, 168, 171, 325, 327, 329, 333, 336, 338, 339, 431, 436]
441: [1, 2, 17, 18, 19, 20, 21, 22, 23, 24, 25, 26, 27, 28, 29, 30, 31, 32, 38, 46, 50, 55, 63, 67, 74, 78, 87, 90, 91, 92, 93, 94, 95, 96, 97, 107, 108, 110, 113, 114, 116, 117, 119, 120, 121, 122, 123, 124, 125, 168, 171, 325, 327, 329, 333, 336, 338, 339, 431, 438]
443: [1, 2, 17, 18, 19, 20, 21, 22, 23, 24, 25, 26, 27, 28, 29, 30, 31, 32, 38, 46, 50, 55, 63, 67, 74, 78, 90, 91, 92, 93, 94, 95, 96, 97, 107, 108, 110, 113, 114, 116, 117, 119, 120, 121, 122, 123, 124, 125, 168, 171, 325, 327, 329, 333, 336, 338, 339, 431, 438, 441]
445: [1, 2, 17, 18, 19, 20, 21, 22, 23, 24, 25, 26, 27, 28, 29, 30, 31, 32, 38, 46, 50, 55, 63, 67, 74, 78, 90, 91, 92, 93, 94, 95, 96, 97, 107, 108, 110, 113, 114, 116, 117, 119, 120, 121, 122, 123, 124, 125, 168, 171, 325, 327, 329, 333, 336, 338, 339, 431, 438, 441, 443]
449: [1, 2, 17, 18, 19, 20, 21, 22, 23, 24, 25, 26, 27, 28, 29, 30, 31, 32, 38, 46, 50, 55, 63, 67, 74, 78, 90, 91, 92, 93, 94, 95, 96, 97, 107, 108, 110, 113, 114, 116, 117, 119, 120, 121, 122, 123, 124, 125, 168, 171, 325, 327, 329, 333, 336, 338, 339, 431, 438, 441]
451: [1, 2, 17, 18, 19, 20, 21, 22, 23, 24, 25, 26, 27, 28, 29, 30, 31, 32, 38, 46, 50, 55, 63, 67, 74, 78, 87, 90, 91, 92, 93, 94, 95, 96, 97, 107, 108, 110, 113, 114, 116, 117, 119, 120, 121, 122, 123, 124, 125, 168, 171, 325, 327, 329, 333, 336, 338, 339, 431, 438, 441, 445]
452: [1, 2, 17, 18, 19, 20, 21, 22, 23, 24, 25, 26, 27, 28, 29, 30, 31, 32, 38, 46, 50, 55, 63, 67, 74, 78, 87, 90, 91, 92, 93, 94, 95, 96, 97, 107, 108, 110, 113, 114, 116, 117, 119, 120, 121, 122, 123, 124, 125, 168, 171, 325, 327, 329, 333, 336, 338, 339, 431, 438, 441, 451]
454: [1, 2, 3, 4, 5, 6, 7, 8, 9, 10, 11, 12, 13, 14, 15, 16, 17, 98, 99, 100, 101, 102, 103, 104, 105, 106]
457: [1, 2, 17, 18, 19, 20, 21, 22, 23, 24, 25, 26, 27, 28, 29, 30, 31, 32, 38, 46, 50, 55, 63, 67, 74, 78, 87, 90, 91, 92, 93, 94, 95, 96, 97, 107, 108, 110, 113, 114, 116, 117, 119, 120, 121, 122, 123, 124, 125, 168, 171, 325, 327, 329, 333, 336, 338, 339, 431, 438, 441, 451, 452]
459: [1, 2, 17, 18, 19, 20, 21, 22, 23, 24, 25, 26, 27, 28, 29, 30, 31, 32, 38, 50, 55, 59, 67, 74, 90, 91, 92, 93, 94, 95, 96, 97, 107, 108, 110, 113, 114, 116, 117, 119, 120, 121, 122, 123, 124, 125, 168, 171]
460: [1, 2, 17, 18, 19, 20, 21, 22, 23, 24, 25, 26, 27, 28, 29, 30, 31, 32, 38, 50, 55, 67, 74, 90, 91, 92, 93, 94, 95, 96, 97, 107, 108, 110, 113, 114, 116, 117, 119, 120, 121, 122, 123, 124, 125, 168, 171, 459]
462: [1, 2, 17, 18, 19, 20, 21, 22, 23, 24, 25, 26, 27, 28, 29, 30, 31, 32, 38, 50, 55, 67, 74, 90, 91, 92, 93, 94, 95, 96, 97, 107, 108, 110, 113, 114, 116, 117, 119, 120, 121, 122, 123, 124, 125, 168, 171, 459]
463: [1, 2, 17, 18, 19, 20, 21, 22, 23, 24, 25, 26, 27, 28, 29, 30, 31, 32, 38, 50, 55, 67, 74, 90, 91, 92, 93, 94, 95, 96, 97, 107, 108, 110, 113, 114, 116, 117, 119, 120, 121, 122, 123, 124, 125, 168, 171, 459]
465: [1, 2, 17, 18, 19, 20, 21, 22, 23, 24, 25, 26, 27, 28, 29, 30, 31, 32, 38, 50, 55, 67, 74, 85, 90, 91, 92, 93, 94, 95, 96, 97, 107, 108, 110, 113, 114, 116, 117, 119, 120, 121, 122, 123, 124, 125, 168, 171, 459, 463]
467: [1, 2, 17, 18, 19, 20, 21, 22, 23, 24, 25, 26, 27, 28, 29, 30, 31, 32, 38, 50, 55, 67, 74, 90, 91, 92, 93, 94, 95, 96, 97, 107, 108, 110, 113, 114, 116, 117, 119, 120, 121, 122, 123, 124, 125, 168, 171, 459, 465]
469: [1, 2, 17, 18, 19, 20, 21, 22, 23, 24, 25, 26, 27, 28, 29, 30, 31, 32, 38, 50, 55, 67, 74, 85, 90, 91, 92, 93, 94, 95, 96, 97, 107, 108, 110, 113, 114, 116, 117, 119, 120, 121, 122, 123, 124, 125, 168, 171, 459, 465]
470: [1, 2, 17, 18, 19, 20, 21, 22, 23, 24, 25, 26, 27, 28, 29, 30, 31, 32, 38, 50, 55, 67, 74, 85, 90, 91, 92, 93, 94, 95, 96, 97, 107, 108, 110, 113, 114, 116, 117, 119, 120, 121, 122, 123, 124, 125, 168, 171, 459, 465, 469]
471: [1, 2, 17, 18, 19, 20, 21, 22, 23, 24, 25, 26, 27, 28, 29, 30, 31, 32, 38, 50, 55, 67, 74, 85, 90, 91, 92, 93, 94, 95, 96, 97, 107, 108, 110, 113, 114, 116, 117, 119, 120, 121, 122, 123, 124, 125, 168, 171, 459, 465, 469, 470]
473: [1, 2, 3, 4, 5, 6, 7, 8, 9, 10, 11, 12, 13, 14, 15, 16, 17, 98, 99, 100, 101, 102, 103, 104, 105, 106]
474: [1, 2, 3, 4, 5, 6, 7, 8, 9, 10, 11, 12, 13, 14, 15, 16, 17, 98, 99, 100, 101, 102, 103, 104, 105, 106, 473]
475: [1, 2, 3, 4, 5, 6, 7, 8, 9, 10, 11, 12, 13, 14, 15, 16, 17, 98, 99, 100, 101, 102, 103, 104, 105, 106]
478: [1, 2, 17, 18, 19, 20, 21, 22, 23, 24, 25, 26, 27, 28, 29, 30, 31, 32, 38, 50, 55, 67, 74, 85, 90, 91, 92, 93, 94, 95, 96, 97, 107, 108, 110, 113, 114, 116, 117, 119, 120, 121, 122, 123, 124, 125, 168, 171, 465, 469, 470, 471]
480: [1, 2, 17, 18, 19, 20, 21, 22, 23, 24, 25, 26, 27, 28, 29, 30, 31, 32, 33, 47, 55, 59, 74, 90, 91, 92, 93, 94, 95, 96, 97, 107, 108, 110, 113, 114, 116, 117, 119, 120, 121, 122, 123, 124, 125, 168, 171]
482: [1, 2, 17, 18, 19, 20, 21, 22, 23, 24, 25, 26, 27, 28, 29, 30, 31, 32, 33, 47, 55, 59, 74, 90, 91, 92, 93, 94, 95, 96, 97, 107, 108, 110, 113, 114, 116, 117, 119, 120, 121, 122, 123, 124, 125, 168, 171, 480]
483: [1, 2, 17, 18, 19, 20, 21, 22, 23, 24, 25, 26, 27, 28, 29, 30, 31, 32, 33, 47, 55, 59, 74, 90, 91, 92, 93, 94, 95, 96, 97, 107, 108, 110, 113, 114, 116, 117, 119, 120, 121, 122, 123, 124, 125, 168, 171, 480]
484: [1, 2, 17, 18, 19, 20, 21, 22, 23, 24, 25, 26, 27, 28, 29, 30, 31, 32, 33, 47, 55, 59, 74, 90, 91, 92, 93, 94, 95, 96, 97, 107, 108, 110, 113, 114, 116, 117, 119, 120, 121, 122, 123, 124, 125, 168, 171, 480]
486: [1, 2, 17, 18, 19, 20, 21, 22, 23, 24, 25, 26, 27, 28, 29, 30, 31, 32, 33, 47, 55, 59, 74, 84, 90, 91, 92, 93, 94, 95, 96, 97, 107, 108, 110, 113, 114, 116, 117, 119, 120, 121, 122, 123, 124, 125, 168, 171, 480, 484]
488: [1, 2, 17, 18, 19, 20, 21, 22, 23, 24, 25, 26, 27, 28, 29, 30, 31, 32, 33, 47, 55, 59, 74, 90, 91, 92, 93, 94, 95, 96, 97, 107, 108, 110, 113, 114, 116, 117, 119, 120, 121, 122, 123, 124, 125, 168, 171, 480, 486]
490: [1, 2, 17, 18, 19, 20, 21, 22, 23, 24, 25, 26, 27, 28, 29, 30, 31, 32, 33, 47, 55, 59, 74, 84, 90, 91, 92, 93, 94, 95, 96, 97, 107, 108, 110, 113, 114, 116, 117, 119, 120, 121, 122, 123, 124, 125, 168, 171, 480, 486]
491: [1, 2, 17, 18, 19, 20, 21, 22, 23, 24, 25, 26, 27, 28, 29, 30, 31, 32, 33, 47, 55, 59, 74, 84, 90, 91, 92, 93, 94, 95, 96, 97, 107, 108, 110, 113, 114, 116, 117, 119, 120, 121, 122, 123, 124, 125, 168, 171, 480, 486, 490]
493: [1, 2, 3, 4, 5, 6, 7, 8, 9, 10, 11, 12, 13, 14, 15, 16, 17, 98, 99, 100, 101, 102, 103, 104, 105, 106]
496: [1, 2, 17, 18, 19, 20, 21, 22, 23, 24, 25, 26, 27, 28, 29, 30, 31, 32, 33, 47, 55, 59, 74, 84, 90, 91, 92, 93, 94, 95, 96, 97, 107, 108, 110, 113, 114, 116, 117, 119, 120, 121, 122, 123, 124, 125, 168, 171, 486, 490, 491]