[METADATA]
File: games120.col
Description: Translated from Stanford GraphBase File: games120.gb Stanford GraphBase ID: games(120,0,0,0,0,0,128,0)

[GCP_DATA_INFO]
Type: GCP, Graph Coloring Problem
Node: 120
Edge: 1276

[ADJACENCY_List]
5: [1]
6: [2]
10: [7]
11: [6]
12: [4]
13: [6, 11]
14: [6, 11, 13]
15: [1]
16: [1]
17: [9]
18: [8]
19: [12]
20: [1, 18]
21: [1, 7, 10]
22: [3]
23: [12, 19]
24: [2, 6, 14]
25: [7, 10, 21]
26: [5, 16]
27: [16, 18, 23]
28: [7, 17, 25]
29: [12, 19]
30: [2, 11, 13, 24]
31: [3, 9, 17, 25]
32: [5, 28]
33: [9, 17, 31]
34: [5, 16, 17, 26]
35: [10, 12, 19, 23]
36: [10, 32]
37: [15, 29, 34]
38: [4, 5, 8, 9, 23, 27, 33]
39: [15, 22, 29, 37]
41: [2, 6, 11, 13, 14, 30]
42: [3, 17, 22]
43: [12, 19, 23, 35]
44: [3, 22, 23, 42]
45: [40]
46: [8, 40, 45]
47: [16, 20, 27]
48: [7, 10, 21, 25]
49: [4, 36]
50: [4, 25, 49]
51: [7, 9, 26, 31, 33, 38, 50]
52: [15, 29, 37, 39, 45]
53: [5, 8, 15, 18]
54: [2, 11, 13, 14, 24, 30]
55: [2, 6, 11, 13, 14, 30, 41]
56: [5, 20, 26, 34]
57: [1, 16, 20, 23, 37, 47]
58: [9, 28, 31, 38]
59: [15, 23, 37, 39, 47, 52]
60: [6, 11, 13, 14, 24, 41, 55]
61: [4, 19, 49, 50]
62: [1, 16, 20, 47, 57]
63: [4, 49, 50, 61]
64: [7, 10, 26, 36]
65: [15, 16, 20, 27, 29, 34, 37, 39, 59]
66: [7, 15, 40, 45, 46, 59]
67: [3, 20, 22, 42, 44]
68: [12, 28, 56, 58, 66]
69: [9, 17, 32, 33, 68]
70: [9, 31, 38, 43, 51, 58, 64]
71: [3, 8, 18, 53]
72: [5, 26, 27, 34, 56, 68]
73: [8, 18, 40, 52, 53, 71]
74: [22, 29, 40, 45, 46, 66]
75: [7, 10, 21, 25, 28, 48]
76: [5, 26, 27, 34, 44, 49, 56, 58, 65, 72]
77: [2, 13, 14, 24, 30, 54, 60]
78: [32, 50, 61]
79: [17, 28, 31, 32, 69, 70, 76, 78]
80: [1, 16, 19, 20, 35, 47, 62]
81: [38, 40, 45, 46, 66, 71, 74]
82: [40, 45, 46, 66, 74, 81]
83: [7, 10, 21, 25, 48, 72, 75]
84: [4, 18, 27, 48, 56, 64]
85: [4, 5, 32, 49, 61, 75, 78, 79]
86: [8, 18, 45, 53, 71, 73, 80, 82]
87: [6, 11, 13, 14, 41, 55, 60, 77]
88: [12, 15, 27, 34, 44, 56, 67, 72, 73, 79]
89: [1, 16, 20, 28, 35, 47, 57, 59, 62, 80, 88]
90: [3, 19, 22, 39, 42, 44, 67]
91: [3, 22, 33, 42, 44, 67, 90]
92: [2, 6, 24, 26, 30, 54, 60, 77, 87]
93: [18, 26, 30, 34, 56, 63, 77, 84]
94: [1, 16, 20, 47, 51, 57, 62, 80]
95: [15, 23, 27, 29, 37, 52, 59, 65, 66]
96: [4, 49, 50, 61, 62, 63, 78, 93]
97: [12, 19, 23, 35, 43, 44, 72]
98: [8, 18, 36, 39, 52, 53, 71, 86, 91]
99: [4, 49, 50, 61, 63, 78, 85, 96]
100: [3, 8, 18, 45, 52, 53, 71, 73, 86, 88, 98]
101: [9, 17, 32, 58, 68, 69, 85, 99]
102: [12, 19, 23, 35, 43, 46, 97]
103: [3, 17, 22, 42, 44, 62, 63, 67, 90, 91]
104: [8, 37, 46, 53, 67, 71, 73, 82, 86, 98, 100, 102]
105: [3, 22, 42, 43, 44, 67, 90, 91, 103]
106: [31, 33, 34, 38, 42, 51, 58, 63, 93]
107: [4, 40, 49, 50, 57, 61, 63, 78, 96, 99]
108: [15, 29, 37, 52, 59, 65, 73, 95, 97]
109: [26, 28, 34, 49, 56, 68, 72, 76, 78, 85]
110: [31, 32, 33, 51, 58, 61, 70, 101, 106, 107]
111: [36, 43, 46, 68, 69, 91, 97, 98]
112: [15, 29, 37, 39, 53, 59, 65, 95, 100, 105, 108]
113: [1, 16, 20, 27, 33, 47, 49, 57, 80, 89, 94, 108]
114: [19, 32, 48, 62, 64, 82, 102]
115: [3, 17, 32, 36, 58, 69, 101, 111, 114]
116: [9, 33, 36, 38, 58, 70, 79, 94, 101, 106, 110]
117: [12, 19, 23, 35, 39, 43, 45, 94, 97, 102, 105]
118: [7, 10, 21, 25, 48, 75, 82, 83, 94]
119: [9, 40, 45, 46, 64, 66, 71, 74, 81, 82, 116]
120: [7, 10, 21, 25, 28, 48, 64, 75, 83, 109, 118]