[METADATA]
File: inithx.i.3.col
Description: SOURCE: Gary Lewandowski (gary@cs.wisc.edu)  DESCRIPTION: Coloring problem generated from a register allocation problem based on real code.  graph #3 from register allocation file inithx.i

[GCP_DATA_INFO]
Type: GCP, Graph Coloring Problem
Node: 621
Edge: 13969

[ADJACENCY_List]
2: [1]
3: [1, 2]
4: [1, 2, 3]
5: [1, 2, 3, 4]
6: [1, 2, 3, 4, 5]
7: [1, 2, 3, 4, 5, 6]
8: [1, 2, 3, 4, 5, 6, 7]
9: [1, 2, 3, 4, 5, 6, 7, 8]
10: [1, 2, 3, 4, 5, 6, 7, 8, 9]
11: [1, 2, 3, 4, 5, 6, 7, 8, 9, 10]
12: [1, 2, 3, 4, 5, 6, 7, 8, 9, 10, 11]
13: [1, 2, 3, 4, 5, 6, 7, 8, 9, 10, 11, 12]
14: [1, 2, 3, 4, 5, 6, 7, 8, 9, 10, 11, 12, 13]
15: [1, 2, 3, 4, 5, 6, 7, 8, 9, 10, 11, 12, 13, 14]
16: [1, 2, 3, 4, 5, 6, 7, 8, 9, 10, 11, 12, 13, 14, 15]
18: [17]
19: [17, 18]
20: [17, 18, 19]
21: [17, 18, 19, 20]
22: [17, 18, 19, 20, 21]
23: [17, 18, 19, 20, 21, 22]
24: [17, 18, 19, 20, 21, 22, 23]
25: [17, 18, 19, 20, 21, 22, 23, 24]
26: [17, 18, 19, 20, 21, 22, 23, 24, 25]
27: [17, 18, 19, 20, 21, 22, 23, 24, 25, 26]
28: [17, 18, 19, 20, 21, 22, 23, 24, 25, 26, 27]
29: [17, 18, 19, 20, 21, 22, 23, 24, 25, 26, 27, 28]
30: [17, 18, 19, 20, 21, 22, 23, 24, 25, 26, 27, 28, 29]
31: [17, 18, 19, 20, 21, 22, 23, 24, 25, 26, 27, 28, 29, 30]
32: [17, 18, 19, 20, 21, 22, 23, 24, 25, 26, 27, 28, 29, 30, 31]
33: [1, 2, 3, 17, 18, 19, 20, 21, 22, 23, 24, 25, 26, 27, 28, 29, 30, 31, 32]
34: [1, 2, 3, 17, 18, 19, 20, 21, 22, 23, 24, 25, 26, 27, 28, 29, 30, 31, 32, 33]
35: [1, 2, 17, 18, 19, 20, 21, 22, 23, 24, 25, 26, 27, 28, 29, 30, 31, 32]
36: [1, 2, 3, 17, 18, 19, 20, 21, 22, 23, 24, 25, 26, 27, 28, 29, 30, 31, 32]
37: [1, 2, 3, 17, 18, 19, 20, 21, 22, 23, 24, 25, 26, 27, 28, 29, 30, 31, 32]
38: [1, 2, 3, 4, 5, 6, 7, 8, 9, 10, 11, 12, 13, 14, 15, 16, 17]
39: [1, 2, 3, 17, 18, 19, 20, 21, 22, 23, 24, 25, 26, 27, 28, 29, 30, 31, 32]
40: [1, 2, 3, 17, 18, 19, 20, 21, 22, 23, 24, 25, 26, 27, 28, 29, 30, 31, 32, 39]
41: [1, 2, 3, 17, 18, 19, 20, 21, 22, 23, 24, 25, 26, 27, 28, 29, 30, 31, 32, 39]
42: [1, 2, 17, 18, 19, 20, 21, 22, 23, 24, 25, 26, 27, 28, 29, 30, 31, 32, 35]
43: [1, 2, 17, 18, 19, 20, 21, 22, 23, 24, 25, 26, 27, 28, 29, 30, 31, 32, 37]
44: [1, 2, 17, 18, 19, 20, 21, 22, 23, 24, 25, 26, 27, 28, 29, 30, 31, 32, 37]
45: [1, 2, 3, 17, 18, 19, 20, 21, 22, 23, 24, 25, 26, 27, 28, 29, 30, 31, 32]
46: [1, 2, 3, 17, 18, 19, 20, 21, 22, 23, 24, 25, 26, 27, 28, 29, 30, 31, 32, 33, 34]
47: [1, 2, 3, 17, 18, 19, 20, 21, 22, 23, 24, 25, 26, 27, 28, 29, 30, 31, 32, 33, 34, 46]
48: [1, 2, 3, 11, 12, 13, 14, 15, 16, 17, 18, 19, 20, 21, 22, 23, 24, 25, 26, 27, 28, 29, 30, 31, 32, 33, 34, 36, 37, 39, 40, 41, 45, 46, 47]
49: [1, 2, 3, 17, 18, 19, 20, 21, 22, 23, 24, 25, 26, 27, 28, 29, 30, 31, 32, 48]
50: [1, 2, 3, 17, 18, 19, 20, 21, 22, 23, 24, 25, 26, 27, 28, 29, 30, 31, 32, 48, 49]
51: [1, 2, 3, 17, 18, 19, 20, 21, 22, 23, 24, 25, 26, 27, 28, 29, 30, 31, 32, 48, 49, 50]
52: [1, 2, 3, 17, 18, 19, 20, 21, 22, 23, 24, 25, 26, 27, 28, 29, 30, 31, 32, 45, 48]
53: [1, 2, 3, 17, 18, 19, 20, 21, 22, 23, 24, 25, 26, 27, 28, 29, 30, 31, 32, 45, 48, 52]
54: [1, 2, 3, 17, 18, 19, 20, 21, 22, 23, 24, 25, 26, 27, 28, 29, 30, 31, 32, 48]
55: [1, 2, 3, 17, 18, 19, 20, 21, 22, 23, 24, 25, 26, 27, 28, 29, 30, 31, 32, 48]
56: [1, 2, 3, 11, 12, 13, 14, 15, 16, 17, 18, 19, 20, 21, 22, 23, 24, 25, 26, 27, 28, 29, 30, 31, 32, 39, 40, 41, 48, 55]
57: [1, 2, 3, 17, 18, 19, 20, 21, 22, 23, 24, 25, 26, 27, 28, 29, 30, 31, 32, 39, 48, 56]
58: [1, 2, 3, 17, 18, 19, 20, 21, 22, 23, 24, 25, 26, 27, 28, 29, 30, 31, 32, 39, 40, 48, 56]
59: [1, 2, 3, 17, 18, 19, 20, 21, 22, 23, 24, 25, 26, 27, 28, 29, 30, 31, 32, 48]
60: [1, 2, 3, 17, 18, 19, 20, 21, 22, 23, 24, 25, 26, 27, 28, 29, 30, 31, 32, 48, 59]
61: [1, 2, 3, 17, 18, 19, 20, 21, 22, 23, 24, 25, 26, 27, 28, 29, 30, 31, 32, 48, 59, 60]
62: [1, 2, 3, 17, 18, 19, 20, 21, 22, 23, 24, 25, 26, 27, 28, 29, 30, 31, 32, 48]
63: [1, 2, 3, 5, 6, 7, 8, 9, 10, 16, 17, 18, 19, 20, 21, 22, 23, 24, 25, 26, 27, 28, 29, 30, 31, 32]
64: [1, 2, 3, 6, 7, 8, 9, 10, 16, 17, 18, 19, 20, 21, 22, 23, 24, 25, 26, 27, 28, 29, 30, 31, 32]
65: [1, 2, 3, 7, 8, 9, 10, 16, 17, 18, 19, 20, 21, 22, 23, 24, 25, 26, 27, 28, 29, 30, 31, 32]
66: [1, 2, 3, 8, 9, 10, 16, 17, 18, 19, 20, 21, 22, 23, 24, 25, 26, 27, 28, 29, 30, 31, 32]
67: [1, 2, 3, 9, 10, 16, 17, 18, 19, 20, 21, 22, 23, 24, 25, 26, 27, 28, 29, 30, 31, 32]
68: [1, 2, 3, 10, 16, 17, 18, 19, 20, 21, 22, 23, 24, 25, 26, 27, 28, 29, 30, 31, 32]
69: [1, 2, 3, 16, 17, 18, 19, 20, 21, 22, 23, 24, 25, 26, 27, 28, 29, 30, 31, 32]
70: [1, 2, 3, 17, 18, 19, 20, 21, 22, 23, 24, 25, 26, 27, 28, 29, 30, 31, 32]
71: [1, 2, 3, 4, 5, 6, 7, 8, 9, 10, 11, 12, 13, 14, 15, 16, 17, 19, 20, 21, 22, 23, 24, 25, 26]
72: [1, 2, 3, 4, 5, 6, 7, 8, 9, 10, 11, 12, 13, 14, 15, 16, 17, 20, 21, 22, 23, 24, 25, 26]
73: [1, 2, 3, 4, 5, 6, 7, 8, 9, 10, 11, 12, 13, 14, 15, 16, 17, 21, 22, 23, 24, 25, 26]
74: [1, 2, 3, 4, 5, 6, 7, 8, 9, 10, 11, 12, 13, 14, 15, 16, 17, 22, 23, 24, 25, 26]
75: [1, 2, 3, 4, 5, 6, 7, 8, 9, 10, 11, 12, 13, 14, 15, 16, 17, 23, 24, 25, 26, 27, 28, 29, 30, 31, 32, 38]
76: [1, 2, 3, 4, 5, 6, 7, 8, 9, 10, 11, 12, 13, 14, 15, 16, 17, 24, 25, 26, 27, 28, 29, 30, 31, 32, 38, 75]
77: [1, 2, 3, 4, 5, 6, 7, 8, 9, 10, 11, 12, 13, 14, 15, 16, 17, 25, 26, 27, 28, 29, 30, 31, 32, 38, 75, 76]
78: [1, 2, 3, 4, 5, 6, 7, 8, 9, 10, 11, 12, 13, 14, 15, 16, 17, 26, 27, 28, 29, 30, 31, 32, 38, 75, 76, 77]
79: [1, 2, 3, 4, 5, 6, 7, 8, 9, 10, 11, 12, 13, 14, 15, 16, 17, 27, 28, 29, 30, 31, 32, 38, 75, 76, 77, 78]
80: [1, 2, 3, 4, 5, 6, 7, 8, 9, 10, 11, 12, 13, 14, 15, 16, 17, 27, 28, 29, 30, 31, 32, 38, 75, 76, 77, 78, 79]
81: [1, 2, 3, 11, 12, 13, 14, 15, 16, 17, 18, 19, 20, 21, 22, 23, 24, 25, 26, 27, 28, 29, 30, 31, 32, 33, 34, 36, 37, 39, 40, 41, 45, 46, 47, 48, 49, 50, 51, 52, 53, 54, 55, 56, 57, 58, 59, 60, 61, 62]
82: [1, 2, 3, 17, 18, 19, 20, 21, 22, 23, 24, 25, 26, 27, 28, 29, 30, 31, 32, 81]
83: [1, 2, 3, 17, 18, 19, 20, 21, 22, 23, 24, 25, 26, 27, 28, 29, 30, 31, 32, 81, 82]
84: [1, 2, 3, 17, 18, 19, 20, 21, 22, 23, 24, 25, 26, 27, 28, 29, 30, 31, 32, 81]
85: [1, 2, 3, 17, 18, 19, 20, 21, 22, 23, 24, 25, 26, 27, 28, 29, 30, 31, 32, 81]
86: [1, 2, 3, 17, 18, 19, 20, 21, 22, 23, 24, 25, 26, 27, 28, 29, 30, 31, 32, 81]
87: [1, 2, 3, 17, 18, 19, 20, 21, 22, 23, 24, 25, 26, 27, 28, 29, 30, 31, 32, 81, 86]
88: [1, 2, 3, 17, 18, 19, 20, 21, 22, 23, 24, 25, 26, 27, 28, 29, 30, 31, 32, 81]
89: [1, 2, 3, 17, 18, 19, 20, 21, 22, 23, 24, 25, 26, 27, 28, 29, 30, 31, 32, 81]
90: [1, 2, 3, 11, 12, 13, 14, 15, 16, 17, 18, 19, 20, 21, 22, 23, 24, 25, 26, 27, 28, 29, 30, 31, 32, 33, 34, 36, 37, 39, 40, 41, 45, 46, 47, 48, 49, 50, 51, 52, 53, 54, 55, 56, 57, 58, 59, 60, 61, 62, 81]
92: [1, 2, 3, 4, 5, 6, 7, 8, 9, 10, 11, 12, 13, 14, 15, 16, 17, 27, 28, 29, 30, 31, 32, 38, 75, 76, 77, 78, 79, 80]
93: [1, 2, 3, 4, 5, 6, 7, 8, 9, 10, 11, 12, 13, 14, 15, 16, 17, 38, 75, 76, 77, 78, 79, 80, 92]
94: [1, 2, 3, 4, 5, 6, 7, 8, 9, 10, 11, 12, 13, 14, 15, 16, 17, 38, 75, 76, 77, 78, 79, 80, 92, 93]
95: [1, 2, 3, 4, 5, 6, 7, 8, 9, 10, 11, 12, 13, 14, 15, 16, 17, 38, 75, 76, 77, 78, 79, 80, 92, 93, 94]
96: [1, 2, 3, 4, 5, 6, 7, 8, 9, 10, 11, 12, 13, 14, 15, 16, 17, 38, 75, 76, 77, 78, 79, 80, 92, 93]
97: [1, 2, 3, 17, 18, 19, 20, 21, 22, 23, 24, 25, 26, 27, 28, 29, 30, 31, 32, 48, 81, 90]
98: [1, 2, 3, 17, 18, 19, 20, 21, 22, 23, 24, 25, 26, 27, 28, 29, 30, 31, 32, 81, 90, 97]
100: [1, 2, 3, 17, 18, 19, 20, 21, 22, 23, 24, 25, 26, 27, 28, 29, 30, 31, 32, 33, 34, 46, 47, 48, 81, 90]
104: [1, 2, 3, 17, 18, 19, 20, 21, 22, 23, 24, 25, 26, 27, 28, 29, 30, 31, 32, 33, 34, 46, 47, 48, 81, 90, 100]
105: [1, 2, 3, 17, 18, 19, 20, 21, 22, 23, 24, 25, 26, 27, 28, 29, 30, 31, 32, 33, 34, 46, 47, 48, 81, 90, 100, 104]
106: [1, 2, 3, 17, 18, 19, 20, 21, 22, 23, 24, 25, 26, 27, 28, 29, 30, 31, 32, 33, 34, 46, 47, 48, 81, 90, 100, 104, 105]
107: [1, 2, 3, 17, 18, 19, 20, 21, 22, 23, 24, 25, 26, 27, 28, 29, 30, 31, 32, 33, 34, 46, 47, 48, 81, 90, 100, 104, 105, 106]
108: [1, 2, 3, 4, 5, 6, 7, 8, 9, 10, 11, 12, 13, 14, 15, 16, 17, 75, 76, 77, 78, 79, 80, 92, 93, 96]
109: [1, 2, 3, 4, 5, 6, 7, 8, 9, 10, 11, 12, 13, 14, 15, 16, 17, 75, 76, 77, 78, 79, 80, 92, 93, 96, 108]
110: [1, 2, 3, 4, 5, 6, 7, 8, 9, 10, 11, 12, 13, 14, 15, 16, 17, 75, 76, 77, 78, 79, 80, 92, 93, 96, 108, 109]
111: [1, 2, 3, 4, 5, 6, 7, 8, 9, 10, 11, 12, 13, 14, 15, 16, 17, 75, 76, 77, 78, 79, 80, 92, 93, 96, 108]
112: [1, 2, 3, 17, 18, 19, 20, 21, 22, 23, 24, 25, 26, 27, 28, 29, 30, 31, 32, 33, 46, 47, 48, 81, 90, 100, 104, 105, 106, 107]
116: [1, 2, 3, 17, 18, 19, 20, 21, 22, 23, 24, 25, 26, 27, 28, 29, 30, 31, 32, 33, 46, 47, 48, 81, 90, 100, 104, 105, 106]
119: [1, 2, 3, 4, 5, 6, 7, 8, 9, 10, 11, 12, 13, 14, 15, 16, 17, 75, 76, 77, 78, 79, 80, 92, 93, 96, 108, 111]
120: [1, 2, 3, 4, 5, 6, 7, 8, 9, 10, 11, 12, 13, 14, 15, 16, 17, 75, 76, 77, 78, 79, 80, 92, 93, 96, 108, 111, 119]
121: [1, 2, 3, 4, 5, 6, 7, 8, 9, 10, 11, 12, 13, 14, 15, 16, 17, 75, 76, 77, 78, 79, 80, 92, 93, 96, 108, 111, 119]
122: [1, 2, 3, 4, 5, 6, 7, 8, 9, 10, 11, 12, 13, 14, 15, 16, 17, 75, 76, 77, 78, 79, 80, 92, 93, 96, 108, 111, 119]
123: [1, 2, 3, 4, 5, 6, 7, 8, 9, 10, 11, 12, 13, 14, 15, 16, 17, 75, 76, 77, 78, 79, 80, 92, 93, 96, 108, 111, 119]
124: [1, 2, 3, 4, 5, 6, 7, 8, 9, 10, 11, 12, 13, 14, 15, 16, 17, 75, 76, 77, 78, 79, 80, 92, 93, 96, 108, 111, 119, 123]
125: [1, 2, 3, 4, 5, 6, 7, 8, 9, 10, 11, 12, 13, 14, 15, 16, 17, 75, 76, 77, 78, 79, 80, 92, 93, 96, 108, 111, 119, 123, 124]
127: [1, 2, 3, 17, 18, 19, 20, 21, 22, 23, 24, 25, 26, 27, 28, 29, 30, 31, 32, 33, 34, 46, 47, 48, 81, 90, 100, 104, 105, 106, 107]
128: [1, 2, 3, 4, 5, 6, 7, 8, 9, 10, 11, 12, 13, 14, 15, 16, 17, 75, 76, 77, 78, 79, 80, 92, 93, 96, 108, 111, 119, 124]
129: [1, 2, 3, 4, 5, 6, 7, 8, 9, 10, 11, 12, 13, 14, 15, 16, 17, 75, 76, 77, 78, 79, 80, 92, 93, 96, 108, 111, 119]
131: [1, 2, 3, 4, 5, 6, 7, 8, 9, 10, 11, 12, 13, 14, 15, 16, 17, 38, 75, 76, 77, 78, 79, 80, 92]
132: [1, 2, 3, 4, 5, 6, 7, 8, 9, 10, 11, 12, 13, 14, 15, 16, 17, 38, 75, 76, 77, 78, 79, 80, 92]
133: [1, 2, 3, 4, 5, 6, 7, 8, 9, 10, 11, 12, 13, 14, 15, 16, 17, 38, 75, 76, 77, 78, 79, 80, 92, 132]
134: [1, 2, 3, 4, 5, 6, 7, 8, 9, 10, 11, 12, 13, 14, 15, 16, 17, 38, 75, 76, 77, 78, 79, 80, 92, 132]
135: [1, 2, 3, 4, 5, 6, 7, 8, 9, 10, 11, 12, 13, 14, 15, 16, 17, 38, 75, 76, 77, 78, 79, 80, 92]
136: [1, 2, 3, 4, 5, 6, 7, 8, 9, 10, 11, 12, 13, 14, 15, 16, 17, 38, 75, 76, 77, 78, 79, 80, 92]
137: [1, 2, 3, 17, 18, 19, 20, 21, 22, 23, 24, 25, 26, 27, 28, 29, 30, 31, 32, 48, 81, 90]
138: [1, 2, 3, 4, 5, 6, 7, 8, 9, 10, 11, 12, 13, 14, 15, 16, 17, 38, 75, 76, 77, 78, 79, 80, 92, 136]
139: [1, 2, 3, 4, 5, 6, 7, 8, 9, 10, 11, 12, 13, 14, 15, 16, 17, 38, 75, 76, 77, 78, 79, 80, 92]
140: [1, 2, 3, 4, 5, 6, 7, 8, 9, 10, 11, 12, 13, 14, 15, 16, 17, 27, 28, 29, 30, 31, 32, 38, 75, 76, 77, 78, 79, 80, 92, 139]
141: [1, 2, 3, 4, 5, 6, 7, 8, 9, 10, 11, 12, 13, 14, 15, 16, 17, 27, 28, 29, 30, 31, 32, 38, 75, 76, 77, 78, 79, 80, 92, 140]
142: [1, 2, 3, 4, 5, 6, 7, 8, 9, 10, 11, 12, 13, 14, 15, 16, 17, 75, 76, 77, 78, 79, 80, 92, 140, 141]
143: [1, 2, 3, 4, 5, 6, 7, 8, 9, 10, 11, 12, 13, 14, 15, 16, 17, 75, 76, 77, 78, 79, 80, 92, 140, 141]
144: [1, 2, 3, 4, 5, 6, 7, 8, 9, 10, 11, 12, 13, 14, 15, 16, 17, 75, 76, 77, 78, 79, 80, 92, 140, 141, 143]
145: [1, 2, 3, 4, 5, 6, 7, 8, 9, 10, 11, 12, 13, 14, 15, 16, 17, 75, 76, 77, 78, 79, 80, 92, 140, 141]
146: [1, 2, 3, 4, 5, 6, 7, 8, 9, 10, 11, 12, 13, 14, 15, 16, 17, 75, 76, 77, 78, 79, 80, 92, 140, 141]
147: [1, 2, 3, 4, 5, 6, 7, 8, 9, 10, 11, 12, 13, 14, 15, 16, 17, 75, 76, 77, 78, 79, 80, 92, 140, 141, 146]
148: [1, 2, 3, 4, 5, 6, 7, 8, 9, 10, 11, 12, 13, 14, 15, 16, 17, 75, 76, 77, 78, 79, 80, 92, 140, 141]
149: [1, 2, 3, 17, 18, 19, 20, 21, 22, 23, 24, 25, 26, 27, 28, 29, 30, 31, 32, 48, 81, 90]
150: [1, 2, 3, 4, 5, 6, 7, 8, 9, 10, 11, 12, 13, 14, 15, 16, 17, 75, 76, 77, 78, 79, 80, 92, 140, 141, 148]
151: [1, 2, 3, 4, 5, 6, 7, 8, 9, 10, 11, 12, 13, 14, 15, 16, 17, 75, 76, 77, 78, 79, 80, 92, 140, 141]
152: [1, 2, 3, 11, 12, 13, 14, 15, 16, 17, 18, 19, 20, 21, 22, 23, 24, 25, 26, 27, 28, 29, 30, 31, 32, 36, 37, 39, 40, 41, 45, 48, 49, 50, 51, 52, 53, 54, 55, 56, 57, 58, 59, 60, 61, 62, 81, 90]
153: [1, 2, 3, 4, 5, 6, 7, 8, 9, 10, 11, 12, 13, 14, 15, 16, 17, 75, 76, 77, 78, 79, 80, 92, 140, 141]
154: [1, 2, 3, 4, 5, 6, 7, 8, 9, 10, 11, 12, 13, 14, 15, 16, 17, 75, 76, 77, 78, 79, 80, 92, 140, 141, 153]
155: [1, 2, 3, 4, 5, 6, 7, 8, 9, 10, 11, 12, 13, 14, 15, 16, 17, 75, 76, 77, 78, 79, 80, 92, 140, 141]
156: [1, 2, 3, 4, 5, 6, 7, 8, 9, 10, 11, 12, 13, 14, 15, 16, 17, 75, 76, 77, 78, 79, 80, 92, 140, 141]
157: [1, 2, 3, 4, 5, 6, 7, 8, 9, 10, 11, 12, 13, 14, 15, 16, 17, 75, 76, 77, 78, 79, 80, 92, 140, 141, 156]
158: [1, 2, 3, 4, 5, 6, 7, 8, 9, 10, 11, 12, 13, 14, 15, 16, 17, 75, 76, 77, 78, 79, 80, 92, 140, 141]
159: [1, 2, 3, 4, 5, 6, 7, 8, 9, 10, 11, 12, 13, 14, 15, 16, 17, 75, 76, 77, 78, 79, 80, 92, 140, 141]
160: [1, 2, 3, 4, 5, 6, 7, 8, 9, 10, 11, 12, 13, 14, 15, 16, 17, 75, 76, 77, 78, 79, 80, 92, 140, 141, 159]
161: [1, 2, 3, 4, 5, 6, 7, 8, 9, 10, 11, 12, 13, 14, 15, 16, 17, 75, 76, 77, 78, 79, 80, 92, 140, 141]
162: [1, 2, 3, 4, 5, 6, 7, 8, 9, 10, 11, 12, 13, 14, 15, 16, 17, 75, 76, 77, 78, 79, 80, 92, 140, 141]
163: [1, 2, 3, 4, 5, 6, 7, 8, 9, 10, 11, 12, 13, 14, 15, 16, 17, 75, 76, 77, 78, 79, 80, 92, 140, 141, 162]
164: [1, 2, 3, 4, 5, 6, 7, 8, 9, 10, 11, 12, 13, 14, 15, 16, 17, 75, 76, 77, 78, 79, 80, 92, 140, 141]
165: [1, 2, 3, 17, 18, 19, 20, 21, 22, 23, 24, 25, 26, 27, 28, 29, 30, 31, 32, 48, 81, 90, 152]
166: [1, 2, 3, 4, 5, 6, 7, 8, 9, 10, 11, 12, 13, 14, 15, 16, 17, 75, 76, 77, 78, 79, 80, 92, 140, 141]
167: [1, 2, 3, 4, 5, 6, 7, 8, 9, 10, 11, 12, 13, 14, 15, 16, 17, 75, 76, 77, 78, 79, 80, 92, 140, 141]
168: [1, 2, 3, 4, 5, 6, 7, 8, 9, 10, 11, 12, 13, 14, 15, 16, 17, 75, 76, 77, 78, 79, 80, 92, 140, 141, 167]
169: [1, 2, 3, 4, 5, 6, 7, 8, 9, 10, 11, 12, 13, 14, 15, 16, 17, 75, 76, 77, 78, 79, 80, 92, 140, 141]
170: [1, 2, 3, 4, 5, 6, 7, 8, 9, 10, 11, 12, 13, 14, 15, 16, 17, 75, 76, 77, 78, 79, 80, 92, 140, 141, 169]
171: [1, 2, 3, 4, 5, 6, 7, 8, 9, 10, 11, 12, 13, 14, 15, 16, 17, 75, 76, 77, 78, 79, 80, 92, 140, 141, 169]
172: [1, 2, 3, 4, 5, 6, 7, 8, 9, 10, 11, 12, 13, 14, 15, 16, 17, 75, 76, 77, 78, 79, 80, 92, 140, 141]
174: [1, 2, 3, 17, 18, 19, 20, 21, 22, 23, 24, 25, 26, 27, 28, 29, 30, 31, 32, 36, 48, 81, 90, 152]
175: [1, 2, 3, 17, 18, 19, 20, 21, 22, 23, 24, 25, 26, 27, 28, 29, 30, 31, 32, 48, 49, 50, 51, 81, 90, 152]
178: [1, 2, 3, 17, 18, 19, 20, 21, 22, 23, 24, 25, 26, 27, 28, 29, 30, 31, 32, 48, 49, 50, 81, 90, 152, 175]
179: [1, 2, 3, 17, 18, 19, 20, 21, 22, 23, 24, 25, 26, 27, 28, 29, 30, 31, 32, 48, 49, 50, 81, 90, 152, 175, 178]
180: [1, 2, 3, 17, 18, 19, 20, 21, 22, 23, 24, 25, 26, 27, 28, 29, 30, 31, 32, 48, 49, 50, 81, 90, 152, 175, 179]
181: [1, 2, 3, 17, 18, 19, 20, 21, 22, 23, 24, 25, 26, 27, 28, 29, 30, 31, 32, 48, 49, 50, 81, 90, 152, 175, 179, 180]
182: [1, 2, 3, 4, 5, 6, 7, 8, 9, 10, 11, 12, 13, 14, 15, 16, 17, 75, 76, 77, 78, 79, 80, 92, 140, 141]
183: [1, 2, 3, 4, 5, 6, 7, 8, 9, 10, 11, 12, 13, 14, 15, 16, 17, 75, 76, 77, 78, 79, 80, 92, 140, 141, 182]
184: [1, 2, 3, 17, 18, 19, 20, 21, 22, 23, 24, 25, 26, 27, 28, 29, 30, 31, 32, 48, 49, 50, 81, 90, 152, 175, 179, 180]
185: [1, 2, 3, 4, 5, 6, 7, 8, 9, 10, 11, 12, 13, 14, 15, 16, 17, 75, 76, 77, 78, 79, 80, 92, 140, 141, 183]
186: [1, 2, 3, 4, 5, 6, 7, 8, 9, 10, 11, 12, 13, 14, 15, 16, 17, 75, 76, 77, 78, 79, 80, 92, 140, 141, 183, 185]
187: [1, 2, 3, 4, 5, 6, 7, 8, 9, 10, 11, 12, 13, 14, 15, 16, 17, 75, 76, 77, 78, 79, 80, 92, 140, 141, 183, 186]
188: [1, 2, 3, 4, 5, 6, 7, 8, 9, 10, 11, 12, 13, 14, 15, 16, 17, 75, 76, 77, 78, 79, 80, 92, 140, 141, 183, 186, 187]
189: [1, 2, 3, 4, 5, 6, 7, 8, 9, 10, 11, 12, 13, 14, 15, 16, 17, 75, 76, 77, 78, 79, 80, 92, 140, 141, 183, 186, 188]
190: [1, 2, 3, 4, 5, 6, 7, 8, 9, 10, 11, 12, 13, 14, 15, 16, 17, 75, 76, 77, 78, 79, 80, 92, 140, 141, 183, 186, 188, 189]
191: [1, 2, 3, 4, 5, 6, 7, 8, 9, 10, 11, 12, 13, 14, 15, 16, 17, 75, 76, 77, 78, 79, 80, 92, 140, 141, 183, 186, 188, 189]
192: [1, 2, 3, 4, 5, 6, 7, 8, 9, 10, 11, 12, 13, 14, 15, 16, 17, 75, 76, 77, 78, 79, 80, 92, 140, 141, 183, 188, 189]
193: [1, 2, 3, 4, 5, 6, 7, 8, 9, 10, 11, 12, 13, 14, 15, 16, 17, 75, 76, 77, 78, 79, 80, 92, 140, 141, 183, 188, 189]
194: [1, 2, 3, 4, 5, 6, 7, 8, 9, 10, 11, 12, 13, 14, 15, 16, 17, 75, 76, 77, 78, 79, 80, 92, 140, 141, 183, 188, 189, 193]
195: [1, 2, 3, 4, 5, 6, 7, 8, 9, 10, 11, 12, 13, 14, 15, 16, 17, 75, 76, 77, 78, 79, 80, 92, 140, 141, 188, 189, 193]
196: [1, 2, 3, 4, 5, 6, 7, 8, 9, 10, 11, 12, 13, 14, 15, 16, 17, 75, 76, 77, 78, 79, 80, 92, 140, 141, 188, 189, 193]
197: [1, 2, 3, 17, 18, 19, 20, 21, 22, 23, 24, 25, 26, 27, 28, 29, 30, 31, 32, 48, 49, 50, 81, 90, 152, 175, 179, 180]
198: [1, 2, 3, 4, 5, 6, 7, 8, 9, 10, 11, 12, 13, 14, 15, 16, 17, 75, 76, 77, 78, 79, 80, 92, 140, 141, 188, 189, 193, 196]
199: [1, 2, 3, 17, 18, 19, 20, 21, 22, 23, 24, 25, 26, 27, 28, 29, 30, 31, 32, 48, 49, 50, 81, 90, 152, 175, 179, 180]
200: [1, 2, 3, 4, 5, 6, 7, 8, 9, 10, 11, 12, 13, 14, 15, 16, 17, 75, 76, 77, 78, 79, 80, 92, 140, 141, 188, 189, 193]
201: [1, 2, 3, 4, 5, 6, 7, 8, 9, 10, 11, 12, 13, 14, 15, 16, 17, 75, 76, 77, 78, 79, 80, 92, 140, 141, 189, 193]
202: [1, 2, 3, 17, 18, 19, 20, 21, 22, 23, 24, 25, 26, 27, 28, 29, 30, 31, 32, 48, 49, 50, 81, 90, 152, 175, 179, 180]
205: [1, 2, 3, 17, 18, 19, 20, 21, 22, 23, 24, 25, 26, 27, 28, 29, 30, 31, 32, 48, 49, 50, 81, 90, 152, 175]
207: [1, 2, 3, 17, 18, 19, 20, 21, 22, 23, 24, 25, 26, 27, 28, 29, 30, 31, 32, 48, 49, 50, 81, 90, 152, 175, 179, 180]
208: [1, 2, 3, 17, 18, 19, 20, 21, 22, 23, 24, 25, 26, 27, 28, 29, 30, 31, 32, 48, 49, 50, 81, 90, 152, 175, 179, 180, 207]
209: [1, 2, 3, 17, 18, 19, 20, 21, 22, 23, 24, 25, 26, 27, 28, 29, 30, 31, 32, 48, 49, 50, 81, 90, 152, 175, 179, 180]
210: [1, 2, 3, 17, 18, 19, 20, 21, 22, 23, 24, 25, 26, 27, 28, 29, 30, 31, 32, 48, 49, 50, 81, 90, 152, 175, 179, 209]
211: [1, 2, 3, 17, 18, 19, 20, 21, 22, 23, 24, 25, 26, 27, 28, 29, 30, 31, 32, 48, 49, 50, 81, 90, 152, 175, 179]
212: [1, 2, 3, 17, 18, 19, 20, 21, 22, 23, 24, 25, 26, 27, 28, 29, 30, 31, 32, 48, 49, 50, 51, 81, 90, 152, 175, 179]
213: [1, 2, 3, 17, 18, 19, 20, 21, 22, 23, 24, 25, 26, 27, 28, 29, 30, 31, 32, 48, 49, 50, 81, 90, 152, 175, 179, 212]
214: [1, 2, 3, 17, 18, 19, 20, 21, 22, 23, 24, 25, 26, 27, 28, 29, 30, 31, 32, 48, 49, 50, 51, 81, 90, 152, 175, 179, 212]
215: [1, 2, 3, 17, 18, 19, 20, 21, 22, 23, 24, 25, 26, 27, 28, 29, 30, 31, 32, 48, 49, 50, 81, 90, 152, 175, 179, 212, 214]
216: [1, 2, 3, 17, 18, 19, 20, 21, 22, 23, 24, 25, 26, 27, 28, 29, 30, 31, 32, 48, 49, 50, 51, 81, 90, 152, 175, 179, 212, 214]
217: [1, 2, 3, 17, 18, 19, 20, 21, 22, 23, 24, 25, 26, 27, 28, 29, 30, 31, 32, 48, 49, 50, 81, 90, 152, 175, 179, 212, 214, 216]
218: [1, 2, 3, 17, 18, 19, 20, 21, 22, 23, 24, 25, 26, 27, 28, 29, 30, 31, 32, 48, 49, 50, 51, 81, 90, 152, 175, 212, 214, 216]
221: [1, 2, 3, 17, 18, 19, 20, 21, 22, 23, 24, 25, 26, 27, 28, 29, 30, 31, 32, 48, 49, 50, 51, 81, 90, 152, 175, 212, 214, 216, 218]
222: [1, 2, 3, 17, 18, 19, 20, 21, 22, 23, 24, 25, 26, 27, 28, 29, 30, 31, 32, 36, 48, 81, 90, 152]
223: [1, 2, 3, 4, 5, 6, 7, 8, 9, 10, 11, 12, 13, 14, 15, 16, 17, 75, 76, 77, 78, 79, 80, 92, 140, 141]
224: [1, 2, 3, 17, 18, 19, 20, 21, 22, 23, 24, 25, 26, 27, 28, 29, 30, 31, 32, 48, 81, 90, 152]
225: [1, 2, 3, 4, 5, 6, 7, 8, 9, 10, 11, 12, 13, 14, 15, 16, 17, 75, 76, 77, 78, 79, 80, 92, 140, 141, 223]
226: [1, 2, 3, 4, 5, 6, 7, 8, 9, 10, 11, 12, 13, 14, 15, 16, 17, 75, 76, 77, 78, 79, 80, 92, 140, 141]
227: [1, 2, 3, 4, 5, 6, 7, 8, 9, 10, 11, 12, 13, 14, 15, 16, 17, 75, 76, 77, 78, 79, 80, 92, 140, 141, 226]
228: [1, 2, 3, 4, 5, 6, 7, 8, 9, 10, 11, 12, 13, 14, 15, 16, 17, 75, 76, 77, 78, 79, 80, 92, 140, 141]
229: [1, 2, 3, 11, 12, 17, 18, 19, 20, 21, 22, 23, 24, 25, 26, 27, 28, 29, 30, 31, 32, 48, 81, 90, 152]
230: [1, 2, 3, 11, 12, 13, 14, 17, 18, 19, 20, 21, 22, 23, 24, 25, 26, 27, 28, 29, 30, 31, 32, 48, 81, 90, 152]
231: [1, 2, 3, 11, 12, 13, 14, 17, 18, 19, 20, 21, 22, 23, 24, 25, 26, 27, 28, 29, 30, 31, 32, 48, 81, 90, 152]
232: [1, 2, 3, 11, 12, 13, 14, 17, 18, 19, 20, 21, 22, 23, 24, 25, 26, 27, 28, 29, 30, 31, 32, 48, 81, 90, 152]
233: [1, 2, 3, 4, 5, 6, 7, 8, 9, 10, 11, 12, 13, 14, 15, 16, 17, 75, 76, 77, 78, 79, 80, 92, 140, 141]
234: [1, 2, 3, 4, 5, 6, 7, 8, 9, 10, 11, 12, 13, 14, 15, 16, 17, 75, 76, 77, 78, 79, 80, 92, 140, 141, 233]
235: [1, 2, 3, 4, 5, 6, 7, 8, 9, 10, 11, 12, 13, 14, 15, 16, 17, 75, 76, 77, 78, 79, 80, 92, 140, 141]
236: [1, 2, 3, 17, 18, 19, 20, 21, 22, 23, 24, 25, 26, 27, 28, 29, 30, 31, 32, 48, 81, 90, 152]
237: [1, 2, 3, 17, 18, 19, 20, 21, 22, 23, 24, 25, 26, 27, 28, 29, 30, 31, 32, 48, 81, 90, 152, 236]
238: [1, 2, 3, 4, 5, 6, 7, 8, 9, 10, 11, 12, 13, 14, 15, 16, 17, 75, 76, 77, 78, 79, 92, 140, 141]
239: [1, 2, 3, 4, 5, 6, 7, 8, 9, 10, 11, 12, 13, 14, 15, 16, 17, 75, 76, 77, 78, 79, 92, 140, 141, 238]
240: [1, 2, 3, 17, 18, 19, 20, 21, 22, 23, 24, 25, 26, 27, 28, 29, 30, 31, 32, 48, 54, 81, 90, 152]
242: [1, 2, 3, 17, 18, 19, 20, 21, 22, 23, 24, 25, 26, 27, 28, 29, 30, 31, 32, 48, 54, 81, 90, 152, 240]
243: [1, 2, 3, 17, 18, 19, 20, 21, 22, 23, 24, 25, 26, 27, 28, 29, 30, 31, 32, 48, 54, 81, 90, 152, 240, 242]
244: [1, 2, 3, 4, 5, 6, 7, 8, 9, 10, 11, 12, 13, 14, 15, 16, 17, 75, 76, 77, 78, 79, 92, 140, 141, 238, 239]
245: [1, 2, 3, 4, 5, 6, 7, 8, 9, 10, 11, 12, 13, 14, 15, 16, 17, 75, 76, 77, 78, 79, 92, 140, 141, 238, 239, 244]
246: [1, 2, 3, 4, 5, 6, 7, 8, 9, 10, 11, 12, 13, 14, 15, 16, 17, 75, 76, 77, 78, 79, 92, 140, 141, 238, 239, 244, 245]
247: [1, 2, 3, 4, 5, 6, 7, 8, 9, 10, 11, 12, 13, 14, 15, 16, 17, 75, 76, 77, 78, 79, 92, 140, 141, 238, 239, 244]
248: [1, 2, 3, 4, 5, 6, 7, 8, 9, 10, 11, 12, 13, 14, 15, 16, 17, 75, 76, 77, 78, 79, 92, 140, 141, 238, 239, 244]
249: [1, 2, 3, 4, 5, 6, 7, 8, 9, 10, 11, 12, 13, 14, 15, 16, 17, 75, 76, 77, 78, 79, 92, 140, 141, 238, 239, 244, 248]
250: [1, 2, 3, 4, 5, 6, 7, 8, 9, 10, 11, 12, 13, 14, 15, 16, 17, 75, 76, 77, 78, 79, 92, 140, 141, 238, 239, 244]
251: [1, 2, 3, 4, 5, 6, 7, 8, 9, 10, 11, 12, 13, 14, 15, 16, 17, 75, 76, 77, 78, 79, 92, 140, 141, 238, 239, 244, 250]
252: [1, 2, 3, 4, 5, 6, 7, 8, 9, 10, 11, 12, 13, 14, 15, 16, 17, 75, 76, 77, 78, 79, 92, 140, 141, 238, 239, 250]
253: [1, 2, 3, 4, 5, 6, 7, 8, 9, 10, 11, 12, 13, 14, 15, 16, 17, 75, 76, 77, 78, 79, 92, 140, 141, 238, 239, 250]
254: [1, 2, 3, 4, 5, 6, 7, 8, 9, 10, 11, 12, 13, 14, 15, 16, 17, 75, 76, 77, 78, 79, 92, 140, 141, 238, 239]
255: [1, 2, 3, 4, 5, 6, 7, 8, 9, 10, 11, 12, 13, 14, 15, 16, 17, 75, 76, 77, 78, 79, 92, 140, 141, 238, 239, 254]
256: [1, 2, 3, 4, 5, 6, 7, 8, 9, 10, 11, 12, 13, 14, 15, 16, 17, 75, 76, 77, 78, 79, 92, 140, 141, 238, 239, 254]
257: [1, 2, 3, 4, 5, 6, 7, 8, 9, 10, 11, 12, 13, 14, 15, 16, 17, 75, 76, 77, 78, 79, 92, 140, 141, 238, 239, 254]
258: [1, 2, 3, 4, 5, 6, 7, 8, 9, 10, 11, 12, 13, 14, 15, 16, 17, 75, 76, 77, 78, 79, 92, 140, 141, 238, 239]
259: [1, 2, 3, 4, 5, 6, 7, 8, 9, 10, 11, 12, 13, 14, 15, 16, 17, 75, 76, 77, 78, 79, 92, 140, 141, 238, 239]
261: [1, 2, 3, 17, 18, 19, 20, 21, 22, 23, 24, 25, 26, 27, 28, 29, 30, 31, 32, 48, 54, 81, 90, 152, 240, 242]
262: [1, 2, 3, 17, 18, 19, 20, 21, 22, 23, 24, 25, 26, 27, 28, 29, 30, 31, 32, 48, 81, 90, 152]
263: [1, 2, 3, 17, 18, 19, 20, 21, 22, 23, 24, 25, 26, 27, 28, 29, 30, 31, 32, 48, 81, 90, 152]
264: [1, 2, 3, 17, 18, 19, 20, 21, 22, 23, 24, 25, 26, 27, 28, 29, 30, 31, 32, 48, 56, 81, 90, 152]
265: [1, 2, 3, 17, 18, 19, 20, 21, 22, 23, 24, 25, 26, 27, 28, 29, 30, 31, 32, 48, 81, 90, 152, 264]
267: [1, 2, 3, 17, 18, 19, 20, 21, 22, 23, 24, 25, 26, 27, 28, 29, 30, 31, 32, 48, 55, 56, 81, 90, 152, 264]
268: [1, 2, 3, 17, 18, 19, 20, 21, 22, 23, 24, 25, 26, 27, 28, 29, 30, 31, 32, 48, 56, 81, 90, 152, 267]
269: [1, 2, 3, 17, 18, 19, 20, 21, 22, 23, 24, 25, 26, 27, 28, 29, 30, 31, 32, 48, 56, 81, 90, 152, 267]
270: [1, 2, 3, 17, 18, 19, 20, 21, 22, 23, 24, 25, 26, 27, 28, 29, 30, 31, 32, 48, 55, 56, 81, 90, 152, 267, 269]
271: [1, 2, 3, 17, 18, 19, 20, 21, 22, 23, 24, 25, 26, 27, 28, 29, 30, 31, 32, 48, 56, 81, 90, 152, 267, 270]
272: [1, 2, 3, 17, 18, 19, 20, 21, 22, 23, 24, 25, 26, 27, 28, 29, 30, 31, 32, 48, 56, 81, 90, 152, 267, 270]
273: [1, 2, 3, 17, 18, 19, 20, 21, 22, 23, 24, 25, 26, 27, 28, 29, 30, 31, 32, 48, 56, 81, 90, 152, 267, 270, 272]
274: [1, 2, 3, 17, 18, 19, 20, 21, 22, 23, 24, 25, 26, 27, 28, 29, 30, 31, 32, 48, 55, 56, 81, 90, 152, 267, 270, 272, 273]
275: [1, 2, 3, 17, 18, 19, 20, 21, 22, 23, 24, 25, 26, 27, 28, 29, 30, 31, 32, 48, 55, 56, 81, 90, 152, 267, 270, 273, 274]
276: [1, 2, 3, 17, 18, 19, 20, 21, 22, 23, 24, 25, 26, 27, 28, 29, 30, 31, 32, 48, 56, 81, 90, 152, 267, 270, 273, 274, 275]
277: [1, 2, 3, 17, 18, 19, 20, 21, 22, 23, 24, 25, 26, 27, 28, 29, 30, 31, 32, 48, 56, 81, 90, 152, 267, 270, 274, 275]
278: [1, 2, 3, 17, 18, 19, 20, 21, 22, 23, 24, 25, 26, 27, 28, 29, 30, 31, 32, 48, 56, 81, 90, 152, 267, 270, 274, 275, 277]
279: [1, 2, 3, 17, 18, 19, 20, 21, 22, 23, 24, 25, 26, 27, 28, 29, 30, 31, 32, 48, 56, 81, 90, 152, 267, 270]
280: [1, 2, 3, 17, 18, 19, 20, 21, 22, 23, 24, 25, 26, 27, 28, 29, 30, 31, 32, 48, 56, 81, 90, 152, 267, 270]
281: [1, 2, 3, 17, 18, 19, 20, 21, 22, 23, 24, 25, 26, 27, 28, 29, 30, 31, 32, 48, 56, 81, 90, 152, 267, 270]
282: [1, 2, 3, 17, 18, 19, 20, 21, 22, 23, 24, 25, 26, 27, 28, 29, 30, 31, 32, 48, 56, 81, 90, 152, 267, 270]
283: [1, 2, 3, 17, 18, 19, 20, 21, 22, 23, 24, 25, 26, 27, 28, 29, 30, 31, 32, 48, 56, 81, 90, 152, 267, 270, 282]
284: [1, 2, 3, 17, 18, 19, 20, 21, 22, 23, 24, 25, 26, 27, 28, 29, 30, 31, 32, 48, 56, 81, 90, 152, 267, 270]
285: [1, 2, 3, 17, 18, 19, 20, 21, 22, 23, 24, 25, 26, 27, 28, 29, 30, 31, 32, 48, 56, 81, 90, 152, 267, 270, 274, 275, 277]
286: [1, 2, 3, 17, 18, 19, 20, 21, 22, 23, 24, 25, 26, 27, 28, 29, 30, 31, 32, 48, 56, 81, 90, 152, 267, 270, 274, 275, 277, 285]
287: [1, 2, 3, 17, 18, 19, 20, 21, 22, 23, 24, 25, 26, 27, 28, 29, 30, 31, 32, 48, 56, 81, 90, 152, 267, 270, 274, 275, 277]
288: [1, 2, 3, 17, 18, 19, 20, 21, 22, 23, 24, 25, 26, 27, 28, 29, 30, 31, 32, 48, 56, 81, 90, 152, 267, 270, 274, 275, 287]
289: [1, 2, 3, 17, 18, 19, 20, 21, 22, 23, 24, 25, 26, 27, 28, 29, 30, 31, 32, 48, 56, 81, 90, 152, 267, 270, 274, 275]
290: [1, 2, 3, 17, 18, 19, 20, 21, 22, 23, 24, 25, 26, 27, 28, 29, 30, 31, 32, 48, 55, 56, 81, 90, 152, 267, 270, 274, 275]
291: [1, 2, 3, 17, 18, 19, 20, 21, 22, 23, 24, 25, 26, 27, 28, 29, 30, 31, 32, 48, 55, 56, 81, 90, 152, 267, 270, 274, 275, 290]
293: [1, 2, 3, 17, 18, 19, 20, 21, 22, 23, 24, 25, 26, 27, 28, 29, 30, 31, 32, 48, 55, 56, 81, 90, 152, 267, 270, 274, 275, 290]
294: [1, 2, 3, 4, 5, 6, 7, 8, 9, 10, 11, 12, 13, 14, 15, 16, 17, 75, 76, 77, 78, 79, 92, 141]
295: [1, 2, 3, 17, 18, 19, 20, 21, 22, 23, 24, 25, 26, 27, 28, 29, 30, 31, 32, 48, 55, 56, 81, 90, 152, 267, 270, 274, 275, 290, 293]
296: [1, 2, 3, 17, 18, 19, 20, 21, 22, 23, 24, 25, 26, 27, 28, 29, 30, 31, 32, 48, 55, 56, 81, 90, 152, 267, 270, 274, 275, 290, 293]
298: [1, 2, 3, 17, 18, 19, 20, 21, 22, 23, 24, 25, 26, 27, 28, 29, 30, 31, 32, 48, 55, 56, 81, 90, 152, 267, 270, 274, 275, 290, 293]
299: [1, 2, 3, 4, 5, 6, 7, 8, 9, 10, 11, 12, 13, 14, 15, 16, 17, 75, 76, 77, 78, 79, 92, 141]
301: [1, 2, 3, 4, 5, 6, 7, 8, 9, 10, 11, 12, 13, 14, 15, 16, 17, 75, 76, 77, 78, 79, 92, 141]
302: [1, 2, 3, 4, 5, 6, 7, 8, 9, 10, 11, 12, 13, 14, 15, 16, 17, 75, 76, 77, 78, 79, 92, 141, 301]
303: [1, 2, 3, 17, 18, 19, 20, 21, 22, 23, 24, 25, 26, 27, 28, 29, 30, 31, 32, 48, 56, 81, 90, 152]
304: [1, 2, 3, 17, 18, 19, 20, 21, 22, 23, 24, 25, 26, 27, 28, 29, 30, 31, 32, 48, 56, 81, 90, 152]
305: [1, 2, 3, 4, 5, 6, 7, 8, 9, 10, 11, 12, 13, 14, 15, 16, 17, 75, 76, 77, 78, 79, 92, 141, 301, 302]
306: [1, 2, 3, 4, 5, 6, 7, 8, 9, 10, 11, 12, 13, 14, 15, 16, 17, 75, 76, 77, 78, 79, 92, 141, 301]
307: [1, 2, 3, 4, 5, 6, 7, 8, 9, 10, 11, 12, 13, 14, 15, 16, 17, 75, 76, 77, 78, 79, 92, 141]
308: [1, 2, 3, 4, 5, 6, 7, 8, 9, 10, 11, 12, 13, 14, 15, 16, 17, 75, 76, 77, 78, 79, 92, 141]
309: [1, 2, 3, 4, 5, 6, 7, 8, 9, 10, 11, 12, 13, 14, 15, 16, 17, 75, 76, 77, 78, 79, 92, 141]
310: [1, 2, 3, 4, 5, 6, 7, 8, 9, 10, 11, 12, 13, 14, 15, 16, 17, 75, 76, 77, 78, 79, 92, 141, 309]
311: [1, 2, 3, 4, 5, 6, 7, 8, 9, 10, 11, 12, 13, 14, 15, 16, 17, 75, 76, 77, 78, 79, 92, 141]
312: [1, 2, 3, 4, 5, 6, 7, 8, 9, 10, 11, 12, 13, 14, 15, 16, 17, 75, 76, 77, 78, 79, 92, 141]
313: [1, 2, 3, 4, 5, 6, 7, 8, 9, 10, 11, 12, 13, 14, 15, 16, 17, 75, 76, 77, 78, 79, 92, 141]
314: [1, 2, 3, 4, 5, 6, 7, 8, 9, 10, 11, 12, 13, 14, 15, 16, 17, 75, 76, 77, 78, 79, 92, 141]
315: [1, 2, 3, 12, 13, 17, 18, 19, 20, 21, 22, 23, 24, 25, 26, 27, 28, 29, 30, 31, 32, 48, 56, 81, 90, 152]
316: [1, 2, 3, 4, 5, 6, 7, 8, 9, 10, 11, 12, 13, 14, 15, 16, 17, 75, 76, 77, 78, 79, 92, 141, 314]
317: [1, 2, 3, 12, 13, 17, 18, 19, 20, 21, 22, 23, 24, 25, 26, 27, 28, 29, 30, 31, 32, 48, 56, 81, 90, 152]
318: [1, 2, 3, 12, 13, 17, 18, 19, 20, 21, 22, 23, 24, 25, 26, 27, 28, 29, 30, 31, 32, 48, 56, 81, 90, 152, 317]
319: [1, 2, 3, 4, 5, 6, 7, 8, 9, 10, 11, 12, 13, 14, 15, 16, 17, 75, 76, 77, 78, 79, 92, 141]
320: [1, 2, 3, 4, 5, 6, 7, 8, 9, 10, 11, 12, 13, 14, 15, 16, 17, 75, 76, 77, 78, 79, 92, 141, 319]
321: [1, 2, 3, 4, 5, 6, 7, 8, 9, 10, 11, 12, 13, 14, 15, 16, 17, 75, 76, 77, 78, 79, 92, 141]
322: [1, 2, 3, 12, 13, 17, 18, 19, 20, 21, 22, 23, 24, 25, 26, 27, 28, 29, 30, 31, 32, 48, 56, 81, 90, 152]
323: [1, 2, 3, 12, 13, 17, 18, 19, 20, 21, 22, 23, 24, 25, 26, 27, 28, 29, 30, 31, 32, 48, 56, 81, 90, 152, 322]
324: [1, 2, 3, 11, 12, 13, 17, 18, 19, 20, 21, 22, 23, 24, 25, 26, 27, 28, 29, 30, 31, 32, 48, 56, 81, 90, 152]
325: [1, 2, 3, 17, 18, 19, 20, 21, 22, 23, 24, 25, 26, 27, 28, 29, 30, 31, 32, 48, 56, 81, 90, 152]
326: [1, 2, 3, 4, 5, 6, 7, 8, 9, 10, 11, 12, 13, 14, 15, 16, 17, 75, 76, 77, 78, 79, 92, 141]
327: [1, 2, 3, 4, 5, 6, 7, 8, 9, 10, 11, 12, 13, 14, 15, 16, 17, 75, 76, 77, 78, 79, 92, 141]
328: [1, 2, 3, 4, 5, 6, 7, 8, 9, 10, 11, 12, 13, 14, 15, 16, 17, 75, 76, 77, 78, 79, 92, 141, 327]
329: [1, 2, 3, 17, 18, 19, 20, 21, 22, 23, 24, 25, 26, 27, 28, 29, 30, 31, 32, 48, 56, 81, 90, 152]
330: [1, 2, 3, 4, 5, 6, 7, 8, 9, 10, 11, 12, 13, 14, 15, 16, 17, 75, 76, 77, 78, 79, 92, 141]
331: [1, 2, 3, 4, 5, 6, 7, 8, 9, 10, 11, 12, 13, 14, 15, 16, 17, 75, 76, 77, 78, 79, 92]
332: [1, 2, 3, 4, 5, 6, 7, 8, 9, 10, 11, 12, 13, 14, 15, 16, 17, 75, 76, 77, 78, 79, 92, 331]
333: [1, 2, 3, 4, 5, 6, 7, 8, 9, 10, 11, 12, 13, 14, 15, 16, 17, 75, 76, 77, 78, 79, 92]
334: [1, 2, 3, 17, 18, 19, 20, 21, 22, 23, 24, 25, 26, 27, 28, 29, 30, 31, 32, 48, 56, 81, 90, 152]
335: [1, 2, 3, 4, 5, 6, 7, 8, 9, 10, 11, 12, 13, 14, 15, 16, 17, 75, 76, 77, 78, 79, 92, 333]
336: [1, 2, 3, 4, 5, 6, 7, 8, 9, 10, 11, 12, 13, 14, 15, 16, 17, 75, 76, 77, 78, 79, 92]
337: [1, 2, 3, 17, 18, 19, 20, 21, 22, 23, 24, 25, 26, 27, 28, 29, 30, 31, 32, 48, 56, 81, 90, 152]
338: [1, 2, 3, 17, 18, 19, 20, 21, 22, 23, 24, 25, 26, 27, 28, 29, 30, 31, 32, 48, 56, 81, 90, 152]
339: [1, 2, 3, 17, 18, 19, 20, 21, 22, 23, 24, 25, 26, 27, 28, 29, 30, 31, 32, 48, 56, 81, 90, 152]
340: [1, 2, 3, 17, 18, 19, 20, 21, 22, 23, 24, 25, 26, 27, 28, 29, 30, 31, 32, 48, 56, 81, 90, 152]
341: [1, 2, 3, 17, 18, 19, 20, 21, 22, 23, 24, 25, 26, 27, 28, 29, 30, 31, 32, 48, 81, 90, 152]
342: [1, 2, 3, 17, 18, 19, 20, 21, 22, 23, 24, 25, 26, 27, 28, 29, 30, 31, 32, 48, 81, 90, 152]
344: [1, 2, 3, 17, 18, 19, 20, 21, 22, 23, 24, 25, 26, 27, 28, 29, 30, 31, 32, 37, 48, 81, 90, 152]
345: [1, 2, 17, 18, 19, 20, 21, 22, 23, 24, 25, 26, 27, 28, 29, 30, 31, 32, 37, 81]
346: [1, 2, 17, 18, 19, 20, 21, 22, 23, 24, 25, 26, 27, 28, 29, 30, 31, 32, 37, 44, 345]
347: [1, 2, 17, 18, 19, 20, 21, 22, 23, 24, 25, 26, 27, 28, 29, 30, 31, 32, 37, 345, 346]
348: [1, 2, 17, 18, 19, 20, 21, 22, 23, 24, 25, 26, 27, 28, 29, 30, 31, 32, 37, 43]
349: [1, 2, 3, 4, 5, 6, 7, 8, 9, 10, 11, 12, 13, 14, 15, 16, 17, 22, 23, 24, 25, 26, 75, 76, 77, 78, 79]
350: [1, 2, 3, 4, 5, 6, 7, 8, 9, 10, 11, 12, 13, 14, 15, 16, 17, 21, 22, 23, 24, 25, 26, 75, 76, 77, 78, 79, 349]
351: [1, 2, 3, 4, 5, 6, 7, 8, 9, 10, 11, 12, 13, 14, 15, 16, 17, 20, 21, 22, 23, 24, 25, 26, 75, 76, 77, 78, 79, 349, 350]
352: [1, 2, 3, 4, 5, 6, 7, 8, 9, 10, 11, 12, 13, 14, 15, 16, 17, 19, 20, 21, 22, 23, 24, 25, 26, 75, 76, 77, 78, 79, 349, 350, 351]
353: [1, 2, 17, 18, 19, 20, 21, 22, 23, 24, 25, 26, 27, 28, 29, 30, 31, 32]
354: [1, 2, 16, 17, 18, 19, 20, 21, 22, 23, 24, 25, 26, 27, 28, 29, 30, 31, 32, 353]
355: [1, 2, 10, 16, 17, 18, 19, 20, 21, 22, 23, 24, 25, 26, 27, 28, 29, 30, 31, 32, 353, 354]
356: [1, 2, 9, 10, 16, 17, 18, 19, 20, 21, 22, 23, 24, 25, 26, 27, 28, 29, 30, 31, 32, 353, 354, 355]
357: [1, 2, 8, 9, 10, 16, 17, 18, 19, 20, 21, 22, 23, 24, 25, 26, 27, 28, 29, 30, 31, 32, 353, 354, 355, 356]
358: [1, 2, 7, 8, 9, 10, 16, 17, 18, 19, 20, 21, 22, 23, 24, 25, 26, 27, 28, 29, 30, 31, 32, 353, 354, 355, 356, 357]
359: [1, 2, 6, 7, 8, 9, 10, 16, 17, 18, 19, 20, 21, 22, 23, 24, 25, 26, 27, 28, 29, 30, 31, 32, 353, 354, 355, 356, 357, 358]
360: [1, 2, 5, 6, 7, 8, 9, 10, 16, 17, 18, 19, 20, 21, 22, 23, 24, 25, 26, 27, 28, 29, 30, 31, 32, 353, 354, 355, 356, 357, 358, 359]
361: [1, 2, 17, 18, 19, 20, 21, 22, 23, 24, 25, 26, 27, 28, 29, 30, 31, 32, 37]
362: [1, 2, 17, 18, 19, 20, 21, 22, 23, 24, 25, 26, 27, 28, 29, 30, 31, 32, 35, 42, 361]
363: [1, 2, 17, 18, 19, 20, 21, 22, 23, 24, 25, 26, 27, 28, 29, 30, 31, 32, 362]
364: [1, 2, 17, 18, 19, 20, 21, 22, 23, 24, 25, 26, 27, 28, 29, 30, 31, 32, 362, 363]
365: [1, 2, 17, 18, 19, 20, 21, 22, 23, 24, 25, 26, 27, 28, 29, 30, 31, 32, 35, 42, 362]
367: [1, 2, 17, 18, 19, 20, 21, 22, 23, 24, 25, 26, 27, 28, 29, 30, 31, 32, 42, 362, 365]
368: [1, 2, 17, 18, 19, 20, 21, 22, 23, 24, 25, 26, 27, 28, 29, 30, 31, 32, 35, 42, 362, 365]
369: [1, 2, 17, 18, 19, 20, 21, 22, 23, 24, 25, 26, 27, 28, 29, 30, 31, 32, 42, 362, 365, 368]
371: [1, 2, 17, 18, 19, 20, 21, 22, 23, 24, 25, 26, 27, 28, 29, 30, 31, 32, 42, 362, 365]
374: [1, 2, 17, 18, 19, 20, 21, 22, 23, 24, 25, 26, 27, 28, 29, 30, 31, 32, 35, 42, 362, 365, 368]
376: [1, 2, 17, 18, 19, 20, 21, 22, 23, 24, 25, 26, 27, 28, 29, 30, 31, 32, 37, 43, 348]
378: [1, 2, 17, 18, 19, 20, 21, 22, 23, 24, 25, 26, 27, 28, 29, 30, 31, 32, 37, 43, 348, 376]
380: [1, 2, 17, 18, 19, 20, 21, 22, 23, 24, 25, 26, 27, 28, 29, 30, 31, 32, 37, 44]
382: [1, 2, 17, 18, 19, 20, 21, 22, 23, 24, 25, 26, 27, 28, 29, 30, 31, 32, 37, 44, 380]
383: [1, 2, 3, 17, 18, 19, 20, 21, 22, 23, 24, 25, 26, 27, 28, 29, 30, 31, 32, 48, 81, 90, 152]
384: [1, 2, 3, 17, 18, 19, 20, 21, 22, 23, 24, 25, 26, 27, 28, 29, 30, 31, 32, 48, 81, 90, 152]
385: [1, 2, 3, 17, 18, 19, 20, 21, 22, 23, 24, 25, 26, 27, 28, 29, 30, 31, 32, 48, 81, 90, 152]
386: [1, 2, 3, 17, 18, 19, 20, 21, 22, 23, 24, 25, 26, 27, 28, 29, 30, 31, 32, 48, 81, 90, 152]
387: [1, 2, 3, 17, 18, 19, 20, 21, 22, 23, 24, 25, 26, 27, 28, 29, 30, 31, 32, 48, 81, 90, 152, 386]
388: [1, 2, 3, 17, 18, 19, 20, 21, 22, 23, 24, 25, 26, 27, 28, 29, 30, 31, 32, 48, 81, 90, 152, 387]
389: [1, 2, 3, 17, 18, 19, 20, 21, 22, 23, 24, 25, 26, 27, 28, 29, 30, 31, 32, 48, 81, 90, 152, 387, 388]
390: [1, 2, 3, 17, 18, 19, 20, 21, 22, 23, 24, 25, 26, 27, 28, 29, 30, 31, 32, 48, 81, 90, 152, 388]
391: [1, 2, 3, 17, 18, 19, 20, 21, 22, 23, 24, 25, 26, 27, 28, 29, 30, 31, 32, 48, 81, 90, 152, 388, 390]
392: [1, 2, 3, 17, 18, 19, 20, 21, 22, 23, 24, 25, 26, 27, 28, 29, 30, 31, 32, 48, 81, 90, 152]
393: [1, 2, 3, 17, 18, 19, 20, 21, 22, 23, 24, 25, 26, 27, 28, 29, 30, 31, 32, 48, 81, 90, 152]
394: [1, 2, 3, 17, 18, 19, 20, 21, 22, 23, 24, 25, 26, 27, 28, 29, 30, 31, 32, 48, 81, 90, 152]
395: [1, 2, 3, 17, 18, 19, 20, 21, 22, 23, 24, 25, 26, 27, 28, 29, 30, 31, 32, 48, 81, 90, 152]
396: [1, 2, 3, 17, 18, 19, 20, 21, 22, 23, 24, 25, 26, 27, 28, 29, 30, 31, 32, 48, 81, 90, 152, 395]
397: [1, 2, 3, 17, 18, 19, 20, 21, 22, 23, 24, 25, 26, 27, 28, 29, 30, 31, 32, 48, 81, 90, 152]
399: [1, 2, 3, 4, 5, 6, 7, 8, 9, 10, 11, 12, 13, 14, 15, 16, 17, 75, 76, 77, 78, 79, 92]
400: [1, 2, 3, 17, 18, 19, 20, 21, 22, 23, 24, 25, 26, 27, 28, 29, 30, 31, 32, 48, 81, 90, 152, 388, 390]
401: [1, 2, 3, 17, 18, 19, 20, 21, 22, 23, 24, 25, 26, 27, 28, 29, 30, 31, 32, 48, 81, 90, 152, 388, 390, 400]
402: [1, 2, 3, 17, 18, 19, 20, 21, 22, 23, 24, 25, 26, 27, 28, 29, 30, 31, 32, 48, 81, 90, 152, 388, 390]
403: [1, 2, 3, 17, 18, 19, 20, 21, 22, 23, 24, 25, 26, 27, 28, 29, 30, 31, 32, 48, 81, 90, 152, 388, 402]
404: [1, 2, 3, 17, 18, 19, 20, 21, 22, 23, 24, 25, 26, 27, 28, 29, 30, 31, 32, 48, 81, 90, 152, 388]
405: [1, 2, 3, 17, 18, 19, 20, 21, 22, 23, 24, 25, 26, 27, 28, 29, 30, 31, 32, 48, 62, 81, 90, 152, 388]
406: [1, 2, 3, 17, 18, 19, 20, 21, 22, 23, 24, 25, 26, 27, 28, 29, 30, 31, 32, 48, 81, 90, 152, 388, 405]
407: [1, 2, 3, 17, 18, 19, 20, 21, 22, 23, 24, 25, 26, 27, 28, 29, 30, 31, 32, 48, 62, 81, 90, 152, 388, 405]
408: [1, 2, 3, 17, 18, 19, 20, 21, 22, 23, 24, 25, 26, 27, 28, 29, 30, 31, 32, 48, 81, 90, 152, 388, 405, 407]
409: [1, 2, 3, 17, 18, 19, 20, 21, 22, 23, 24, 25, 26, 27, 28, 29, 30, 31, 32, 48, 62, 81, 90, 152, 388, 405, 407]
410: [1, 2, 3, 17, 18, 19, 20, 21, 22, 23, 24, 25, 26, 27, 28, 29, 30, 31, 32, 48, 81, 90, 152, 388, 405, 407, 409]
411: [1, 2, 3, 17, 18, 19, 20, 21, 22, 23, 24, 25, 26, 27, 28, 29, 30, 31, 32, 48, 62, 81, 90, 152, 388, 405, 407, 409]
412: [1, 2, 3, 17, 18, 19, 20, 21, 22, 23, 24, 25, 26, 27, 28, 29, 30, 31, 32, 48, 81, 90, 152, 388, 405, 407, 409, 411]
413: [1, 2, 3, 17, 18, 19, 20, 21, 22, 23, 24, 25, 26, 27, 28, 29, 30, 31, 32, 48, 62, 81, 90, 152, 388, 405, 407, 409, 411]
414: [1, 2, 3, 17, 18, 19, 20, 21, 22, 23, 24, 25, 26, 27, 28, 29, 30, 31, 32, 48, 81, 90, 152, 388, 405, 407, 409, 411, 413]
415: [1, 2, 3, 17, 18, 19, 20, 21, 22, 23, 24, 25, 26, 27, 28, 29, 30, 31, 32, 48, 62, 81, 90, 152, 388, 405, 407, 409, 411, 413]
416: [1, 2, 3, 17, 18, 19, 20, 21, 22, 23, 24, 25, 26, 27, 28, 29, 30, 31, 32, 48, 81, 90, 152, 388, 405, 407, 409, 411, 413, 415]
417: [1, 2, 3, 17, 18, 19, 20, 21, 22, 23, 24, 25, 26, 27, 28, 29, 30, 31, 32, 48, 62, 81, 90, 152, 405, 407, 409, 411, 413, 415]
419: [1, 2, 3, 17, 18, 19, 20, 21, 22, 23, 24, 25, 26, 27, 28, 29, 30, 31, 32, 48, 62, 81, 90, 152, 405, 407, 409, 411, 413, 415, 417]
420: [1, 2, 3, 4, 5, 6, 7, 8, 9, 10, 11, 12, 13, 14, 15, 16, 17, 75, 76, 77, 78, 79, 92, 399]
421: [1, 2, 3, 4, 5, 6, 7, 8, 9, 10, 11, 12, 13, 14, 15, 16, 17, 75, 76, 77, 78, 79, 92, 399, 420]
422: [1, 2, 3, 4, 5, 6, 7, 8, 9, 10, 11, 12, 13, 14, 15, 16, 17, 75, 76, 77, 78, 79, 92, 399, 420, 421]
423: [1, 2, 3, 4, 5, 6, 7, 8, 9, 10, 11, 12, 13, 14, 15, 16, 17, 75, 76, 77, 78, 79, 92, 399, 420, 421, 422]
424: [1, 2, 3, 4, 5, 6, 7, 8, 9, 10, 11, 12, 13, 14, 15, 16, 17, 75, 76, 77, 78, 79, 92, 399, 420, 421]
425: [1, 2, 3, 4, 5, 6, 7, 8, 9, 10, 11, 12, 13, 14, 15, 16, 17, 75, 76, 77, 78, 79, 92, 399, 420, 421, 424]
426: [1, 2, 3, 4, 5, 6, 7, 8, 9, 10, 11, 12, 13, 14, 15, 16, 17, 75, 76, 77, 78, 79, 92, 399, 420, 421, 424, 425]
427: [1, 2, 3, 4, 5, 6, 7, 8, 9, 10, 11, 12, 13, 14, 15, 16, 17, 75, 76, 77, 78, 79, 92, 399, 420, 421, 424, 425]
428: [1, 2, 3, 4, 5, 6, 7, 8, 9, 10, 11, 12, 13, 14, 15, 16, 17, 75, 76, 77, 78, 79, 92, 399, 420, 421, 425]
429: [1, 2, 3, 4, 5, 6, 7, 8, 9, 10, 11, 12, 13, 14, 15, 16, 17, 75, 76, 77, 78, 79, 92, 399, 420, 425]
430: [1, 2, 3, 4, 5, 6, 7, 8, 9, 10, 11, 12, 13, 14, 15, 16, 17, 75, 76, 77, 78, 79, 92, 399, 420, 425]
431: [1, 2, 3, 4, 5, 6, 7, 8, 9, 10, 11, 12, 13, 14, 15, 16, 17, 75, 76, 77, 78, 79, 92, 399, 420, 425, 430]
432: [1, 2, 3, 4, 5, 6, 7, 8, 9, 10, 11, 12, 13, 14, 15, 16, 17, 75, 76, 77, 78, 79, 92, 399, 420, 425, 430, 431]
433: [1, 2, 3, 4, 5, 6, 7, 8, 9, 10, 11, 12, 13, 14, 15, 16, 17, 75, 76, 77, 78, 79, 92, 399, 420, 425, 430]
434: [1, 2, 3, 4, 5, 6, 7, 8, 9, 10, 11, 12, 13, 14, 15, 16, 17, 75, 76, 77, 78, 79, 92, 399, 420, 425, 430, 433]
435: [1, 2, 3, 4, 5, 6, 7, 8, 9, 10, 11, 12, 13, 14, 15, 16, 17, 75, 76, 77, 78, 79, 92, 399, 420, 430, 433]
436: [1, 2, 3, 4, 5, 6, 7, 8, 9, 10, 11, 12, 13, 14, 15, 16, 17, 75, 76, 77, 78, 79, 92, 399, 420, 430]
437: [1, 2, 3, 4, 5, 6, 7, 8, 9, 10, 11, 12, 13, 14, 15, 16, 17, 75, 76, 77, 78, 79, 92, 399, 420]
438: [1, 2, 3, 4, 5, 6, 7, 8, 9, 10, 11, 12, 13, 14, 15, 16, 17, 75, 76, 77, 78, 79, 92, 399, 420]
439: [1, 2, 3, 4, 5, 6, 7, 8, 9, 10, 11, 12, 13, 14, 15, 16, 17, 75, 76, 77, 78, 79, 92, 399, 420, 438]
440: [1, 2, 3, 4, 5, 6, 7, 8, 9, 10, 11, 12, 13, 14, 15, 16, 17, 75, 76, 77, 78, 79, 92, 399, 420, 438, 439]
441: [1, 2, 3, 4, 5, 6, 7, 8, 9, 10, 11, 12, 13, 14, 15, 16, 17, 75, 76, 77, 78, 79, 92, 399, 420, 438, 439, 440]
442: [1, 2, 3, 4, 5, 6, 7, 8, 9, 10, 11, 12, 13, 14, 15, 16, 17, 75, 76, 77, 78, 79, 92, 399, 420, 438, 439]
443: [1, 2, 3, 4, 5, 6, 7, 8, 9, 10, 11, 12, 13, 14, 15, 16, 17, 75, 76, 77, 78, 79, 92, 399, 420, 438, 439]
444: [1, 2, 3, 4, 5, 6, 7, 8, 9, 10, 11, 12, 13, 14, 15, 16, 17, 75, 76, 77, 78, 79, 92, 399, 420, 438]
445: [1, 2, 3, 4, 5, 6, 7, 8, 9, 10, 11, 12, 13, 14, 15, 16, 17, 75, 76, 77, 78, 79, 92, 399, 420, 438, 444]
446: [1, 2, 3, 4, 5, 6, 7, 8, 9, 10, 11, 12, 13, 14, 15, 16, 17, 75, 76, 77, 78, 79, 92, 399, 420, 438]
447: [1, 2, 3, 4, 5, 6, 7, 8, 9, 10, 11, 12, 13, 14, 15, 16, 17, 75, 76, 77, 78, 79, 92, 399, 438, 446]
448: [1, 2, 3, 4, 5, 6, 7, 8, 9, 10, 11, 12, 13, 14, 15, 16, 17, 75, 76, 77, 78, 79, 92, 399, 438, 446, 447]
449: [1, 2, 3, 4, 5, 6, 7, 8, 9, 10, 11, 12, 13, 14, 15, 16, 17, 75, 76, 77, 78, 79, 92, 399, 438, 446]
450: [1, 2, 3, 4, 5, 6, 7, 8, 9, 10, 11, 12, 13, 14, 15, 16, 17, 75, 76, 77, 78, 79, 92, 399, 438]
451: [1, 2, 3, 4, 5, 6, 7, 8, 9, 10, 11, 12, 13, 14, 15, 16, 17, 75, 76, 77, 78, 79, 92, 399]
453: [1, 2, 3, 17, 18, 19, 20, 21, 22, 23, 24, 25, 26, 27, 28, 29, 30, 31, 32, 48, 62, 81, 90, 152, 405, 407, 409, 411, 413, 415, 417]
454: [1, 2, 3, 17, 18, 19, 20, 21, 22, 23, 24, 25, 26, 27, 28, 29, 30, 31, 32, 48, 81, 90, 152]
455: [1, 2, 3, 17, 18, 19, 20, 21, 22, 23, 24, 25, 26, 27, 28, 29, 30, 31, 32, 48, 81, 90, 152, 454]
456: [1, 2, 3, 17, 18, 19, 20, 21, 22, 23, 24, 25, 26, 27, 28, 29, 30, 31, 32, 48, 81, 90, 152]
457: [1, 2, 3, 17, 18, 19, 20, 21, 22, 23, 24, 25, 26, 27, 28, 29, 30, 31, 32, 48, 81, 90, 152, 456]
458: [1, 2, 3, 17, 18, 19, 20, 21, 22, 23, 24, 25, 26, 27, 28, 29, 30, 31, 32, 48, 81, 90, 152, 457]
459: [1, 2, 3, 17, 18, 19, 20, 21, 22, 23, 24, 25, 26, 27, 28, 29, 30, 31, 32, 48, 81, 90, 152, 458]
460: [1, 2, 3, 17, 18, 19, 20, 21, 22, 23, 24, 25, 26, 27, 28, 29, 30, 31, 32, 48, 81, 90, 152, 458, 459]
461: [1, 2, 3, 17, 18, 19, 20, 21, 22, 23, 24, 25, 26, 27, 28, 29, 30, 31, 32, 48, 81, 90, 152, 458, 459, 460]
462: [1, 2, 3, 4, 5, 6, 7, 8, 9, 10, 11, 12, 13, 14, 15, 16, 17, 75, 76, 77, 78, 79, 92]
463: [1, 2, 3, 4, 5, 6, 7, 8, 9, 10, 11, 12, 13, 14, 15, 16, 17, 75, 76, 77, 78, 79, 92, 462]
464: [1, 2, 3, 17, 18, 19, 20, 21, 22, 23, 24, 25, 26, 27, 28, 29, 30, 31, 32, 48, 81, 90, 152, 459]
465: [1, 2, 3, 17, 18, 19, 20, 21, 22, 23, 24, 25, 26, 27, 28, 29, 30, 31, 32, 48, 81, 90, 152, 459, 464]
466: [1, 2, 3, 17, 18, 19, 20, 21, 22, 23, 24, 25, 26, 27, 28, 29, 30, 31, 32, 48, 81, 90, 152, 459, 464, 465]
467: [1, 2, 3, 17, 18, 19, 20, 21, 22, 23, 24, 25, 26, 27, 28, 29, 30, 31, 32, 48, 81, 90, 152, 459, 464]
468: [1, 2, 3, 17, 18, 19, 20, 21, 22, 23, 24, 25, 26, 27, 28, 29, 30, 31, 32, 48, 81, 90, 152, 459, 467]
469: [1, 2, 3, 17, 18, 19, 20, 21, 22, 23, 24, 25, 26, 27, 28, 29, 30, 31, 32, 48, 81, 90, 152, 459]
470: [1, 2, 3, 17, 18, 19, 20, 21, 22, 23, 24, 25, 26, 27, 28, 29, 30, 31, 32, 48, 81, 90, 152]
471: [1, 2, 3, 17, 18, 19, 20, 21, 22, 23, 24, 25, 26, 27, 28, 29, 30, 31, 32, 48, 81, 90, 152]
472: [1, 2, 3, 17, 18, 19, 20, 21, 22, 23, 24, 25, 26, 27, 28, 29, 30, 31, 32, 48, 81, 90, 152, 471]
473: [1, 2, 3, 4, 5, 6, 7, 8, 9, 10, 11, 12, 13, 14, 15, 16, 17, 75, 76, 77, 78, 79, 92, 462, 463]
474: [1, 2, 3, 4, 5, 6, 7, 8, 9, 10, 11, 12, 13, 14, 15, 16, 17, 75, 76, 77, 78, 79, 92, 462, 463, 473]
475: [1, 2, 3, 4, 5, 6, 7, 8, 9, 10, 11, 12, 13, 14, 15, 16, 17, 75, 76, 77, 78, 79, 92, 462, 463]
476: [1, 2, 3, 4, 5, 6, 7, 8, 9, 10, 11, 12, 13, 14, 15, 16, 17, 75, 76, 77, 78, 79, 92, 462, 463]
477: [1, 2, 3, 4, 5, 6, 7, 8, 9, 10, 11, 12, 13, 14, 15, 16, 17, 75, 76, 77, 78, 79, 92, 462]
478: [1, 2, 3, 17, 18, 19, 20, 21, 22, 23, 24, 25, 26, 27, 28, 29, 30, 31, 32, 48, 81, 90, 152, 471]
479: [1, 2, 3, 17, 18, 19, 20, 21, 22, 23, 24, 25, 26, 27, 28, 29, 30, 31, 32, 48, 81, 90, 152, 471]
480: [1, 2, 3, 4, 5, 6, 7, 8, 9, 10, 11, 12, 13, 14, 15, 16, 17, 75, 76, 77, 78, 79, 92, 462]
481: [1, 2, 3, 4, 5, 6, 7, 8, 9, 10, 11, 12, 13, 14, 15, 16, 17, 75, 76, 77, 78, 79, 92, 462, 480]
482: [1, 2, 3, 4, 5, 6, 7, 8, 9, 10, 11, 12, 13, 14, 15, 16, 17, 75, 76, 77, 78, 79, 92, 462, 480, 481]
483: [1, 2, 3, 4, 5, 6, 7, 8, 9, 10, 11, 12, 13, 14, 15, 16, 17, 75, 76, 77, 78, 79, 92, 462, 480]
484: [1, 2, 3, 4, 5, 6, 7, 8, 9, 10, 11, 12, 13, 14, 15, 16, 17, 75, 76, 77, 78, 79, 92, 480]
485: [1, 2, 3, 4, 5, 6, 7, 8, 9, 10, 11, 12, 13, 14, 15, 16, 17, 75, 76, 77, 78, 79, 92]
486: [1, 2, 3, 17, 18, 19, 20, 21, 22, 23, 24, 25, 26, 27, 28, 29, 30, 31, 32, 48, 81, 90, 152]
487: [1, 2, 3, 17, 18, 19, 20, 21, 22, 23, 24, 25, 26, 27, 28, 29, 30, 31, 32, 48, 59, 60, 61, 81, 90, 152]
490: [1, 2, 3, 17, 18, 19, 20, 21, 22, 23, 24, 25, 26, 27, 28, 29, 30, 31, 32, 48, 59, 60, 81, 90, 152, 487]
491: [1, 2, 3, 17, 18, 19, 20, 21, 22, 23, 24, 25, 26, 27, 28, 29, 30, 31, 32, 48, 59, 60, 81, 90, 152, 487, 490]
492: [1, 2, 3, 4, 5, 6, 7, 8, 9, 10, 11, 12, 13, 14, 15, 16, 17, 75, 76, 77, 78, 79, 92]
493: [1, 2, 3, 17, 18, 19, 20, 21, 22, 23, 24, 25, 26, 27, 28, 29, 30, 31, 32, 48, 59, 60, 81, 90, 152, 487, 491]
494: [1, 2, 3, 17, 18, 19, 20, 21, 22, 23, 24, 25, 26, 27, 28, 29, 30, 31, 32, 48, 59, 60, 81, 90, 152, 487, 491]
495: [1, 2, 3, 17, 18, 19, 20, 21, 22, 23, 24, 25, 26, 27, 28, 29, 30, 31, 32, 48, 59, 60, 81, 90, 152, 487, 491, 494]
498: [1, 2, 3, 17, 18, 19, 20, 21, 22, 23, 24, 25, 26, 27, 28, 29, 30, 31, 32, 48, 59, 60, 81, 90, 152, 487]
499: [1, 2, 3, 17, 18, 19, 20, 21, 22, 23, 24, 25, 26, 27, 28, 29, 30, 31, 32, 48, 59, 60, 81, 90, 152, 487, 491, 494]
500: [1, 2, 3, 17, 18, 19, 20, 21, 22, 23, 24, 25, 26, 27, 28, 29, 30, 31, 32, 48, 59, 60, 81, 90, 152, 487, 491, 494, 499]
501: [1, 2, 3, 17, 18, 19, 20, 21, 22, 23, 24, 25, 26, 27, 28, 29, 30, 31, 32, 48, 59, 60, 81, 90, 152, 487, 491, 494]
502: [1, 2, 3, 17, 18, 19, 20, 21, 22, 23, 24, 25, 26, 27, 28, 29, 30, 31, 32, 48, 59, 60, 81, 90, 152, 487, 491, 501]
503: [1, 2, 3, 17, 18, 19, 20, 21, 22, 23, 24, 25, 26, 27, 28, 29, 30, 31, 32, 48, 59, 60, 81, 90, 152, 487, 491]
504: [1, 2, 3, 17, 18, 19, 20, 21, 22, 23, 24, 25, 26, 27, 28, 29, 30, 31, 32, 48, 59, 60, 61, 81, 90, 152, 487, 491]
505: [1, 2, 3, 17, 18, 19, 20, 21, 22, 23, 24, 25, 26, 27, 28, 29, 30, 31, 32, 48, 59, 60, 81, 90, 152, 487, 491, 504]
506: [1, 2, 3, 17, 18, 19, 20, 21, 22, 23, 24, 25, 26, 27, 28, 29, 30, 31, 32, 48, 59, 60, 61, 81, 90, 152, 487, 491, 504]
507: [1, 2, 3, 17, 18, 19, 20, 21, 22, 23, 24, 25, 26, 27, 28, 29, 30, 31, 32, 48, 59, 60, 81, 90, 152, 487, 491, 504, 506]
508: [1, 2, 3, 17, 18, 19, 20, 21, 22, 23, 24, 25, 26, 27, 28, 29, 30, 31, 32, 48, 59, 60, 61, 81, 90, 152, 487, 491, 504, 506]
509: [1, 2, 3, 17, 18, 19, 20, 21, 22, 23, 24, 25, 26, 27, 28, 29, 30, 31, 32, 48, 59, 60, 81, 90, 152, 487, 491, 504, 506, 508]
510: [1, 2, 3, 17, 18, 19, 20, 21, 22, 23, 24, 25, 26, 27, 28, 29, 30, 31, 32, 48, 59, 60, 61, 81, 90, 152, 487, 504, 506, 508]
512: [1, 2, 3, 4, 5, 6, 7, 8, 9, 10, 11, 12, 13, 14, 15, 16, 17, 75, 76, 77, 78, 79, 92, 492]
513: [1, 2, 3, 4, 5, 6, 7, 8, 9, 10, 11, 12, 13, 14, 15, 16, 17, 75, 76, 77, 78, 79, 92, 492, 512]
514: [1, 2, 3, 4, 5, 6, 7, 8, 9, 10, 11, 12, 13, 14, 15, 16, 17, 75, 76, 77, 78, 79, 92, 492, 512, 513]
515: [1, 2, 3, 4, 5, 6, 7, 8, 9, 10, 11, 12, 13, 14, 15, 16, 17, 75, 76, 77, 78, 79, 92, 492, 512]
516: [1, 2, 3, 4, 5, 6, 7, 8, 9, 10, 11, 12, 13, 14, 15, 16, 17, 75, 76, 77, 78, 79, 92, 492, 512]
517: [1, 2, 3, 4, 5, 6, 7, 8, 9, 10, 11, 12, 13, 14, 15, 16, 17, 75, 76, 77, 78, 79, 92, 492]
519: [1, 2, 3, 17, 18, 19, 20, 21, 22, 23, 24, 25, 26, 27, 28, 29, 30, 31, 32, 48, 59, 60, 61, 81, 90, 152, 487, 504, 506, 508, 510]
520: [1, 2, 3, 17, 18, 19, 20, 21, 22, 23, 24, 25, 26, 27, 28, 29, 30, 31, 32, 48, 56, 81, 90, 152]
521: [1, 2, 3, 17, 18, 19, 20, 21, 22, 23, 24, 25, 26, 27, 28, 29, 30, 31, 32, 39, 40, 41, 48, 56, 57, 81, 90, 152]
522: [1, 2, 3, 17, 18, 19, 20, 21, 22, 23, 24, 25, 26, 27, 28, 29, 30, 31, 32, 48, 56, 81, 90, 152, 521]
523: [1, 2, 3, 17, 18, 19, 20, 21, 22, 23, 24, 25, 26, 27, 28, 29, 30, 31, 32, 48, 56, 81, 90, 152, 521, 522]
524: [1, 2, 3, 17, 18, 19, 20, 21, 22, 23, 24, 25, 26, 27, 28, 29, 30, 31, 32, 48, 56, 81, 90, 152, 521, 522, 523]
525: [1, 2, 3, 17, 18, 19, 20, 21, 22, 23, 24, 25, 26, 27, 28, 29, 30, 31, 32, 39, 40, 41, 48, 56, 57, 81, 90, 152, 521, 523]
526: [1, 2, 3, 17, 18, 19, 20, 21, 22, 23, 24, 25, 26, 27, 28, 29, 30, 31, 32, 39, 41, 48, 56, 57, 81, 90, 152, 521, 525]
527: [1, 2, 3, 17, 18, 19, 20, 21, 22, 23, 24, 25, 26, 27, 28, 29, 30, 31, 32, 48, 56, 81, 90, 152, 521, 525, 526]
528: [1, 2, 3, 4, 5, 6, 7, 8, 9, 10, 11, 12, 13, 14, 15, 16, 17, 75, 76, 77, 78, 79, 92]
529: [1, 2, 3, 17, 18, 19, 20, 21, 22, 23, 24, 25, 26, 27, 28, 29, 30, 31, 32, 48, 56, 81, 90, 152, 521, 525, 526]
530: [1, 2, 3, 4, 5, 6, 7, 8, 9, 10, 11, 12, 13, 14, 15, 16, 17, 75, 76, 77, 78, 79, 92, 528]
531: [1, 2, 3, 17, 18, 19, 20, 21, 22, 23, 24, 25, 26, 27, 28, 29, 30, 31, 32, 41, 48, 56, 81, 90, 152, 521, 525, 526]
532: [1, 2, 3, 4, 5, 6, 7, 8, 9, 10, 11, 12, 13, 14, 15, 16, 17, 75, 76, 77, 78, 79, 92]
533: [1, 2, 3, 4, 5, 6, 7, 8, 9, 10, 11, 12, 13, 14, 15, 16, 17, 75, 76, 77, 78, 79, 92, 532]
534: [1, 2, 3, 4, 5, 6, 7, 8, 9, 10, 11, 12, 13, 14, 15, 16, 17, 75, 76, 77, 78, 79, 92]
535: [1, 2, 3, 4, 5, 6, 7, 8, 9, 10, 11, 12, 13, 14, 15, 16, 17, 75, 76, 77, 78, 79, 92, 534]
536: [1, 2, 3, 4, 5, 6, 7, 8, 9, 10, 11, 12, 13, 14, 15, 16, 17, 75, 76, 77, 78, 79, 92]
538: [1, 2, 3, 17, 18, 19, 20, 21, 22, 23, 24, 25, 26, 27, 28, 29, 30, 31, 32, 41, 48, 56, 81, 90, 152, 521, 525, 526]
540: [1, 2, 3, 17, 18, 19, 20, 21, 22, 23, 24, 25, 26, 27, 28, 29, 30, 31, 32, 39, 41, 48, 56, 81, 90, 152, 521, 525, 526]
541: [1, 2, 3, 17, 18, 19, 20, 21, 22, 23, 24, 25, 26, 27, 28, 29, 30, 31, 32, 39, 41, 48, 56, 81, 90, 152, 521, 525, 526, 540]
542: [1, 2, 3, 17, 18, 19, 20, 21, 22, 23, 24, 25, 26, 27, 28, 29, 30, 31, 32, 39, 41, 48, 56, 81, 90, 152, 521, 525, 526]
543: [1, 2, 3, 17, 18, 19, 20, 21, 22, 23, 24, 25, 26, 27, 28, 29, 30, 31, 32, 39, 48, 56, 81, 90, 152, 521, 525, 526, 542]
544: [1, 2, 3, 17, 18, 19, 20, 21, 22, 23, 24, 25, 26, 27, 28, 29, 30, 31, 32, 39, 48, 56, 81, 90, 152, 521, 525, 526]
545: [1, 2, 3, 17, 18, 19, 20, 21, 22, 23, 24, 25, 26, 27, 28, 29, 30, 31, 32, 39, 48, 56, 81, 90, 152, 521, 525, 526, 544]
546: [1, 2, 3, 17, 18, 19, 20, 21, 22, 23, 24, 25, 26, 27, 28, 29, 30, 31, 32, 39, 48, 56, 57, 81, 90, 152, 521, 525, 526, 545]
547: [1, 2, 3, 17, 18, 19, 20, 21, 22, 23, 24, 25, 26, 27, 28, 29, 30, 31, 32, 39, 48, 56, 81, 90, 152, 521, 525, 526, 546]
548: [1, 2, 3, 17, 18, 19, 20, 21, 22, 23, 24, 25, 26, 27, 28, 29, 30, 31, 32, 39, 48, 56, 81, 90, 152, 521, 525, 526, 546, 547]
549: [1, 2, 3, 17, 18, 19, 20, 21, 22, 23, 24, 25, 26, 27, 28, 29, 30, 31, 32, 39, 48, 56, 57, 81, 90, 152, 521, 525, 526, 546]
551: [1, 2, 3, 4, 5, 6, 7, 8, 9, 10, 11, 12, 13, 14, 15, 16, 17, 75, 76, 77, 78, 79, 92]
553: [1, 2, 3, 17, 18, 19, 20, 21, 22, 23, 24, 25, 26, 27, 28, 29, 30, 31, 32, 39, 48, 56, 57, 81, 90, 152, 521, 525, 526, 546, 549]
554: [1, 2, 3, 17, 18, 19, 20, 21, 22, 23, 24, 25, 26, 27, 28, 29, 30, 31, 32, 39, 48, 56, 81, 90, 152, 521, 525]
556: [1, 2, 3, 17, 18, 19, 20, 21, 22, 23, 24, 25, 26, 27, 28, 29, 30, 31, 32, 39, 41, 48, 56, 81, 90, 152, 521, 525]
557: [1, 2, 3, 17, 18, 19, 20, 21, 22, 23, 24, 25, 26, 27, 28, 29, 30, 31, 32, 39, 40, 48, 56, 81, 90, 152, 521, 525]
558: [1, 2, 3, 17, 18, 19, 20, 21, 22, 23, 24, 25, 26, 27, 28, 29, 30, 31, 32, 39, 48, 56, 81, 90, 152, 521, 525, 557]
559: [1, 2, 3, 17, 18, 19, 20, 21, 22, 23, 24, 25, 26, 27, 28, 29, 30, 31, 32, 39, 48, 56, 81, 90, 152, 521, 525, 557]
560: [1, 2, 3, 17, 18, 19, 20, 21, 22, 23, 24, 25, 26, 27, 28, 29, 30, 31, 32, 39, 40, 48, 56, 58, 81, 90, 152, 521, 525, 557]
562: [1, 2, 3, 17, 18, 19, 20, 21, 22, 23, 24, 25, 26, 27, 28, 29, 30, 31, 32, 39, 40, 48, 56, 81, 90, 152, 521, 525, 557, 560]
563: [1, 2, 3, 17, 18, 19, 20, 21, 22, 23, 24, 25, 26, 27, 28, 29, 30, 31, 32, 39, 40, 48, 56, 81, 90, 152, 521, 525, 557, 560, 562]
564: [1, 2, 3, 17, 18, 19, 20, 21, 22, 23, 24, 25, 26, 27, 28, 29, 30, 31, 32, 39, 40, 48, 56, 81, 90, 152, 521, 525, 557, 560]
565: [1, 2, 3, 17, 18, 19, 20, 21, 22, 23, 24, 25, 26, 27, 28, 29, 30, 31, 32, 39, 40, 48, 56, 81, 90, 152, 521, 557, 560, 564]
566: [1, 2, 3, 17, 18, 19, 20, 21, 22, 23, 24, 25, 26, 27, 28, 29, 30, 31, 32, 39, 40, 48, 56, 81, 90, 152, 521, 557, 560]
567: [1, 2, 3, 17, 18, 19, 20, 21, 22, 23, 24, 25, 26, 27, 28, 29, 30, 31, 32, 39, 40, 48, 56, 81, 90, 152, 521, 557, 560, 566]
568: [1, 2, 3, 17, 18, 19, 20, 21, 22, 23, 24, 25, 26, 27, 28, 29, 30, 31, 32, 39, 40, 48, 56, 81, 90, 152, 521, 557, 560, 566, 567]
569: [1, 2, 3, 17, 18, 19, 20, 21, 22, 23, 24, 25, 26, 27, 28, 29, 30, 31, 32, 39, 40, 48, 56, 81, 90, 152, 521, 557, 560, 566]
570: [1, 2, 3, 17, 18, 19, 20, 21, 22, 23, 24, 25, 26, 27, 28, 29, 30, 31, 32, 39, 40, 48, 56, 81, 90, 152, 521, 560, 566, 569]
571: [1, 2, 3, 17, 18, 19, 20, 21, 22, 23, 24, 25, 26, 27, 28, 29, 30, 31, 32, 39, 40, 48, 56, 81, 90, 152, 521, 560, 566]
572: [1, 2, 3, 17, 18, 19, 20, 21, 22, 23, 24, 25, 26, 27, 28, 29, 30, 31, 32, 39, 40, 48, 56, 58, 81, 90, 152, 560, 566, 571]
573: [1, 2, 3, 17, 18, 19, 20, 21, 22, 23, 24, 25, 26, 27, 28, 29, 30, 31, 32, 39, 40, 48, 56, 58, 81, 90, 152, 560, 571, 572]
575: [1, 2, 3, 17, 18, 19, 20, 21, 22, 23, 24, 25, 26, 27, 28, 29, 30, 31, 32, 39, 40, 48, 56, 58, 81, 90, 152, 560, 573]
576: [1, 2, 3, 17, 18, 19, 20, 21, 22, 23, 24, 25, 26, 27, 28, 29, 30, 31, 32, 39, 40, 48, 56, 58, 81, 90, 152, 560, 573, 575]
577: [1, 2, 3, 17, 18, 19, 20, 21, 22, 23, 24, 25, 26, 27, 28, 29, 30, 31, 32, 39, 40, 48, 56, 58, 81, 90, 152, 560, 573]
578: [1, 2, 3, 4, 5, 6, 7, 8, 9, 10, 11, 12, 13, 14, 15, 16, 17, 75, 76, 77, 78, 79, 92]
580: [1, 2, 3, 17, 18, 19, 20, 21, 22, 23, 24, 25, 26, 27, 28, 29, 30, 31, 32, 39, 40, 48, 56, 58, 81, 90, 152, 560, 573, 577]
581: [1, 2, 3, 17, 18, 19, 20, 21, 22, 23, 24, 25, 26, 27, 28, 29, 30, 31, 32, 39, 48, 56, 81, 90, 152]
582: [1, 2, 3, 17, 18, 19, 20, 21, 22, 23, 24, 25, 26, 27, 28, 29, 30, 31, 32, 39, 48, 56, 81, 90, 152]
584: [1, 2, 3, 4, 5, 6, 7, 8, 9, 10, 11, 12, 13, 14, 15, 16, 17, 75, 76, 77, 78, 79, 92]
585: [1, 2, 3, 4, 5, 6, 7, 8, 9, 10, 11, 12, 13, 14, 15, 16, 17, 75, 76, 77, 78, 79, 92]
586: [1, 2, 3, 17, 18, 19, 20, 21, 22, 23, 24, 25, 26, 27, 28, 29, 30, 31, 32, 39, 48, 56, 81, 90, 152]
587: [1, 2, 3, 17, 18, 19, 20, 21, 22, 23, 24, 25, 26, 27, 28, 29, 30, 31, 32, 39, 48, 56, 81, 90, 152]
591: [1, 2, 3, 17, 18, 19, 20, 21, 22, 23, 24, 25, 26, 27, 28, 29, 30, 31, 32, 45, 48, 52, 53, 81, 90, 152]
594: [1, 2, 3, 17, 18, 19, 20, 21, 22, 23, 24, 25, 26, 27, 28, 29, 30, 31, 32, 45, 48, 52, 81, 90, 152, 591]
595: [1, 2, 3, 17, 18, 19, 20, 21, 22, 23, 24, 25, 26, 27, 28, 29, 30, 31, 32, 45, 48, 52, 53, 81, 90, 152, 591, 594]
596: [1, 2, 3, 17, 18, 19, 20, 21, 22, 23, 24, 25, 26, 27, 28, 29, 30, 31, 32, 45, 48, 52, 81, 90, 152, 591, 595]
597: [1, 2, 3, 17, 18, 19, 20, 21, 22, 23, 24, 25, 26, 27, 28, 29, 30, 31, 32, 45, 48, 52, 81, 90, 152, 591, 595, 596]
600: [1, 2, 3, 17, 18, 19, 20, 21, 22, 23, 24, 25, 26, 27, 28, 29, 30, 31, 32, 45, 48, 52, 81, 90, 152, 591]
601: [1, 2, 3, 4, 5, 6, 7, 8, 9, 10, 11, 12, 13, 14, 15, 16, 17, 75, 76, 77, 78, 79, 80, 92, 140, 141]
602: [1, 2, 3, 17, 18, 19, 20, 21, 22, 23, 24, 25, 26, 27, 28, 29, 30, 31, 32, 45, 48, 52, 81, 90, 152, 591, 595, 596]
603: [1, 2, 3, 17, 18, 19, 20, 21, 22, 23, 24, 25, 26, 27, 28, 29, 30, 31, 32, 45, 48, 52, 81, 90, 152, 591, 595, 596, 602]
604: [1, 2, 3, 17, 18, 19, 20, 21, 22, 23, 24, 25, 26, 27, 28, 29, 30, 31, 32, 45, 48, 52, 81, 90, 152, 591, 595, 596]
605: [1, 2, 3, 17, 18, 19, 20, 21, 22, 23, 24, 25, 26, 27, 28, 29, 30, 31, 32, 45, 48, 52, 81, 90, 152, 591, 595, 604]
606: [1, 2, 3, 17, 18, 19, 20, 21, 22, 23, 24, 25, 26, 27, 28, 29, 30, 31, 32, 45, 48, 52, 81, 90, 152, 591, 595]
607: [1, 2, 3, 17, 18, 19, 20, 21, 22, 23, 24, 25, 26, 27, 28, 29, 30, 31, 32, 45, 48, 52, 53, 81, 90, 152, 591, 595]
608: [1, 2, 3, 17, 18, 19, 20, 21, 22, 23, 24, 25, 26, 27, 28, 29, 30, 31, 32, 45, 48, 52, 53, 81, 90, 152, 591, 595, 607]
610: [1, 2, 3, 17, 18, 19, 20, 21, 22, 23, 24, 25, 26, 27, 28, 29, 30, 31, 32, 45, 48, 52, 53, 81, 90, 152, 591, 595, 607]
611: [1, 2, 3, 17, 18, 19, 20, 21, 22, 23, 24, 25, 26, 27, 28, 29, 30, 31, 32, 45, 48, 52, 53, 81, 90, 152, 591, 595, 607, 610]
612: [1, 2, 3, 17, 18, 19, 20, 21, 22, 23, 24, 25, 26, 27, 28, 29, 30, 31, 32, 45, 48, 52, 53, 81, 90, 152, 591, 595, 607, 610]
613: [1, 2, 3, 17, 18, 19, 20, 21, 22, 23, 24, 25, 26, 27, 28, 29, 30, 31, 32, 45, 48, 52, 53, 81, 90, 152, 591, 595, 607, 610, 612]
614: [1, 2, 3, 4, 5, 6, 7, 8, 9, 10, 11, 12, 13, 14, 15, 16, 17, 75, 76, 77, 78, 79, 80, 92, 140, 141, 601]
615: [1, 2, 3, 4, 5, 6, 7, 8, 9, 10, 11, 12, 13, 14, 15, 16, 17, 75, 76, 77, 78, 79, 80, 92, 140, 141, 601, 614]
616: [1, 2, 3, 4, 5, 6, 7, 8, 9, 10, 11, 12, 13, 14, 15, 16, 17, 75, 76, 77, 78, 79, 80, 92, 140, 141, 601]
617: [1, 2, 3, 4, 5, 6, 7, 8, 9, 10, 11, 12, 13, 14, 15, 16, 17, 75, 76, 77, 78, 79, 80, 92, 140, 141, 601]
618: [1, 2, 3, 4, 5, 6, 7, 8, 9, 10, 11, 12, 13, 14, 15, 16, 17, 75, 76, 77, 78, 79, 80, 92, 140, 141, 601, 617]
619: [1, 2, 3, 4, 5, 6, 7, 8, 9, 10, 11, 12, 13, 14, 15, 16, 17, 75, 76, 77, 78, 79, 80, 92, 140, 141, 601]
621: [1, 2, 3, 17, 18, 19, 20, 21, 22, 23, 24, 25, 26, 27, 28, 29, 30, 31, 32, 45, 48, 52, 53, 81, 90, 152, 591, 595, 607, 610, 612]