[METADATA]
File: le450_25c.col
Description: SOURCE: Craig Morgenstern (morgenst@riogrande.cs.tcu.edu)  DESCRIPTION: This is a Leighton graph as described in F.T. Leighton. Journal of Research of the National Bureau of Standards, vol. 84, no. 6,  Nov-Dec 1979, pp 489-505.   Leighton graph data structure     : sparse graph gen seed     : 247337 number of vertices : 450 max number of edges: 50000 number of classes  : 25 a c m              : 8401 6859 420175 clique vector      :     clique sz     num cliques ---------     ----------- 2          3118 7            94 16            63 25            31 Leighton's proof : 25 coloring  Graph Stats number of vertices  : 450 nonisolated vertices: 450 number of edges     : 17343 edge density        : 0.171670 max degree          : 179 avg degree          : 77.08 min degree          : 7

[GCP_DATA_INFO]
Type: GCP, Graph Coloring Problem
Node: 450
Edge: 17343

[ADJACENCY_List]
6: [4]
9: [5]
10: [2, 3]
11: [5, 8, 9]
12: [3]
13: [8, 9, 11]
14: [13]
15: [13]
16: [9, 13, 15]
17: [2, 3, 5, 10]
18: [9]
19: [1]
20: [2, 7, 9, 16, 17, 19]
21: [12]
22: [2, 6, 10, 20, 21]
23: [8, 10, 22]
24: [2, 3, 15, 22]
25: [5, 7, 9, 20]
26: [9, 16]
27: [3, 4, 6, 18]
28: [12, 24]
29: [2]
30: [3, 8, 10, 11, 12, 13, 17, 19, 21, 27, 28]
31: [5, 15, 16, 17, 26, 27, 29]
32: [19, 30]
33: [1, 2, 9, 13, 22, 24, 28]
34: [4, 13, 18]
35: [5, 9, 11, 15, 21, 22]
36: [21, 22, 27, 31, 35]
37: [5, 9, 10, 15, 21, 25, 35, 36]
38: [15, 23, 27, 35, 37]
39: [3, 5, 10, 13, 15, 16, 27, 30, 31, 36]
40: [1, 4, 8, 22, 23, 24, 27, 28, 30, 38]
41: [2, 3, 5, 9, 11, 18, 24, 33, 34, 35]
42: [4, 7, 27, 38, 40]
43: [7, 13, 16, 20, 23, 25, 39]
44: [39, 40]
45: [2, 24, 25, 33, 36, 41, 43]
46: [2, 4, 17, 27, 29, 30, 32, 40, 42]
47: [4, 6, 7, 17, 20, 25, 27, 33, 36, 37, 40, 43, 46]
48: [4, 10, 34, 37, 39]
49: [13, 15, 16, 20, 33, 36, 37, 39, 47]
50: [3, 9, 13, 17, 24, 28, 33, 46, 47]
51: [6, 17, 22, 27, 32, 33, 38, 40, 42, 46, 48, 49]
52: [5, 9, 25, 26, 29, 31, 36, 37, 48, 50, 51]
53: [6, 10, 12, 22, 23, 35, 39, 48, 51]
54: [31, 45]
55: [3, 10, 21, 22, 23, 35, 36, 39, 48, 53]
56: [4, 13, 15, 16, 23, 32, 35, 37, 38, 39, 46, 48, 49, 51]
57: [4, 28, 40, 42, 46, 48]
58: [4, 10, 40, 42, 46, 48, 51, 52, 57]
59: [16, 18, 20, 22, 23, 26, 27, 31, 38, 41, 47]
60: [8, 30, 36, 37, 39, 47, 49, 55]
61: [2, 3, 10, 22, 27, 38, 40, 42, 43, 44, 45, 50, 51]
62: [16, 20, 21, 22, 26, 31, 35, 36, 55, 59]
63: [2, 15, 17, 19, 24, 31, 32, 33, 41, 45, 46, 47, 50, 54]
64: [1, 4, 10, 19, 27, 30, 36, 37, 46, 47, 49, 60]
65: [1, 3, 19, 20, 24, 27, 33, 45, 54]
66: [4, 9, 23, 26, 34, 40, 42, 43, 46, 48, 56, 57, 58, 61, 64]
67: [6, 8, 9, 13, 22, 23, 33, 40, 46, 47, 50, 51, 53]
68: [6, 21, 22, 27, 28, 30, 35, 36, 40, 55, 62]
69: [5, 17, 22, 23, 31, 33, 38, 40, 49, 51, 55, 56, 60, 66]
70: [3, 10, 11, 16, 17, 21, 22, 26, 30, 31, 35, 36, 54, 55, 59, 62, 68]
71: [3, 7, 10, 17, 20, 25, 30, 39, 42, 43, 47, 58, 60, 70]
72: [11, 41, 54, 68]
73: [39, 57]
74: [6, 10, 22, 33, 38, 47, 51, 67, 69]
75: [2, 23, 27, 29, 37, 38, 40, 42, 46, 48, 51, 56, 61, 66, 69]
76: [7, 17, 28, 42, 55, 58, 60, 67, 69]
77: [36]
78: [4, 5, 9, 10, 11, 33, 35, 40, 41, 42, 46, 57, 58, 66, 74]
79: [2, 5, 9, 10, 17, 19, 20, 24, 25, 31, 32, 33, 37, 41, 45, 49, 52, 63, 69, 78]
80: [1, 39, 44]
81: [4, 13, 15, 20, 34, 39, 43, 49, 79]
82: [20, 23, 27, 33, 34, 39, 40, 48, 56, 62, 66, 69, 74, 75, 78]
83: [6, 15, 22, 23, 27, 31, 38, 40, 42, 44, 45, 51, 54, 55, 61, 65, 69, 75]
84: [4, 8, 11, 13, 18, 23, 30, 48, 54, 55, 57, 63, 64, 69, 83]
85: [1, 26, 33, 49, 51, 69, 76]
86: [9, 13, 33, 45, 50, 54, 65, 67, 72, 83]
87: [9, 22, 23, 26, 40, 48, 55, 57, 66, 68, 69, 72, 83, 84]
88: [4, 21, 22, 25, 29, 35, 36, 45, 48, 54, 55, 56, 62, 68, 70, 72, 79, 86]
89: [2, 3, 6, 7, 17, 20, 27, 35, 37, 42, 47, 48, 51, 52, 57, 58, 65, 67, 74, 75, 76]
90: [2, 3, 7, 10, 11, 17, 20, 24, 25, 30, 33, 41, 43, 45, 46, 47, 61, 63, 67, 68, 70, 71, 72, 79]
91: [2, 7, 20, 29, 32, 46, 62, 75, 82]
92: [32, 46, 51, 56, 68, 72, 87]
93: [3, 19, 27, 30, 38, 40, 42, 46, 51, 61, 64, 65, 75, 83, 89]
94: [2, 8, 10, 17, 21, 22, 35, 36, 46, 47, 50, 55, 60, 61, 62, 63, 68, 70, 71, 78, 79, 85, 88]
95: [27, 31, 37, 38, 48, 54, 57, 63, 68, 75, 84, 87, 89]
96: [5, 8, 9, 11, 13, 17, 23, 25, 30, 31, 35, 38, 41, 45, 59, 64, 69, 78, 79, 84, 88]
97: [4, 13, 27, 34, 38, 39, 40, 42, 43, 51, 61, 69, 74, 75, 81, 83, 88, 93]
98: [2, 4, 8, 11, 13, 24, 28, 29, 30, 31, 33, 40, 41, 42, 45, 46, 52, 57, 58, 63, 66, 78, 79, 84, 90, 96]
99: [6, 8, 9, 11, 13, 22, 30, 33, 47, 50, 51, 53, 67, 84, 86, 96, 98]
100: [16, 41, 64, 66, 91]
101: [2, 6, 7, 8, 20, 22, 24, 25, 33, 40, 41, 43, 44, 45, 47, 55, 60, 61, 63, 68, 71, 79, 90, 98, 99]
102: [11, 36, 37, 41, 46, 47, 49, 55, 60, 64, 67, 69, 72, 75, 76, 88, 90]
103: [2, 5, 7, 10, 12, 17, 19, 20, 23, 25, 29, 30, 31, 39, 43, 44, 46, 47, 48, 56, 57, 66, 69, 71, 75, 79, 80, 82, 83, 84, 87, 90, 91, 93, 94, 96, 101]
104: [3, 17, 24, 27, 30, 31, 36, 39, 41, 46, 47, 50, 60, 63, 71, 94]
105: [3, 10, 13, 24, 26, 27, 29, 31, 33, 34, 36, 39, 41, 43, 49, 51, 52, 58, 69, 74, 78, 81, 82, 85, 97, 98, 104]
106: [21, 22, 24, 27, 33, 35, 36, 37, 47, 49, 55, 59, 60, 62, 64, 68, 70, 72, 87, 88, 92, 94, 97, 99, 102]
107: [2, 9, 17, 20, 26, 27, 28, 30, 40, 46, 54, 63, 64, 66, 67, 68, 84, 87, 89, 90, 93, 95, 102]
108: [4, 7, 11, 17, 40, 41, 42, 47, 72, 76, 89, 90, 102]
109: [2, 50, 75, 93, 100, 102]
110: [4, 5, 9, 13, 14, 17, 31, 33, 48, 50, 57, 67, 69, 79, 84, 86, 87, 96, 97, 99, 103]
111: [3, 9, 16, 20, 24, 41, 45, 104, 105]
112: [3, 5, 9, 11, 17, 19, 24, 28, 30, 31, 35, 39, 40, 41, 44, 53, 68, 69, 78, 79, 80, 93, 96, 103, 104, 105, 107, 110, 111]
113: [4, 7, 11, 20, 23, 25, 36, 37, 41, 43, 47, 49, 56, 60, 64, 66, 69, 71, 72, 75, 82, 90, 97, 101, 102, 103, 106, 108, 110]
114: [2, 17, 19, 29, 32, 46, 48, 57, 63, 75, 79, 84, 87, 91, 103, 110]
115: [3, 6, 24, 31, 41, 56, 81, 104, 105, 111, 112]
116: [4, 5, 17, 21, 22, 23, 31, 35, 36, 43, 55, 62, 64, 68, 69, 70, 79, 84, 88, 94, 96, 103, 106, 110, 112]
117: [4, 9, 26, 37, 38, 47, 48, 51, 56, 66, 87, 88, 95, 97, 107, 110, 113]
118: [2, 4, 10, 20, 22, 32, 34, 54, 59, 61, 63, 64, 84, 91, 94, 95, 107, 109, 116]
119: [4, 8, 10, 23, 40, 42, 46, 57, 58, 66, 67, 78, 98, 112]
120: [23, 28, 30, 31, 40, 54, 55, 68, 69, 83, 84, 87, 107, 112]
121: [5, 9, 12, 13, 14, 23, 25, 26, 30, 37, 39, 48, 52, 62, 66, 75, 79, 82, 87, 89, 95, 107, 110, 112, 116, 117]
122: [32, 43, 45, 61, 68, 81, 90, 106]
123: [5, 9, 25, 27, 37, 47, 50, 52, 57, 59, 79, 87, 88, 95, 102, 106, 121]
124: [1, 3, 8, 10, 17, 28, 30, 33, 40, 43, 45, 61, 65, 68, 70, 71, 76, 90, 107, 112, 115, 120, 122]
125: [16, 22, 23, 28, 30, 40, 55, 68, 69, 83, 84, 87, 88, 102, 107, 109, 112, 120, 123, 124]
126: [3, 20, 22, 23, 24, 27, 40, 41, 55, 60, 62, 68, 69, 82, 83, 84, 87, 90, 91, 104, 105, 111, 112, 115, 120, 122, 125]
127: [4, 8, 11, 20, 21, 22, 34, 35, 36, 37, 43, 45, 48, 55, 59, 62, 68, 70, 72, 75, 79, 81, 87, 88, 89, 90, 92, 93, 94, 95, 97, 99, 101, 106, 116, 118, 121, 122, 126]
128: [1, 9, 16, 17, 20, 68, 72, 80, 87, 92, 106, 111, 114, 127]
129: [6, 8, 22, 23, 34, 40, 51, 53, 67, 99, 119]
130: [7, 9, 13, 14, 20, 25, 26, 39, 43, 47, 66, 71, 82, 87, 90, 96, 101, 103, 107, 110, 113, 117, 121]
131: [2, 3, 10, 17, 20, 22, 30, 33, 59, 70, 71, 74, 80, 89, 90, 107, 115, 118, 124, 127]
132: [2, 3, 39, 43, 55, 64, 66, 100, 125]
133: [3, 10, 17, 30, 38, 42, 51, 69, 70, 71, 74, 90, 97, 99, 124, 131]
134: [4, 10, 25, 26, 27, 32, 39, 40, 42, 44, 46, 48, 52, 53, 55, 57, 58, 66, 78, 80, 82, 91, 93, 98, 103, 105, 112, 118, 119, 126]
135: [23, 46, 56, 66, 67, 68, 69, 72, 75, 82, 87, 90, 92, 102, 103, 106, 107, 113, 127, 128]
136: [7, 8, 13, 20, 25, 39, 43, 45, 47, 52, 68, 71, 72, 77, 79, 81, 87, 88, 90, 92, 96, 97, 99, 101, 102, 103, 105, 106, 113, 127, 128, 130, 135]
137: [3, 4, 23, 39, 43, 45, 48, 50, 51, 52, 53, 58, 61, 64, 82, 84, 89, 90, 96, 114, 116, 118, 121, 122, 124, 130]
138: [1, 15, 19, 31, 55, 57, 60, 64, 69, 72, 76, 83, 87, 95, 102, 123]
139: [4, 7, 20, 23, 25, 26, 43, 47, 48, 52, 56, 71, 80, 88, 90, 101, 103, 105, 113, 117, 130, 134, 136]
140: [4, 6, 22, 31, 61, 83, 97, 101, 120, 124]
141: [10, 19, 26, 30, 37, 39, 43, 45, 48, 51, 52, 53, 55, 58, 61, 75, 89, 90, 93, 95, 103, 105, 112, 121, 122, 124, 127, 134, 137, 139]
142: [22, 24, 38, 51, 69, 74, 83, 97, 106, 108, 133]
143: [2, 4, 5, 8, 9, 11, 16, 20, 26, 34, 35, 37, 41, 45, 48, 54, 59, 65, 66, 70, 75, 78, 81, 83, 86, 87, 89, 95, 96, 97, 99, 101, 107, 111, 112, 117, 121, 127, 128, 130, 136, 141]
144: [2, 8, 11, 12, 13, 15, 17, 20, 21, 30, 31, 33, 37, 48, 63, 74, 75, 78, 82, 84, 89, 95, 96, 98, 99, 105, 107, 121, 127, 131, 141, 143]
145: [2, 8, 29, 46, 54, 64, 75, 86, 91, 99, 101, 103, 111, 114, 127, 136, 143]
146: [12, 17, 23, 37, 53, 56, 62, 66, 69, 75, 82, 103, 105, 113, 114, 128, 130, 135]
147: [8, 10, 15, 23, 40, 58, 61, 67, 81, 105, 119, 129, 140]
148: [21, 22, 30, 32, 35, 36, 42, 55, 58, 62, 66, 68, 70, 71, 88, 89, 94, 106, 116, 127, 139]
149: [1, 8, 15, 23, 27, 31, 40, 63, 67, 82, 119, 126, 129, 133, 134, 144, 147]
150: [10, 18, 23, 45, 53, 54, 55, 60, 63, 65, 68, 69, 72, 76, 83, 84, 86, 87, 92, 95, 102, 106, 107, 118, 127, 128, 135, 136, 138, 143]
151: [4, 8, 15, 19, 20, 23, 30, 32, 36, 37, 38, 39, 47, 48, 49, 56, 59, 60, 63, 64, 65, 71, 79, 88, 92, 94, 95, 96, 102, 104, 106, 113, 114, 117, 139, 147]
152: [7, 11, 13, 18, 20, 25, 39, 43, 45, 47, 71, 81, 90, 97, 101, 103, 105, 111, 113, 130, 136, 139]
153: [9, 26, 66, 87, 107, 117, 121, 130, 143]
154: [8, 23, 27, 47, 48, 51, 52, 55, 58, 59, 63, 69, 72, 83, 84, 86, 87, 89, 95, 99, 101, 106, 120, 123, 125, 126, 127, 136, 137, 141, 143, 145]
155: [4, 14, 48, 56, 88, 117, 139, 151]
156: [2, 3, 13, 14, 17, 19, 24, 25, 32, 33, 41, 45, 63, 64, 70, 79, 88, 90, 96, 98, 101, 104, 105, 110, 111, 112, 114, 115, 121, 126, 128, 130, 136, 145, 146, 151]
157: [2, 5, 8, 9, 11, 13, 24, 25, 28, 30, 33, 37, 41, 43, 45, 49, 50, 51, 52, 61, 63, 66, 68, 69, 72, 79, 84, 85, 88, 90, 96, 98, 99, 101, 102, 105, 108, 113, 121, 123, 125, 144, 148, 156]
158: [9, 17, 22, 24, 26, 46, 47, 49, 50, 63, 66, 74, 78, 87, 94, 104, 106, 107, 114, 117, 121, 128, 130, 142, 143, 144, 146, 153, 156]
159: [22, 27, 29, 31, 33, 36, 39, 52, 74, 93, 98, 104, 105, 131]
160: [3, 4, 22, 23, 27, 28, 30, 38, 40, 44, 48, 55, 56, 61, 65, 68, 69, 83, 84, 87, 88, 89, 93, 95, 101, 107, 112, 117, 120, 124, 125, 126, 139, 140, 151, 154, 155]
161: [2, 17, 20, 24, 27, 29, 30, 33, 41, 45, 46, 50, 52, 63, 64, 75, 79, 89, 90, 91, 93, 98, 101, 103, 107, 114, 120, 131, 144, 145, 156, 157]
162: [4, 6, 8, 11, 13, 14, 19, 30, 32, 33, 47, 63, 67, 74, 79, 84, 89, 96, 97, 98, 99, 106, 110, 113, 114, 117, 121, 130, 144, 151, 156, 157]
163: [72, 86, 95, 125, 129, 132, 154]
164: [1, 3, 5, 9, 11, 21, 22, 23, 24, 25, 30, 32, 35, 36, 37, 41, 48, 52, 55, 62, 68, 69, 70, 78, 79, 80, 83, 84, 87, 88, 94, 96, 104, 105, 106, 111, 112, 115, 116, 120, 121, 123, 125, 126, 127, 128, 143, 148, 154, 156, 157, 160]
165: [1, 9, 10, 16, 19, 20, 38, 42, 45, 48, 51, 52, 58, 64, 71, 76, 78, 79, 89, 94, 95, 99, 111, 117, 128, 137, 138, 141, 143, 148, 151, 154, 160]
166: [2, 8, 11, 13, 17, 20, 22, 23, 30, 33, 40, 50, 59, 67, 74, 75, 84, 89, 96, 98, 99, 102, 107, 109, 118, 119, 127, 129, 131, 132, 144, 147, 149, 157, 159, 161, 162]
167: [8, 15, 16, 20, 26, 31, 33, 34, 35, 37, 38, 45, 48, 49, 51, 52, 54, 56, 58, 59, 60, 62, 65, 69, 70, 82, 83, 85, 86, 89, 91, 94, 105, 126, 137, 141, 143, 150, 151, 154, 157, 165]
168: [1, 2, 11, 19, 24, 28, 29, 33, 41, 45, 46, 55, 57, 60, 63, 64, 67, 69, 72, 75, 76, 79, 88, 90, 91, 98, 101, 102, 103, 107, 108, 113, 114, 123, 125, 127, 132, 135, 138, 145, 150, 156, 157, 161, 165]
169: [2, 16, 24, 26, 31, 33, 41, 45, 59, 62, 63, 64, 70, 78, 79, 90, 98, 101, 135, 140, 145, 156, 157, 160, 161, 167, 168]
170: [11, 28, 36, 40, 41, 44, 54, 57, 61, 72, 86, 88, 90, 98, 101, 102, 108, 113, 140, 147, 154, 157, 160, 163, 168]
171: [3, 5, 8, 23, 26, 27, 28, 34, 40, 52, 57, 65, 67, 89, 93, 98, 105, 119, 129, 134, 139, 141, 147, 149, 160, 166, 167, 168, 170]
172: [1, 4, 19, 20, 45, 49, 54, 64, 65, 79, 81, 83, 84, 86, 116, 118, 125, 132, 137, 138, 143, 150, 163, 165, 167, 168]
173: [3, 9, 13, 14, 15, 16, 20, 27, 32, 39, 44, 49, 56, 57, 64, 65, 80, 89, 91, 93, 103, 111, 112, 128, 134, 143, 157, 160, 165, 171]
174: [4, 8, 23, 47, 56, 60, 66, 69, 75, 82, 94, 97, 103, 108, 110, 113, 117, 133, 135, 146, 151, 162, 167]
175: [2, 8, 11, 13, 17, 19, 20, 27, 30, 39, 43, 46, 48, 57, 64, 81, 84, 87, 89, 93, 95, 96, 97, 98, 99, 103, 105, 107, 110, 112, 114, 123, 131, 136, 138, 141, 144, 152, 157, 161, 162, 166]
176: [2, 3, 8, 17, 20, 23, 27, 35, 40, 42, 60, 65, 67, 89, 93, 107, 117, 119, 129, 131, 144, 147, 149, 160, 161, 166, 171, 173, 175]
177: [11, 25, 45, 57, 79, 87, 88, 95, 96, 123, 136, 138, 156, 175]
178: [2, 17, 20, 80, 87, 89, 98, 107, 131, 144, 161, 166, 169, 175, 176]
179: [2, 15, 17, 20, 28, 30, 31, 35, 37, 38, 40, 45, 56, 63, 68, 70, 86, 89, 95, 107, 112, 120, 124, 125, 131, 144, 149, 160, 161, 163, 166, 167, 175, 176, 178]
180: [2, 14, 24, 28, 33, 41, 45, 50, 63, 79, 90, 98, 101, 156, 157, 161, 168, 169]
181: [20, 45, 46, 62, 67, 79, 82, 90, 91, 102, 107, 125, 126, 127, 132, 135, 136, 147, 163, 167, 168, 172]
182: [4, 8, 23, 29, 31, 34, 40, 41, 48, 52, 55, 56, 67, 69, 73, 83, 84, 87, 88, 98, 105, 117, 119, 120, 123, 125, 126, 129, 139, 147, 149, 151, 154, 155, 159, 160, 164, 166, 171, 176]
183: [1, 2, 5, 10, 17, 20, 22, 31, 40, 44, 61, 69, 79, 80, 89, 94, 96, 101, 103, 107, 110, 112, 116, 118, 128, 131, 140, 144, 160, 161, 164, 166, 169, 170, 175, 176, 178, 179]
184: [19, 20, 30, 32, 33, 36, 37, 47, 49, 60, 62, 64, 74, 78, 82, 91, 93, 102, 103, 105, 106, 112, 113, 122, 126, 141, 144, 145, 151, 156, 167, 169, 175, 181]
185: [2, 3, 7, 9, 24, 26, 33, 38, 41, 42, 45, 51, 58, 63, 66, 69, 74, 76, 79, 87, 89, 90, 97, 98, 101, 104, 105, 107, 108, 111, 112, 115, 117, 121, 126, 130, 133, 142, 143, 153, 156, 157, 158, 161, 164, 165, 168, 169, 180]
186: [4, 13, 15, 16, 20, 22, 23, 30, 39, 40, 49, 56, 60, 64, 68, 69, 71, 84, 87, 104, 116, 118, 125, 126, 137, 145, 151, 156, 157, 160, 169, 172, 173, 184]
187: [2, 7, 17, 20, 33, 42, 49, 51, 64, 69, 76, 85, 88, 89, 96, 102, 105, 107, 108, 123, 125, 131, 144, 153, 157, 161, 166, 167, 168, 175, 176, 178, 179, 183, 185]
188: [2, 20, 29, 31, 45, 46, 49, 52, 54, 65, 72, 75, 79, 81, 83, 86, 91, 98, 103, 104, 105, 114, 143, 145, 150, 159, 161, 165, 167, 168, 172, 182]
189: [6, 8, 22, 23, 40, 46, 50, 51, 53, 56, 66, 67, 69, 75, 82, 88, 90, 99, 102, 103, 107, 113, 116, 119, 121, 123, 125, 129, 135, 137, 146, 147, 148, 149, 157, 166, 168, 171, 174, 176, 181, 182, 187]
190: [8, 9, 11, 13, 14, 17, 30, 33, 50, 64, 67, 84, 86, 96, 98, 99, 101, 110, 114, 121, 127, 128, 130, 136, 143, 144, 145, 146, 154, 156, 157, 158, 162, 166, 169, 175, 181, 184, 186]
191: [2, 7, 27, 30, 32, 46, 48, 50, 57, 64, 75, 82, 84, 87, 93, 95, 103, 107, 110, 114, 123, 132, 138, 161, 168, 175, 177, 189]
192: [10, 15, 19, 20, 26, 27, 30, 32, 36, 37, 39, 40, 47, 49, 52, 60, 63, 64, 65, 71, 79, 82, 94, 102, 103, 104, 105, 106, 113, 114, 126, 134, 139, 141, 147, 149, 151, 156, 162, 171, 184, 186]
193: [2, 17, 20, 38, 45, 46, 47, 50, 51, 62, 63, 69, 74, 82, 86, 89, 91, 94, 97, 104, 107, 126, 131, 133, 142, 144, 158, 161, 166, 167, 175, 176, 178, 179, 181, 183, 184, 185, 187]
194: [10, 13, 14, 23, 35, 36, 37, 46, 47, 49, 53, 60, 64, 78, 85, 89, 102, 106, 110, 113, 121, 130, 135, 150, 151, 156, 160, 162, 184, 190, 192]
195: [10, 11, 19, 27, 29, 30, 47, 48, 51, 52, 58, 59, 81, 89, 93, 103, 105, 106, 112, 123, 137, 141, 147, 154, 165, 167, 175, 184]
196: [5, 10, 58, 88, 98, 102, 105, 123, 125, 135, 147, 157, 162, 168, 169, 178, 187, 189, 195]
197: [13, 55, 57, 60, 63, 69, 76, 81, 87, 88, 95, 102, 113, 123, 125, 138, 150, 157, 163, 168, 175, 177, 179, 187, 189, 191, 196]
198: [11, 18, 32, 33, 34, 41, 43, 49, 51, 69, 72, 80, 84, 85, 90, 102, 105, 108, 113, 131, 150, 157, 167, 168, 170, 171, 178, 187]
199: [9, 13, 14, 16, 20, 26, 31, 38, 59, 62, 64, 70, 95, 108, 110, 111, 117, 121, 128, 130, 143, 145, 151, 156, 160, 162, 165, 167, 169, 173, 184, 186, 190, 194]
200: [4, 11, 13, 15, 16, 20, 39, 41, 49, 56, 59, 61, 62, 64, 66, 72, 82, 84, 90, 91, 102, 108, 113, 116, 118, 126, 137, 141, 157, 166, 167, 168, 170, 172, 173, 181, 184, 186, 193, 198]
201: [28, 30, 35, 40, 68, 74, 107, 112, 120, 124, 125, 135, 158, 160, 179]
202: [3, 8, 11, 13, 23, 24, 30, 41, 55, 69, 83, 84, 87, 96, 98, 99, 104, 105, 111, 112, 115, 120, 125, 126, 144, 154, 156, 157, 160, 162, 164, 166, 175, 182, 185, 190, 193]
203: [2, 8, 10, 15, 22, 23, 31, 33, 40, 44, 49, 51, 55, 61, 62, 63, 67, 69, 71, 83, 84, 85, 87, 94, 105, 118, 119, 120, 125, 126, 129, 144, 147, 149, 154, 157, 160, 164, 166, 167, 171, 176, 179, 182, 183, 186, 187, 189, 198, 202]
204: [2, 6, 10, 20, 22, 23, 27, 33, 38, 40, 42, 47, 51, 61, 62, 68, 69, 72, 74, 75, 82, 83, 87, 90, 91, 92, 93, 94, 97, 99, 101, 106, 118, 122, 125, 126, 127, 128, 132, 133, 135, 136, 138, 142, 150, 160, 162, 163, 167, 172, 181, 183, 184, 185, 186, 193, 200, 203]
205: [9, 14, 16, 20, 43, 45, 48, 57, 61, 84, 87, 90, 98, 103, 110, 111, 114, 122, 124, 128, 137, 141, 143, 165, 173, 175, 178, 191, 196, 199]
206: [1, 32, 43, 45, 47, 61, 68, 90, 97, 117, 122, 124, 126, 127, 137, 141, 147, 149, 174, 184, 190, 204, 205]
207: [1, 5, 6, 9, 11, 19, 23, 35, 41, 47, 55, 64, 67, 74, 75, 78, 89, 96, 102, 109, 112, 138, 141, 143, 145, 156, 162, 164, 165, 166, 168, 169, 171, 172, 184, 186, 190, 199]
208: [9, 16, 20, 23, 37, 38, 56, 64, 66, 69, 75, 82, 95, 103, 111, 113, 117, 128, 135, 137, 143, 145, 146, 151, 156, 160, 165, 169, 173, 174, 184, 186, 189, 190, 199, 205, 207]
209: [10, 17, 23, 27, 30, 46, 47, 50, 52, 53, 63, 64, 75, 93, 94, 104, 107, 125, 132, 150, 158, 161, 163, 172, 175, 181, 191, 193, 194, 204]
210: [1, 16, 26, 31, 59, 62, 70, 80, 131, 137, 167, 169, 178, 198, 199, 208]
211: [18, 19, 20, 23, 28, 30, 40, 41, 55, 59, 62, 65, 68, 69, 82, 83, 84, 87, 91, 107, 112, 120, 124, 125, 126, 145, 151, 154, 160, 164, 167, 179, 181, 182, 184, 192, 193, 200, 201, 202, 203, 204]
212: [7, 10, 19, 20, 23, 25, 32, 43, 47, 53, 71, 80, 90, 91, 98, 101, 103, 113, 130, 131, 136, 139, 150, 152, 153, 173, 178, 194, 196, 198, 203, 205, 209, 210]
213: [4, 6, 27, 40, 43, 45, 47, 61, 64, 84, 90, 108, 116, 117, 118, 122, 124, 137, 141, 147, 172, 174, 186, 200, 205, 206]
214: [10, 16, 22, 23, 26, 31, 32, 38, 40, 42, 53, 58, 59, 62, 69, 70, 71, 87, 96, 122, 123, 125, 126, 148, 150, 151, 160, 165, 167, 169, 184, 186, 194, 199, 203, 204, 206, 209, 210, 212]
215: [2, 17, 20, 27, 33, 47, 59, 81, 89, 99, 106, 107, 123, 131, 144, 154, 161, 162, 166, 175, 176, 178, 179, 181, 183, 187, 193, 195, 199, 204]
216: [7, 32, 46, 50, 51, 52, 56, 92, 161, 175, 209]
217: [1, 9, 16, 20, 22, 23, 26, 35, 37, 38, 40, 59, 64, 68, 69, 87, 89, 90, 96, 99, 111, 118, 122, 125, 126, 127, 128, 131, 143, 145, 151, 156, 160, 165, 166, 169, 173, 184, 186, 190, 194, 199, 203, 204, 205, 206, 207, 208, 214]
218: [8, 10, 11, 13, 23, 30, 36, 37, 39, 40, 44, 47, 48, 49, 53, 55, 59, 60, 61, 64, 69, 75, 80, 83, 84, 87, 96, 98, 99, 101, 102, 103, 106, 109, 112, 113, 120, 125, 126, 134, 141, 144, 151, 154, 157, 160, 162, 164, 166, 170, 173, 175, 182, 183, 184, 190, 192, 194, 202, 203, 207, 211]
219: [1, 5, 6, 9, 10, 11, 22, 30, 32, 33, 35, 39, 41, 43, 45, 46, 47, 51, 53, 55, 56, 60, 61, 65, 67, 71, 74, 78, 89, 90, 92, 96, 99, 101, 104, 112, 122, 124, 129, 137, 141, 143, 151, 162, 164, 168, 178, 186, 189, 192, 205, 206, 207, 213, 216]
220: [2, 3, 23, 27, 29, 34, 38, 40, 46, 56, 59, 65, 66, 67, 69, 75, 82, 89, 90, 93, 96, 102, 103, 107, 109, 113, 118, 126, 129, 134, 135, 146, 149, 151, 160, 168, 171, 173, 174, 176, 181, 189, 192, 208, 214, 217]
221: [3, 24, 33, 41, 43, 45, 47, 48, 49, 51, 57, 61, 62, 69, 84, 85, 87, 90, 99, 103, 104, 105, 106, 110, 111, 112, 114, 115, 122, 124, 126, 137, 141, 156, 157, 162, 164, 167, 175, 185, 187, 191, 198, 202, 203, 204, 205, 206, 213, 215, 219]
222: [13, 20, 27, 38, 40, 46, 56, 62, 63, 67, 81, 82, 90, 91, 95, 102, 107, 117, 126, 134, 135, 149, 151, 160, 165, 167, 168, 181, 184, 189, 192, 193, 199, 200, 204, 208, 211, 220]
223: [19, 24, 28, 32, 33, 43, 45, 46, 50, 51, 55, 56, 60, 61, 71, 90, 91, 92, 94, 101, 103, 118, 122, 124, 132, 134, 137, 141, 157, 168, 180, 203, 205, 206, 212, 213, 216, 219, 221]
224: [1, 8, 19, 31, 45, 64, 79, 90, 108, 120, 131, 138, 140, 165, 168, 172, 188, 190, 207, 208, 215]
225: [6, 8, 16, 18, 22, 26, 31, 41, 46, 59, 62, 64, 66, 67, 68, 70, 90, 99, 101, 102, 107, 127, 135, 136, 143, 145, 154, 156, 167, 168, 169, 181, 184, 186, 189, 190, 199, 204, 207, 208, 210, 211, 214, 217, 220, 222]
226: [21, 22, 33, 35, 36, 47, 53, 55, 62, 68, 70, 74, 78, 82, 88, 94, 99, 105, 106, 116, 127, 135, 144, 148, 162, 164, 169, 184, 194, 196, 204, 215, 221]
227: [5, 9, 11, 16, 20, 28, 35, 41, 57, 68, 78, 93, 96, 98, 111, 112, 118, 128, 143, 164, 165, 168, 170, 171, 173, 193, 199, 205, 207, 208, 211, 217, 218, 219]
228: [19, 38, 46, 51, 64, 67, 69, 74, 90, 96, 97, 102, 107, 133, 135, 142, 168, 181, 185, 187, 189, 193, 204, 220, 222, 225]
229: [2, 22, 27, 33, 38, 55, 60, 69, 74, 76, 102, 131, 138, 150, 159, 166, 168, 175, 193, 197]
230: [12, 17, 53, 114, 121, 128, 146, 156, 158, 171, 190, 214, 221]
231: [2, 7, 10, 11, 20, 22, 25, 41, 43, 47, 61, 65, 71, 72, 90, 94, 101, 102, 103, 108, 113, 118, 130, 136, 139, 152, 157, 168, 170, 183, 190, 198, 200, 203, 204, 212]
232: [1, 17, 19, 26, 30, 41, 43, 45, 46, 47, 50, 52, 55, 60, 61, 63, 69, 76, 80, 90, 93, 94, 102, 103, 104, 105, 112, 114, 122, 124, 128, 134, 137, 138, 139, 141, 146, 150, 156, 158, 164, 166, 168, 171, 175, 183, 184, 190, 192, 193, 195, 197, 205, 206, 209, 213, 219, 221, 223, 229, 230]
233: [4, 13, 14, 17, 43, 45, 47, 61, 90, 97, 99, 110, 113, 117, 121, 122, 124, 130, 137, 141, 156, 162, 174, 190, 194, 199, 205, 206, 213, 217, 219, 221, 223, 232]
234: [3, 5, 17, 25, 27, 31, 38, 40, 42, 45, 48, 51, 52, 58, 61, 65, 68, 69, 75, 79, 83, 88, 89, 90, 93, 96, 97, 103, 110, 112, 116, 122, 126, 127, 136, 137, 141, 154, 156, 160, 165, 167, 171, 173, 176, 177, 183, 195, 204, 206, 217, 220]
235: [8, 11, 12, 13, 24, 28, 30, 33, 37, 39, 42, 44, 48, 50, 53, 64, 71, 75, 80, 83, 84, 89, 95, 96, 98, 99, 103, 112, 121, 127, 134, 141, 143, 144, 145, 146, 156, 157, 162, 166, 169, 173, 175, 180, 184, 186, 190, 199, 202, 207, 208, 217, 218, 223, 225, 230]
236: [20, 46, 67, 90, 102, 107, 120, 127, 135, 152, 168, 177, 181, 189, 202, 220, 222, 225, 228]
237: [3, 10, 39, 48, 53, 55, 71, 78, 96, 134, 141, 218]
238: [3, 16, 19, 20, 26, 27, 31, 35, 37, 40, 45, 59, 62, 65, 70, 82, 86, 89, 93, 126, 134, 143, 147, 149, 151, 160, 167, 169, 171, 172, 173, 176, 192, 194, 199, 210, 211, 214, 217, 220, 222, 225, 234]
239: [12, 23, 43, 45, 53, 61, 90, 105, 122, 124, 130, 137, 141, 146, 155, 180, 205, 206, 213, 219, 221, 223, 230, 232, 233, 235]
240: [6, 10, 16, 22, 26, 27, 31, 36, 39, 47, 51, 53, 56, 59, 62, 67, 68, 70, 74, 89, 99, 101, 104, 105, 129, 133, 159, 162, 167, 169, 189, 199, 204, 207, 210, 214, 219, 225, 238]
241: [3, 4, 13, 18, 30, 34, 39, 42, 43, 50, 58, 60, 61, 68, 71, 72, 81, 84, 87, 92, 97, 104, 105, 106, 123, 127, 128, 135, 136, 137, 143, 148, 150, 151, 152, 165, 175, 186, 189, 192, 198, 204, 214, 219]
242: [13, 14, 78, 110, 121, 126, 130, 135, 144, 156, 158, 162, 169, 183, 190, 194, 196, 199, 208, 226, 233]
243: [9, 23, 34, 38, 59, 72, 77, 84, 86, 96, 151, 154, 163, 170, 202, 214, 217, 220]
244: [20, 21, 23, 37, 38, 48, 51, 52, 53, 58, 59, 62, 82, 89, 91, 96, 114, 126, 137, 141, 151, 153, 154, 165, 167, 178, 181, 184, 193, 195, 198, 200, 204, 205, 211, 214, 217, 220, 221, 222, 234, 243]
245: [13, 15, 16, 29, 31, 39, 49, 52, 56, 98, 105, 111, 136, 159, 161, 173, 182, 186, 188, 200, 211, 229, 236]
246: [12, 15, 20, 33, 35, 37, 38, 50, 56, 57, 62, 68, 72, 74, 78, 80, 82, 87, 89, 91, 92, 95, 105, 106, 112, 123, 126, 127, 128, 132, 135, 136, 138, 144, 150, 167, 173, 175, 177, 179, 181, 184, 189, 191, 193, 194, 197, 200, 204, 205, 211, 217, 222, 223, 226, 238, 241, 244]
247: [8, 45, 48, 51, 52, 56, 58, 79, 89, 99, 101, 108, 127, 136, 137, 141, 143, 145, 154, 156, 165, 167, 174, 181, 190, 195, 225, 234, 244]
248: [1, 7, 20, 25, 32, 43, 47, 71, 80, 90, 101, 103, 113, 122, 128, 130, 132, 136, 139, 152, 164, 183, 184, 189, 206, 212, 214, 231, 232, 239]
249: [4, 11, 15, 19, 20, 22, 23, 31, 32, 34, 40, 41, 46, 47, 51, 56, 65, 67, 69, 72, 81, 83, 87, 90, 92, 97, 102, 107, 108, 113, 115, 125, 126, 127, 135, 138, 143, 147, 151, 157, 160, 167, 168, 170, 171, 181, 186, 189, 192, 198, 200, 203, 204, 208, 211, 213, 214, 216, 217, 219, 220, 222, 223, 225, 228, 231, 236, 238, 241]
250: [19, 23, 27, 32, 33, 36, 37, 38, 43, 47, 49, 51, 55, 59, 60, 63, 64, 69, 74, 78, 79, 82, 85, 96, 102, 105, 106, 113, 114, 122, 123, 132, 144, 151, 154, 156, 157, 159, 162, 167, 184, 187, 192, 194, 195, 198, 203, 206, 207, 214, 215, 217, 218, 220, 221, 223, 226, 243, 244, 246, 248]
251: [10, 15, 34, 35, 37, 38, 56, 89, 94, 103, 135, 142, 167, 171, 179, 192, 194, 198, 217, 235, 238, 242, 246, 249]
252: [18, 28, 30, 40, 43, 54, 63, 66, 68, 84, 86, 93, 95, 107, 112, 118, 120, 124, 125, 132, 150, 160, 179, 201, 211]
253: [34, 38, 42, 62, 71, 95, 117, 151, 160, 162, 165, 167, 171, 187, 198, 199, 208, 222, 235, 249, 251]
254: [2, 10, 13, 14, 23, 38, 46, 58, 59, 61, 67, 90, 96, 102, 105, 107, 109, 110, 118, 121, 130, 135, 140, 145, 147, 151, 156, 162, 168, 170, 181, 189, 190, 194, 195, 196, 199, 214, 217, 220, 222, 225, 228, 233, 236, 242, 243, 244, 249, 250]
255: [2, 4, 16, 21, 23, 25, 26, 29, 31, 37, 38, 40, 42, 45, 46, 57, 58, 59, 62, 66, 70, 71, 75, 78, 79, 88, 91, 96, 98, 103, 114, 119, 121, 134, 136, 145, 148, 151, 156, 161, 165, 167, 168, 169, 177, 188, 199, 210, 214, 217, 220, 225, 234, 238, 240, 241, 243, 244, 250, 254]
256: [3, 8, 11, 13, 19, 20, 27, 30, 35, 37, 38, 39, 60, 65, 71, 84, 89, 93, 96, 98, 99, 104, 144, 151, 157, 160, 162, 166, 171, 173, 175, 176, 186, 190, 192, 194, 202, 211, 217, 218, 219, 220, 229, 234, 235, 238, 241, 246, 249, 251]
257: [3, 9, 13, 15, 16, 18, 20, 24, 34, 39, 41, 49, 56, 84, 104, 105, 111, 112, 115, 126, 128, 141, 143, 150, 156, 164, 165, 167, 171, 173, 185, 186, 198, 199, 200, 202, 205, 208, 217, 221, 223, 227, 241, 245, 249, 251, 253]
258: [10, 24, 49, 68, 74, 78, 79, 90, 94, 99, 122, 126, 127, 165, 204, 206, 217, 234, 235, 242]
259: [1, 11, 19, 27, 30, 32, 55, 60, 64, 68, 95, 101, 138, 148, 152, 164, 165, 168, 172, 207, 219, 223, 224]
260: [2, 17, 19, 20, 32, 33, 44, 47, 63, 74, 78, 79, 82, 89, 99, 105, 106, 107, 114, 131, 144, 151, 156, 161, 162, 166, 169, 175, 176, 178, 179, 183, 184, 187, 192, 193, 201, 204, 215, 221, 226, 246, 250, 251]
261: [4, 6, 15, 20, 22, 27, 29, 31, 34, 35, 37, 38, 40, 47, 52, 56, 59, 81, 82, 97, 98, 105, 118, 126, 127, 131, 134, 143, 149, 159, 166, 167, 179, 182, 188, 192, 213, 217, 220, 222, 238, 241, 245, 246, 249, 251]
262: [2, 4, 10, 23, 24, 33, 38, 41, 42, 45, 48, 56, 58, 59, 63, 66, 71, 79, 88, 90, 96, 98, 101, 105, 117, 139, 147, 148, 151, 155, 156, 157, 160, 161, 165, 168, 169, 171, 180, 182, 185, 189, 195, 196, 207, 214, 217, 220, 241, 243, 244, 250, 254, 255]
263: [2, 10, 22, 23, 33, 45, 46, 47, 55, 58, 61, 67, 68, 69, 72, 83, 84, 86, 87, 90, 92, 99, 102, 105, 106, 107, 109, 118, 120, 125, 126, 127, 128, 135, 136, 140, 147, 150, 154, 160, 162, 164, 168, 170, 179, 181, 182, 189, 193, 195, 196, 202, 203, 204, 211, 215, 218, 220, 221, 222, 225, 226, 228, 229, 236, 241, 246, 247, 249, 254, 260, 262]
264: [8, 11, 13, 16, 28, 30, 33, 34, 40, 41, 43, 54, 55, 60, 63, 68, 69, 74, 76, 78, 80, 82, 84, 95, 96, 98, 99, 101, 102, 105, 107, 112, 118, 120, 123, 124, 125, 130, 138, 144, 150, 157, 160, 162, 166, 168, 175, 179, 182, 184, 190, 197, 201, 202, 207, 211, 218, 219, 223, 226, 229, 232, 235, 246, 248, 250, 252, 256, 259, 260]
265: [17, 38, 45, 46, 47, 50, 51, 54, 55, 60, 63, 69, 74, 76, 84, 86, 94, 95, 97, 102, 104, 107, 118, 133, 138, 142, 150, 158, 168, 172, 185, 193, 197, 199, 204, 209, 228, 229, 232, 238, 252, 264]
266: [1, 4, 17, 19, 43, 46, 47, 48, 50, 55, 56, 60, 63, 64, 69, 76, 88, 94, 102, 104, 117, 138, 139, 150, 151, 155, 157, 158, 160, 165, 168, 172, 175, 182, 193, 197, 198, 207, 209, 224, 229, 232, 250, 259, 262, 264, 265]
267: [1, 6, 10, 22, 23, 33, 47, 53, 55, 58, 69, 74, 78, 82, 83, 84, 87, 99, 105, 106, 108, 120, 125, 126, 131, 133, 140, 144, 150, 154, 159, 160, 162, 164, 166, 174, 182, 184, 194, 202, 203, 204, 209, 211, 212, 214, 215, 218, 221, 226, 229, 240, 246, 247, 250, 260, 263, 264]
268: [9, 13, 33, 50, 61, 67, 86, 99, 110, 122, 190, 202, 204]
269: [12, 53, 80, 131, 137, 146, 153, 178, 185, 198, 208, 210, 212, 230, 235, 239, 260]
270: [4, 29, 61, 86, 104, 111, 129, 136, 229, 254]
271: [27, 32, 38, 40, 80, 82, 95, 117, 122, 126, 134, 149, 151, 160, 165, 184, 192, 199, 205, 206, 208, 214, 220, 222, 238, 248, 250, 253, 261]
272: [1, 9, 10, 16, 17, 20, 29, 31, 45, 52, 56, 78, 79, 80, 94, 98, 105, 111, 114, 128, 143, 146, 156, 158, 159, 164, 165, 173, 181, 182, 183, 188, 190, 199, 205, 208, 213, 217, 224, 227, 230, 232, 245, 248, 257, 258, 261, 263]
273: [2, 3, 7, 17, 19, 20, 24, 26, 32, 35, 37, 39, 41, 42, 52, 55, 63, 64, 66, 76, 79, 89, 100, 104, 105, 107, 108, 111, 112, 114, 115, 126, 128, 131, 132, 134, 139, 141, 144, 146, 151, 156, 158, 161, 162, 164, 166, 168, 171, 175, 176, 178, 179, 183, 185, 187, 190, 191, 192, 193, 194, 202, 215, 217, 221, 230, 232, 238, 246, 250, 251, 256, 257, 260, 272]
274: [7, 15, 23, 38, 42, 55, 59, 68, 69, 72, 76, 81, 83, 84, 87, 89, 92, 96, 106, 108, 120, 125, 126, 127, 128, 132, 135, 136, 147, 150, 151, 154, 160, 163, 164, 172, 181, 182, 185, 187, 195, 202, 203, 204, 208, 209, 211, 214, 217, 218, 220, 241, 243, 244, 246, 250, 254, 255, 262, 263, 267, 273]
275: [29, 30, 31, 39, 52, 59, 60, 68, 71, 98, 104, 105, 151, 159, 182, 184, 186, 188, 191, 192, 216, 219, 241, 245, 256, 261, 266, 272]
276: [5, 9, 11, 35, 41, 42, 46, 67, 68, 72, 78, 87, 90, 92, 96, 102, 106, 107, 112, 127, 128, 135, 136, 143, 150, 164, 168, 181, 189, 204, 207, 219, 220, 222, 225, 227, 228, 236, 241, 246, 249, 254, 263, 274]
277: [10, 16, 18, 19, 23, 26, 31, 32, 41, 53, 59, 62, 63, 70, 79, 86, 111, 114, 150, 151, 156, 162, 167, 169, 192, 194, 199, 209, 210, 211, 212, 214, 225, 238, 240, 250, 255, 260, 267, 273]
278: [6, 7, 20, 42, 47, 62, 67, 74, 76, 82, 89, 91, 108, 126, 162, 167, 169, 181, 184, 185, 187, 193, 194, 198, 200, 204, 207, 211, 219, 222, 240, 244, 246, 269, 273, 274]
279: [3, 10, 13, 16, 17, 26, 27, 30, 31, 38, 45, 57, 59, 62, 68, 70, 71, 86, 87, 90, 95, 117, 123, 124, 131, 133, 138, 143, 145, 151, 160, 165, 167, 169, 170, 172, 175, 177, 191, 197, 199, 208, 210, 214, 222, 225, 238, 240, 246, 253, 255, 259, 265, 271, 277]
280: [7, 10, 19, 22, 23, 32, 35, 40, 42, 53, 63, 69, 76, 79, 87, 89, 108, 114, 125, 126, 150, 151, 156, 160, 162, 185, 186, 187, 192, 194, 203, 204, 209, 212, 214, 217, 226, 249, 250, 260, 267, 273, 274, 277, 278]
281: [8, 9, 10, 13, 16, 20, 33, 38, 48, 50, 51, 52, 58, 65, 67, 78, 79, 86, 89, 94, 95, 99, 101, 110, 111, 117, 127, 128, 136, 137, 141, 143, 145, 151, 154, 160, 165, 167, 173, 190, 195, 197, 199, 205, 208, 217, 222, 225, 227, 234, 244, 247, 253, 257, 258, 268, 271, 272, 279]
282: [10, 27, 37, 39, 41, 42, 47, 48, 51, 52, 53, 55, 58, 59, 71, 73, 75, 89, 95, 98, 106, 121, 123, 127, 134, 137, 141, 143, 144, 148, 154, 165, 167, 173, 195, 214, 215, 218, 234, 235, 237, 241, 244, 247, 250, 255, 262, 281]
283: [4, 7, 13, 20, 21, 22, 24, 25, 27, 35, 36, 43, 47, 48, 55, 56, 57, 59, 62, 68, 70, 71, 84, 87, 88, 90, 92, 94, 101, 103, 106, 110, 113, 114, 116, 117, 118, 123, 127, 130, 131, 136, 139, 148, 151, 152, 154, 155, 160, 164, 166, 175, 182, 191, 195, 205, 212, 215, 217, 221, 222, 226, 231, 248, 250, 261, 262, 266, 282]
284: [6, 8, 11, 13, 15, 16, 21, 22, 23, 35, 36, 39, 40, 41, 45, 46, 49, 55, 56, 62, 67, 68, 70, 72, 86, 88, 90, 94, 101, 102, 106, 107, 108, 113, 116, 119, 127, 129, 135, 147, 148, 149, 157, 164, 166, 168, 170, 171, 173, 176, 179, 181, 182, 186, 189, 193, 198, 200, 203, 204, 220, 222, 225, 226, 228, 231, 236, 240, 245, 249, 250, 254, 257, 263, 275, 276, 283]
285: [8, 28, 51, 76, 99, 101, 114, 124, 126, 127, 136, 137, 143, 144, 145, 154, 190, 205, 221, 225, 244, 247, 269, 281]
286: [2, 3, 4, 6, 13, 22, 23, 27, 34, 40, 42, 46, 56, 57, 58, 65, 66, 68, 69, 75, 78, 82, 89, 93, 95, 98, 101, 103, 109, 113, 118, 119, 129, 134, 135, 146, 160, 171, 173, 174, 176, 189, 204, 208, 220, 225, 234, 238, 240, 254, 255, 256, 263, 284]
287: [8, 23, 30, 34, 39, 40, 42, 55, 60, 64, 67, 71, 101, 104, 119, 129, 135, 145, 147, 149, 151, 156, 166, 167, 168, 169, 171, 176, 182, 184, 186, 189, 190, 192, 196, 198, 199, 203, 207, 208, 217, 219, 223, 225, 226, 228, 235, 241, 242, 244, 249, 251, 253, 256, 257, 259, 264, 275, 278, 284]
288: [5, 6, 9, 10, 22, 25, 27, 28, 30, 37, 40, 47, 48, 51, 52, 58, 59, 68, 78, 79, 83, 89, 94, 104, 106, 107, 112, 120, 121, 123, 124, 125, 129, 137, 140, 141, 147, 154, 157, 160, 164, 165, 167, 179, 195, 201, 211, 215, 234, 244, 247, 250, 252, 258, 264, 267, 272, 281, 282, 283]
289: [5, 19, 30, 32, 46, 51, 56, 57, 68, 72, 87, 92, 95, 103, 106, 123, 127, 128, 132, 135, 136, 138, 150, 175, 177, 191, 197, 204, 212, 216, 219, 223, 241, 246, 249, 250, 263, 274, 276, 279]
290: [10, 30, 35, 37, 39, 47, 58, 60, 71, 74, 89, 104, 105, 117, 147, 151, 174, 186, 192, 194, 195, 196, 199, 206, 213, 217, 219, 231, 233, 238, 241, 246, 251, 254, 256, 262, 263, 273, 275, 287]
291: [24, 27, 28, 29, 31, 33, 40, 50, 52, 54, 63, 68, 82, 84, 95, 98, 105, 107, 118, 126, 132, 134, 149, 150, 157, 159, 180, 182, 188, 192, 220, 222, 223, 235, 238, 245, 246, 250, 252, 261, 264, 265, 271, 272, 275, 284, 289]
292: [1, 3, 8, 24, 28, 33, 41, 50, 65, 104, 105, 111, 112, 115, 124, 126, 156, 157, 164, 180, 185, 202, 219, 221, 223, 226, 235, 257, 273, 291]
293: [3, 5, 8, 13, 15, 16, 17, 23, 24, 31, 39, 40, 41, 49, 50, 56, 61, 66, 67, 69, 77, 79, 96, 103, 104, 105, 110, 111, 112, 115, 116, 119, 126, 129, 137, 147, 149, 156, 157, 164, 166, 171, 173, 176, 182, 183, 185, 186, 189, 200, 202, 203, 221, 234, 241, 245, 257, 259, 273, 284, 287, 292]
294: [4, 7, 9, 26, 27, 28, 30, 40, 42, 46, 48, 53, 56, 60, 64, 66, 68, 76, 85, 87, 88, 89, 93, 107, 108, 110, 112, 117, 120, 121, 124, 125, 130, 135, 139, 143, 151, 153, 155, 158, 160, 161, 175, 179, 182, 185, 187, 191, 201, 209, 211, 252, 253, 262, 264, 266, 273, 274, 278, 280, 283, 288]
295: [2, 4, 8, 11, 13, 17, 22, 23, 27, 30, 33, 36, 37, 38, 40, 46, 47, 48, 49, 50, 56, 60, 63, 64, 67, 74, 84, 88, 94, 96, 98, 99, 102, 104, 106, 113, 117, 119, 129, 131, 139, 144, 147, 149, 151, 155, 157, 158, 159, 160, 162, 166, 171, 175, 176, 182, 184, 189, 190, 192, 193, 194, 202, 203, 209, 218, 229, 232, 235, 250, 256, 262, 264, 265, 266, 267, 283, 284, 287, 293, 294]
296: [1, 9, 16, 20, 64, 80, 111, 128, 143, 145, 156, 164, 165, 169, 173, 180, 183, 184, 186, 190, 198, 199, 205, 207, 208, 212, 217, 225, 227, 232, 235, 244, 248, 257, 262, 272, 278, 281, 287]
297: [2, 3, 4, 23, 24, 31, 33, 40, 41, 42, 45, 46, 48, 56, 57, 58, 63, 66, 69, 75, 78, 79, 82, 88, 90, 98, 101, 103, 104, 105, 111, 112, 113, 115, 117, 119, 126, 134, 135, 138, 139, 146, 151, 155, 156, 157, 160, 161, 163, 164, 168, 169, 174, 180, 182, 185, 188, 189, 202, 208, 213, 220, 221, 255, 256, 257, 262, 266, 273, 281, 283, 286, 292, 293, 294, 295]
298: [4, 7, 14, 30, 34, 39, 60, 71, 81, 97, 104, 127, 132, 143, 151, 186, 192, 219, 232, 241, 249, 256, 261, 275, 287, 290]
299: [20, 35, 37, 62, 80, 82, 83, 89, 91, 126, 131, 167, 178, 181, 184, 193, 194, 198, 200, 204, 208, 210, 211, 212, 217, 222, 238, 244, 246, 251, 256, 269, 273, 278, 290]
300: [2, 8, 20, 21, 22, 23, 27, 33, 35, 36, 40, 55, 59, 62, 67, 68, 70, 74, 88, 94, 95, 106, 116, 118, 119, 127, 129, 131, 132, 147, 148, 149, 159, 164, 166, 168, 171, 176, 182, 189, 191, 203, 216, 217, 226, 229, 259, 261, 267, 273, 279, 283, 284, 287, 293, 295]
301: [3, 4, 5, 8, 10, 11, 13, 17, 23, 30, 31, 40, 42, 46, 56, 57, 58, 66, 69, 70, 71, 75, 78, 79, 82, 84, 90, 96, 98, 99, 103, 110, 112, 113, 114, 116, 119, 124, 128, 131, 133, 134, 135, 144, 146, 148, 156, 157, 158, 162, 165, 166, 174, 175, 183, 189, 190, 194, 202, 208, 214, 218, 220, 224, 230, 232, 234, 235, 241, 253, 255, 256, 262, 264, 272, 273, 279, 282, 286, 287, 293, 295, 297]
302: [8, 19, 20, 23, 38, 40, 59, 65, 67, 96, 119, 129, 147, 149, 151, 166, 171, 176, 182, 186, 189, 192, 203, 211, 214, 217, 220, 238, 243, 244, 249, 250, 254, 255, 256, 262, 268, 274, 284, 287, 293, 295, 300]
303: [8, 11, 13, 16, 26, 30, 31, 36, 37, 39, 46, 47, 48, 49, 55, 59, 60, 62, 64, 70, 71, 75, 84, 89, 94, 95, 96, 98, 99, 101, 102, 104, 106, 113, 119, 121, 127, 135, 141, 143, 144, 145, 151, 156, 157, 162, 166, 167, 168, 169, 175, 184, 186, 190, 192, 194, 196, 199, 202, 207, 208, 210, 214, 217, 218, 219, 223, 225, 226, 235, 238, 240, 241, 242, 250, 255, 256, 259, 262, 264, 275, 277, 279, 282, 287, 290, 295, 296, 298, 301]
304: [1, 13, 19, 20, 22, 32, 59, 64, 65, 70, 118, 122, 127, 131, 138, 151, 156, 165, 166, 168, 172, 184, 192, 206, 207, 211, 214, 217, 224, 238, 248, 249, 250, 256, 259, 261, 266, 271, 283, 300, 302]
305: [2, 3, 17, 20, 27, 32, 35, 37, 40, 48, 50, 51, 52, 57, 58, 61, 62, 82, 89, 91, 107, 126, 131, 134, 137, 141, 144, 149, 154, 161, 165, 166, 167, 173, 175, 176, 178, 179, 181, 183, 184, 187, 192, 193, 194, 195, 200, 204, 211, 212, 214, 215, 217, 220, 221, 222, 234, 238, 241, 244, 246, 247, 251, 256, 260, 261, 271, 273, 278, 281, 282, 288, 290, 291, 293, 296, 299]
306: [1, 7, 10, 19, 40, 42, 45, 54, 58, 64, 65, 71, 76, 83, 86, 89, 105, 108, 122, 138, 143, 147, 148, 150, 165, 167, 168, 172, 185, 187, 188, 195, 196, 197, 199, 207, 214, 222, 224, 241, 254, 255, 259, 262, 263, 266, 273, 274, 278, 280, 282, 290, 294, 301, 304]
307: [3, 10, 13, 16, 22, 23, 38, 39, 40, 41, 43, 48, 50, 53, 59, 61, 69, 73, 81, 87, 96, 97, 105, 125, 126, 136, 137, 150, 151, 152, 160, 175, 186, 194, 203, 204, 209, 212, 214, 217, 220, 241, 243, 244, 249, 250, 254, 255, 262, 266, 267, 274, 277, 280, 293, 302, 305]
308: [3, 4, 27, 32, 35, 37, 46, 51, 55, 56, 60, 65, 68, 69, 72, 76, 80, 87, 89, 90, 92, 93, 97, 102, 106, 117, 127, 128, 131, 135, 136, 138, 140, 150, 160, 168, 171, 173, 176, 178, 192, 194, 197, 198, 204, 210, 212, 216, 217, 219, 220, 223, 224, 229, 232, 234, 238, 241, 246, 249, 251, 256, 263, 264, 265, 266, 269, 273, 274, 276, 286, 289, 290, 299, 301, 305]
309: [2, 17, 20, 28, 30, 40, 43, 55, 57, 60, 61, 66, 68, 69, 72, 76, 87, 88, 89, 92, 95, 100, 102, 106, 107, 112, 120, 123, 124, 125, 127, 128, 131, 135, 136, 138, 144, 150, 157, 160, 161, 166, 168, 175, 176, 177, 178, 179, 183, 186, 187, 189, 191, 193, 196, 197, 200, 201, 204, 211, 215, 225, 229, 232, 241, 246, 252, 260, 263, 264, 265, 266, 268, 273, 274, 276, 279, 288, 289, 293, 294, 295, 305, 308]
310: [1, 19, 26, 48, 51, 52, 58, 64, 76, 89, 119, 137, 138, 141, 144, 149, 154, 165, 167, 168, 172, 195, 206, 207, 224, 234, 244, 247, 259, 266, 281, 282, 288, 304, 305, 306]
311: [1, 19, 23, 30, 33, 38, 47, 59, 64, 68, 93, 95, 96, 99, 103, 106, 112, 117, 138, 141, 151, 160, 162, 165, 168, 172, 175, 184, 195, 199, 204, 207, 208, 214, 215, 217, 220, 221, 222, 224, 226, 232, 243, 244, 250, 253, 254, 255, 259, 260, 262, 263, 266, 267, 271, 274, 275, 277, 279, 281, 284, 291, 302, 304, 306, 307, 310]
312: [1, 9, 15, 16, 20, 31, 63, 71, 80, 94, 111, 128, 143, 144, 149, 164, 165, 171, 173, 178, 179, 183, 199, 203, 205, 208, 217, 223, 227, 232, 248, 257, 271, 272, 281, 296]
313: [5, 17, 22, 31, 69, 79, 96, 103, 110, 112, 116, 122, 147, 183, 234, 272, 293, 301]
314: [4, 17, 20, 40, 42, 46, 47, 50, 57, 58, 62, 63, 66, 71, 78, 82, 91, 94, 98, 104, 119, 126, 134, 158, 167, 181, 184, 193, 200, 203, 204, 209, 211, 222, 223, 232, 244, 246, 255, 265, 266, 278, 286, 295, 297, 299, 301, 305, 312]
315: [20, 36, 37, 47, 49, 60, 62, 64, 70, 74, 82, 91, 102, 106, 113, 126, 131, 151, 156, 158, 167, 181, 184, 192, 193, 194, 200, 201, 204, 206, 211, 218, 222, 231, 244, 246, 250, 278, 295, 299, 303, 304, 305, 314]
316: [7, 19, 20, 25, 32, 36, 37, 43, 45, 47, 49, 57, 60, 63, 64, 71, 79, 82, 88, 90, 96, 101, 102, 103, 106, 113, 114, 122, 130, 136, 139, 150, 151, 152, 156, 162, 177, 184, 192, 194, 206, 212, 214, 218, 231, 234, 248, 250, 255, 260, 271, 273, 277, 280, 283, 295, 303, 304, 315]
317: [1, 7, 10, 19, 20, 21, 22, 25, 35, 36, 39, 43, 44, 47, 48, 55, 57, 60, 62, 64, 68, 70, 71, 78, 79, 80, 84, 87, 88, 90, 94, 101, 103, 106, 110, 112, 113, 114, 116, 127, 130, 134, 136, 138, 139, 148, 149, 152, 164, 165, 168, 172, 173, 175, 191, 199, 205, 206, 207, 212, 218, 219, 221, 223, 224, 226, 231, 235, 248, 258, 259, 264, 266, 272, 281, 283, 284, 287, 288, 290, 300, 303, 304, 306, 308, 310, 311, 316]
318: [22, 32, 33, 64, 74, 77, 122, 125, 131, 132, 145, 156, 159, 163, 166, 169, 172, 177, 181, 184, 186, 190, 199, 204, 206, 207, 208, 209, 214, 217, 225, 229, 235, 248, 250, 267, 271, 274, 287, 295, 296, 300, 302, 303, 304, 316]
319: [1, 10, 28, 35, 39, 48, 53, 55, 58, 80, 85, 105, 110, 128, 134, 141, 147, 164, 183, 195, 196, 218, 232, 237, 248, 253, 254, 262, 263, 272, 282, 290, 296, 306, 312]
320: [4, 13, 34, 40, 42, 46, 55, 57, 58, 60, 66, 68, 69, 76, 78, 97, 98, 102, 104, 110, 113, 117, 119, 134, 138, 150, 162, 168, 174, 197, 229, 232, 233, 255, 264, 265, 266, 275, 284, 286, 291, 297, 301, 308, 309, 311, 314]
321: [2, 3, 17, 20, 32, 48, 50, 51, 52, 58, 61, 80, 89, 91, 107, 112, 131, 137, 141, 144, 154, 161, 162, 165, 166, 167, 173, 175, 176, 178, 179, 180, 183, 187, 193, 195, 198, 210, 212, 215, 234, 237, 241, 244, 247, 260, 262, 269, 273, 281, 282, 288, 293, 299, 305, 307, 308, 309, 310]
322: [9, 13, 14, 15, 16, 19, 25, 27, 31, 32, 33, 35, 36, 37, 38, 39, 45, 49, 50, 56, 63, 67, 79, 86, 88, 96, 99, 104, 105, 110, 113, 114, 121, 130, 136, 144, 149, 151, 156, 159, 162, 167, 173, 177, 179, 186, 190, 192, 194, 199, 200, 203, 229, 233, 234, 240, 242, 245, 246, 250, 251, 254, 255, 256, 257, 260, 261, 268, 273, 277, 280, 281, 284, 293, 295, 312, 316]
323: [7, 9, 19, 26, 30, 66, 87, 93, 103, 107, 112, 117, 121, 130, 141, 143, 153, 158, 175, 184, 185, 195, 232, 294, 311, 314]
324: [55, 60, 69, 76, 83, 102, 138, 150, 165, 168, 183, 190, 197, 229, 232, 264, 265, 266, 308, 309, 320]
325: [11, 16, 30, 32, 34, 41, 48, 59, 66, 82, 91, 105, 116, 148, 152, 159, 164, 182, 259, 264]
326: [2, 10, 12, 15, 21, 22, 30, 31, 39, 44, 48, 53, 55, 57, 58, 61, 63, 78, 79, 80, 83, 84, 87, 94, 103, 105, 110, 112, 114, 118, 134, 141, 144, 147, 149, 165, 173, 175, 179, 183, 191, 195, 196, 199, 203, 204, 205, 218, 221, 231, 235, 237, 254, 258, 262, 263, 272, 281, 282, 283, 288, 290, 292, 306, 312, 317, 319, 322]
327: [1, 4, 9, 10, 13, 17, 19, 20, 33, 39, 44, 45, 46, 47, 48, 50, 53, 54, 55, 62, 63, 64, 65, 67, 72, 78, 79, 80, 82, 83, 84, 86, 91, 94, 99, 103, 104, 110, 112, 116, 118, 126, 134, 137, 138, 141, 143, 150, 154, 158, 163, 165, 167, 168, 170, 172, 173, 179, 181, 184, 186, 188, 190, 193, 200, 204, 207, 209, 211, 213, 218, 222, 224, 232, 235, 237, 243, 244, 246, 258, 259, 263, 265, 266, 268, 272, 278, 281, 282, 284, 288, 295, 299, 304, 305, 306, 310, 311, 314, 315, 317, 319, 322, 326]
328: [1, 8, 19, 21, 22, 27, 32, 35, 36, 37, 40, 55, 60, 62, 63, 64, 68, 69, 70, 79, 82, 88, 94, 106, 114, 116, 126, 127, 134, 138, 148, 149, 151, 156, 162, 164, 165, 167, 168, 172, 174, 192, 207, 220, 222, 224, 226, 238, 250, 259, 260, 261, 262, 266, 271, 273, 277, 280, 283, 284, 287, 291, 300, 304, 305, 306, 310, 311, 316, 317, 322, 327]
329: [9, 13, 15, 27, 30, 31, 33, 34, 39, 43, 46, 50, 64, 67, 81, 83, 86, 93, 97, 99, 105, 107, 110, 113, 136, 138, 152, 161, 175, 190, 191, 209, 238, 241, 249, 268, 281, 286, 294, 295, 307, 320, 322, 327]
330: [8, 23, 32, 34, 40, 50, 67, 88, 102, 119, 122, 123, 125, 129, 146, 147, 149, 157, 166, 167, 168, 171, 176, 182, 184, 187, 189, 196, 197, 198, 203, 206, 207, 214, 221, 241, 246, 248, 249, 250, 251, 253, 257, 262, 271, 284, 287, 293, 295, 300, 302, 304, 309, 314, 316, 318]
331: [1, 4, 17, 22, 23, 27, 38, 40, 42, 46, 47, 50, 51, 54, 61, 63, 69, 72, 74, 75, 83, 86, 87, 88, 93, 94, 97, 104, 108, 110, 113, 117, 122, 125, 126, 133, 142, 158, 160, 162, 165, 170, 174, 183, 185, 186, 193, 203, 204, 209, 213, 214, 217, 228, 232, 233, 234, 249, 265, 266, 280, 290, 295, 307, 314, 320, 327]
332: [16, 26, 31, 43, 59, 62, 68, 70, 72, 87, 92, 106, 116, 127, 128, 135, 136, 141, 150, 167, 169, 199, 204, 210, 214, 225, 238, 240, 241, 246, 255, 263, 264, 274, 276, 277, 279, 289, 303, 308, 309, 323]
333: [1, 15, 19, 22, 23, 38, 40, 59, 64, 69, 87, 92, 96, 125, 126, 138, 147, 149, 151, 160, 165, 168, 172, 174, 186, 192, 199, 203, 204, 206, 207, 214, 217, 220, 224, 243, 244, 249, 250, 254, 255, 259, 262, 266, 274, 280, 290, 302, 304, 306, 307, 310, 311, 317, 326, 327, 328, 331]
334: [2, 3, 7, 16, 20, 25, 29, 43, 46, 47, 50, 61, 71, 75, 90, 91, 100, 101, 103, 113, 114, 125, 130, 136, 137, 139, 145, 152, 161, 168, 188, 212, 231, 241, 248, 255, 264, 283, 293, 305, 307, 316, 317, 321, 332]
335: [9, 12, 16, 19, 20, 21, 30, 37, 78, 93, 96, 103, 111, 112, 119, 128, 137, 141, 143, 144, 158, 165, 173, 175, 184, 195, 199, 205, 208, 217, 227, 232, 242, 244, 255, 257, 272, 281, 290, 296, 301, 306, 311, 312, 317, 323, 326, 333]
336: [54, 63, 84, 95, 107, 118, 150, 152, 195, 227, 252, 264, 265, 277, 291, 320]
337: [3, 6, 22, 24, 27, 28, 33, 35, 50, 51, 53, 57, 65, 67, 71, 78, 89, 93, 98, 99, 129, 157, 160, 168, 170, 171, 173, 176, 180, 189, 194, 219, 220, 223, 226, 227, 234, 235, 238, 240, 256, 271, 280, 286, 291, 292, 296, 308]
338: [9, 16, 20, 22, 31, 32, 59, 64, 81, 111, 118, 120, 122, 127, 128, 131, 140, 143, 145, 147, 156, 165, 166, 169, 173, 184, 186, 190, 195, 199, 205, 206, 207, 208, 214, 217, 224, 225, 227, 235, 247, 248, 250, 257, 261, 271, 272, 274, 281, 283, 287, 296, 300, 303, 304, 312, 316, 318, 329, 330, 335]
339: [25, 32, 45, 79, 88, 91, 96, 98, 118, 134, 136, 155, 156, 177, 178, 180, 196, 198, 205, 212, 223, 230, 234, 255, 280, 316, 322]
340: [4, 20, 21, 22, 23, 29, 31, 33, 35, 36, 48, 52, 54, 55, 56, 59, 62, 66, 68, 69, 70, 74, 75, 80, 81, 82, 88, 94, 95, 98, 103, 105, 106, 113, 116, 117, 118, 127, 131, 135, 139, 146, 147, 148, 151, 155, 159, 160, 164, 166, 174, 178, 182, 188, 189, 195, 198, 208, 210, 212, 217, 220, 226, 229, 245, 261, 262, 266, 267, 269, 272, 274, 275, 283, 284, 286, 291, 294, 295, 297, 299, 300, 301, 304, 308, 317, 318, 321, 328, 338]
341: [25, 27, 31, 36, 39, 44, 80, 103, 104, 105, 112, 125, 134, 159, 173, 218, 235, 240, 250, 317, 322, 326, 327, 332]
342: [1, 2, 10, 13, 22, 40, 43, 44, 45, 61, 90, 94, 101, 118, 122, 124, 137, 141, 158, 160, 170, 183, 203, 204, 205, 206, 213, 218, 219, 221, 222, 223, 226, 231, 232, 233, 239, 258, 283, 326, 331]
343: [5, 9, 16, 25, 26, 31, 34, 37, 48, 52, 59, 62, 66, 70, 79, 82, 84, 109, 121, 123, 134, 157, 164, 167, 169, 177, 199, 210, 214, 225, 238, 240, 255, 277, 279, 288, 302, 303, 325, 332]
344: [9, 10, 16, 17, 20, 26, 28, 34, 37, 42, 52, 57, 58, 64, 68, 71, 90, 98, 105, 111, 114, 117, 122, 126, 127, 128, 134, 139, 141, 143, 146, 148, 151, 153, 156, 158, 165, 167, 168, 170, 171, 173, 190, 192, 198, 199, 204, 205, 206, 208, 214, 217, 227, 230, 232, 234, 241, 249, 251, 253, 255, 257, 258, 262, 272, 273, 281, 282, 287, 296, 301, 306, 312, 330, 335, 337, 338]
345: [4, 6, 18, 22, 23, 27, 30, 34, 39, 40, 41, 47, 59, 60, 69, 71, 81, 87, 97, 104, 125, 126, 127, 143, 151, 160, 186, 192, 203, 204, 211, 213, 214, 217, 219, 225, 229, 236, 241, 249, 256, 261, 275, 277, 280, 287, 290, 298, 303, 307, 331, 333]
346: [4, 22, 23, 36, 37, 39, 40, 44, 47, 49, 60, 62, 64, 69, 78, 80, 84, 87, 102, 103, 106, 112, 113, 116, 118, 119, 125, 126, 134, 137, 151, 160, 162, 172, 173, 180, 184, 186, 192, 194, 200, 203, 204, 213, 214, 217, 218, 235, 249, 250, 280, 295, 303, 305, 307, 315, 316, 317, 326, 327, 331, 333, 341, 345]
347: [3, 10, 16, 17, 26, 30, 31, 54, 59, 62, 64, 70, 71, 90, 95, 124, 131, 133, 145, 156, 167, 169, 184, 186, 190, 199, 207, 208, 210, 214, 217, 225, 235, 238, 240, 255, 256, 277, 279, 287, 296, 301, 303, 304, 315, 318, 332, 338, 340, 343]
348: [5, 7, 9, 11, 16, 17, 26, 28, 30, 31, 35, 40, 41, 43, 46, 47, 50, 54, 55, 59, 60, 62, 63, 68, 69, 70, 72, 76, 78, 84, 87, 92, 94, 95, 96, 102, 104, 106, 107, 112, 118, 120, 124, 125, 127, 128, 135, 136, 138, 143, 150, 158, 160, 164, 167, 168, 169, 179, 189, 191, 193, 197, 199, 201, 204, 207, 209, 210, 211, 214, 219, 225, 227, 229, 232, 238, 239, 240, 241, 246, 252, 255, 263, 264, 265, 266, 274, 276, 277, 279, 288, 289, 291, 294, 295, 303, 308, 309, 314, 320, 324, 327, 331, 332, 334, 336, 343, 347]
349: [3, 4, 6, 7, 15, 20, 22, 25, 27, 40, 42, 43, 44, 46, 47, 57, 58, 61, 65, 66, 71, 78, 83, 89, 90, 93, 97, 98, 101, 103, 113, 115, 119, 130, 134, 136, 139, 140, 152, 160, 169, 170, 171, 173, 176, 183, 212, 218, 220, 231, 234, 238, 248, 255, 256, 267, 283, 286, 288, 297, 301, 308, 314, 316, 317, 320, 334, 337, 342]
350: [16, 28, 34, 39, 44, 57, 80, 89, 98, 103, 112, 134, 168, 170, 171, 173, 218, 227, 235, 246, 259, 305, 317, 326, 327, 337, 341, 344, 346]
351: [9, 10, 13, 14, 16, 20, 22, 23, 24, 28, 33, 50, 53, 59, 64, 74, 78, 99, 108, 110, 111, 118, 121, 127, 128, 130, 131, 133, 143, 144, 145, 150, 156, 157, 158, 159, 162, 165, 166, 167, 169, 173, 174, 180, 184, 186, 190, 192, 194, 199, 205, 207, 208, 209, 212, 214, 217, 223, 225, 227, 229, 233, 235, 240, 242, 247, 254, 257, 258, 261, 267, 272, 277, 280, 281, 283, 287, 291, 292, 295, 296, 300, 303, 304, 307, 312, 318, 322, 335, 337, 338, 340, 344, 347]
352: [6, 19, 22, 30, 43, 45, 59, 61, 68, 70, 90, 93, 101, 103, 112, 118, 122, 124, 125, 137, 141, 143, 157, 168, 175, 184, 186, 195, 204, 205, 206, 213, 219, 221, 223, 225, 232, 233, 238, 239, 240, 275, 279, 284, 286, 291, 309, 311, 320, 323, 335, 342]
353: [4, 15, 19, 33, 35, 37, 38, 47, 56, 97, 99, 106, 110, 113, 117, 137, 151, 162, 167, 171, 174, 179, 204, 207, 208, 215, 217, 221, 226, 233, 235, 246, 251, 258, 260, 261, 262, 263, 267, 311, 320, 322, 330, 331, 344, 351]
354: [3, 8, 11, 13, 15, 16, 23, 27, 30, 36, 37, 39, 47, 49, 56, 60, 64, 65, 66, 69, 75, 82, 84, 89, 93, 96, 98, 99, 102, 103, 106, 113, 135, 138, 144, 146, 151, 157, 160, 162, 166, 171, 173, 174, 175, 176, 184, 186, 189, 190, 192, 194, 195, 200, 202, 208, 218, 220, 234, 235, 238, 245, 250, 256, 257, 264, 284, 286, 293, 295, 297, 301, 303, 308, 315, 316, 322, 337, 338, 340, 346, 349]
355: [3, 23, 27, 37, 46, 48, 56, 64, 65, 66, 69, 71, 75, 82, 89, 93, 95, 96, 103, 113, 116, 121, 127, 135, 137, 141, 143, 144, 146, 160, 171, 173, 174, 176, 187, 189, 208, 214, 220, 228, 234, 235, 238, 244, 256, 282, 286, 297, 301, 303, 308, 335, 337, 340, 349, 354]
356: [23, 28, 30, 38, 40, 44, 54, 55, 59, 61, 63, 65, 68, 69, 83, 84, 87, 95, 96, 101, 107, 112, 118, 120, 124, 125, 126, 140, 150, 151, 154, 160, 164, 165, 170, 179, 182, 183, 201, 202, 203, 211, 214, 217, 218, 220, 243, 244, 250, 252, 254, 255, 262, 263, 264, 265, 267, 274, 288, 291, 294, 302, 307, 309, 311, 333, 336, 342, 348, 349]
357: [4, 16, 30, 34, 39, 45, 54, 55, 60, 65, 71, 81, 83, 86, 97, 101, 104, 116, 127, 143, 150, 151, 167, 168, 172, 186, 188, 192, 198, 219, 223, 241, 248, 249, 256, 259, 261, 264, 273, 275, 287, 290, 298, 303, 306, 317, 327, 345]
358: [6, 15, 22, 27, 28, 30, 31, 36, 37, 40, 47, 49, 51, 53, 60, 63, 64, 67, 68, 74, 76, 82, 89, 92, 99, 102, 106, 107, 112, 113, 120, 124, 125, 126, 129, 134, 144, 149, 151, 160, 162, 179, 184, 189, 192, 194, 201, 203, 207, 211, 218, 219, 220, 222, 238, 240, 250, 252, 261, 264, 271, 278, 285, 288, 291, 292, 294, 295, 303, 305, 309, 312, 315, 316, 322, 326, 328, 337, 346, 348, 354, 356]
359: [2, 3, 4, 23, 24, 25, 33, 41, 43, 45, 48, 56, 61, 63, 66, 79, 88, 90, 98, 101, 104, 105, 111, 112, 115, 116, 117, 122, 124, 126, 132, 136, 137, 139, 141, 151, 152, 155, 156, 157, 160, 161, 164, 168, 169, 180, 182, 185, 202, 205, 206, 213, 219, 221, 223, 232, 233, 239, 252, 257, 262, 266, 268, 273, 283, 292, 293, 294, 295, 297, 340, 342, 352]
360: [4, 15, 17, 19, 31, 34, 40, 42, 46, 57, 58, 63, 66, 71, 74, 78, 98, 114, 119, 128, 134, 144, 146, 148, 149, 156, 158, 165, 167, 171, 179, 190, 198, 201, 203, 214, 226, 230, 232, 241, 244, 249, 251, 253, 255, 257, 262, 272, 273, 282, 286, 287, 297, 301, 306, 312, 314, 315, 320, 322, 326, 330, 344, 349, 358]
361: [5, 9, 25, 31, 37, 48, 51, 52, 54, 55, 57, 58, 60, 68, 69, 75, 76, 77, 79, 87, 88, 89, 90, 95, 102, 121, 122, 123, 125, 126, 127, 137, 138, 141, 143, 144, 150, 152, 154, 157, 164, 165, 167, 168, 175, 177, 187, 189, 191, 195, 196, 197, 204, 206, 217, 220, 229, 232, 234, 235, 244, 246, 247, 258, 264, 265, 266, 279, 281, 282, 288, 289, 303, 305, 308, 309, 310, 320, 321, 324, 330, 340, 343, 344, 347, 348, 355]
362: [3, 10, 17, 30, 32, 39, 46, 47, 50, 51, 55, 56, 60, 63, 69, 70, 71, 76, 90, 92, 94, 102, 104, 124, 131, 132, 133, 138, 150, 158, 168, 171, 193, 197, 209, 216, 219, 223, 229, 232, 249, 264, 265, 266, 273, 279, 289, 295, 301, 308, 309, 314, 320, 324, 327, 331, 347, 348, 353, 361]
363: [3, 10, 17, 22, 23, 24, 30, 33, 40, 69, 70, 71, 74, 87, 90, 106, 122, 124, 125, 126, 131, 133, 142, 156, 158, 159, 160, 166, 186, 203, 204, 214, 217, 229, 247, 249, 254, 267, 279, 280, 295, 300, 301, 304, 307, 315, 318, 331, 333, 340, 345, 346, 347, 351, 362]
364: [2, 9, 24, 26, 28, 29, 31, 33, 41, 45, 49, 50, 51, 52, 55, 63, 66, 69, 79, 85, 87, 90, 98, 101, 105, 107, 117, 121, 130, 143, 153, 155, 156, 157, 158, 159, 161, 167, 168, 169, 180, 182, 185, 187, 188, 198, 203, 221, 223, 235, 245, 250, 261, 262, 272, 275, 291, 292, 294, 297, 323, 337, 340, 351, 359]
365: [5, 6, 13, 17, 23, 31, 38, 49, 55, 59, 69, 79, 83, 84, 87, 96, 103, 108, 110, 112, 116, 120, 125, 126, 149, 151, 154, 160, 164, 174, 182, 183, 202, 203, 211, 214, 217, 218, 220, 222, 234, 243, 244, 247, 250, 254, 255, 262, 263, 267, 274, 283, 293, 301, 302, 307, 311, 313, 333, 342, 351, 356]
366: [6, 10, 22, 23, 25, 27, 34, 38, 40, 45, 47, 53, 54, 55, 59, 60, 65, 68, 69, 83, 86, 87, 96, 101, 106, 123, 125, 126, 143, 150, 151, 154, 160, 167, 168, 171, 172, 186, 188, 194, 195, 198, 203, 204, 207, 209, 212, 214, 215, 217, 219, 220, 223, 225, 232, 240, 243, 244, 249, 250, 251, 253, 254, 255, 257, 259, 262, 264, 267, 274, 277, 280, 282, 283, 284, 286, 287, 288, 302, 303, 306, 307, 311, 317, 327, 330, 331, 333, 344, 345, 346, 350, 351, 352, 356, 357, 360, 363, 365]
367: [1, 74, 80, 83, 101, 108, 128, 133, 140, 158, 160, 164, 169, 183, 201, 232, 248, 272, 296, 312, 315, 319, 349, 360]
368: [9, 13, 19, 20, 22, 23, 32, 34, 40, 52, 56, 63, 65, 66, 69, 75, 77, 79, 82, 87, 103, 113, 114, 125, 126, 129, 135, 146, 151, 156, 160, 162, 174, 177, 186, 189, 192, 203, 204, 208, 211, 214, 217, 220, 238, 249, 250, 256, 260, 273, 277, 280, 286, 297, 301, 302, 304, 307, 316, 320, 322, 328, 329, 331, 333, 340, 345, 346, 354, 355, 363, 366]
369: [24, 28, 33, 47, 50, 76, 99, 106, 124, 128, 157, 162, 180, 204, 215, 217, 221, 223, 226, 228, 235, 253, 258, 260, 263, 267, 285, 291, 292, 310, 311, 335, 337, 351, 353, 358, 364]
370: [3, 4, 9, 13, 27, 30, 33, 39, 43, 46, 50, 61, 64, 67, 68, 72, 79, 81, 84, 86, 87, 92, 93, 97, 99, 104, 105, 106, 107, 110, 111, 116, 118, 122, 127, 128, 135, 136, 137, 150, 152, 161, 172, 175, 186, 190, 191, 200, 204, 209, 213, 229, 241, 246, 263, 268, 274, 276, 281, 289, 293, 294, 305, 307, 308, 309, 321, 322, 327, 329, 332, 334, 346, 348]
371: [3, 10, 12, 37, 39, 55, 64, 132, 180, 273, 280, 305, 344, 362]
372: [3, 5, 17, 23, 27, 30, 31, 39, 55, 60, 65, 69, 71, 79, 83, 84, 87, 89, 93, 96, 103, 104, 110, 112, 116, 120, 125, 126, 131, 140, 151, 154, 156, 160, 164, 171, 173, 176, 182, 183, 186, 192, 202, 203, 211, 213, 218, 219, 220, 224, 234, 238, 241, 256, 263, 267, 274, 275, 286, 287, 288, 290, 293, 298, 301, 303, 308, 313, 337, 338, 345, 349, 354, 355, 356, 357, 365]
373: [2, 4, 7, 29, 46, 64, 67, 75, 84, 89, 90, 91, 102, 103, 107, 109, 114, 116, 118, 135, 137, 145, 161, 164, 166, 168, 172, 181, 186, 188, 189, 200, 207, 213, 218, 220, 222, 225, 228, 232, 236, 249, 254, 255, 263, 276, 284, 327, 334, 346, 370]
374: [1, 15, 19, 27, 32, 35, 37, 38, 40, 42, 45, 51, 54, 56, 58, 61, 63, 65, 75, 79, 83, 86, 93, 97, 114, 143, 150, 151, 156, 162, 167, 172, 179, 183, 188, 192, 204, 234, 246, 250, 251, 260, 261, 273, 277, 280, 306, 308, 316, 322, 327, 328, 331, 342, 353, 357, 366, 368]
375: [4, 27, 31, 34, 36, 39, 40, 48, 55, 56, 60, 82, 88, 101, 104, 105, 117, 126, 134, 139, 149, 151, 155, 159, 160, 167, 168, 171, 182, 192, 198, 219, 220, 222, 223, 238, 240, 241, 249, 251, 253, 257, 259, 261, 262, 264, 266, 271, 283, 287, 291, 294, 295, 297, 303, 305, 317, 322, 328, 330, 340, 341, 344, 357, 358, 359, 360, 366]
376: [6, 21, 37, 47, 67, 74, 89, 110, 142, 162, 167, 207, 210, 219, 235, 240, 244, 255, 278, 335, 358]
377: [4, 18, 23, 40, 42, 43, 46, 54, 56, 57, 58, 61, 66, 68, 69, 72, 75, 78, 82, 86, 88, 95, 98, 103, 113, 116, 119, 134, 135, 146, 163, 170, 174, 179, 186, 189, 197, 208, 220, 255, 286, 297, 301, 311, 314, 320, 331, 340, 349, 354, 355, 359, 360, 368]
378: [4, 5, 9, 10, 25, 26, 27, 30, 37, 42, 46, 48, 52, 56, 58, 64, 71, 79, 88, 93, 105, 107, 114, 117, 121, 123, 134, 137, 139, 141, 147, 148, 151, 155, 157, 160, 161, 162, 164, 165, 171, 175, 182, 191, 192, 195, 196, 205, 208, 209, 210, 214, 221, 232, 241, 244, 254, 255, 262, 263, 266, 269, 273, 282, 283, 285, 288, 290, 294, 295, 297, 301, 306, 319, 326, 329, 340, 343, 344, 359, 360, 361, 362, 369, 370, 371, 375]
379: [11, 27, 31, 40, 41, 44, 61, 64, 72, 81, 82, 90, 95, 101, 102, 108, 113, 120, 126, 134, 140, 145, 147, 149, 156, 157, 160, 168, 169, 170, 183, 184, 186, 190, 192, 195, 198, 199, 200, 207, 208, 213, 217, 218, 220, 222, 224, 225, 231, 235, 238, 249, 261, 271, 274, 284, 287, 291, 296, 303, 305, 318, 328, 338, 340, 342, 347, 349, 351, 356, 358, 372, 375]
380: [6, 17, 19, 21, 32, 46, 47, 50, 51, 56, 63, 64, 66, 67, 71, 74, 89, 90, 92, 94, 100, 102, 103, 104, 107, 132, 135, 148, 157, 158, 162, 168, 181, 189, 191, 193, 203, 207, 209, 212, 216, 219, 220, 222, 223, 225, 228, 232, 236, 240, 249, 254, 262, 263, 265, 266, 273, 276, 278, 284, 289, 295, 308, 312, 314, 327, 331, 348, 358, 362, 373, 376]
381: [1, 4, 13, 40, 42, 45, 46, 57, 58, 66, 78, 79, 80, 98, 108, 119, 128, 134, 140, 164, 165, 174, 183, 188, 222, 224, 232, 247, 248, 255, 267, 272, 283, 286, 296, 297, 301, 312, 314, 319, 320, 322, 342, 347, 349, 351, 360, 365, 367, 377]
382: [3, 21, 22, 27, 35, 36, 39, 44, 50, 55, 62, 65, 68, 70, 80, 88, 89, 93, 94, 98, 103, 106, 112, 116, 123, 127, 134, 148, 160, 164, 171, 173, 176, 178, 189, 196, 198, 205, 212, 218, 220, 223, 226, 234, 235, 238, 241, 246, 256, 283, 284, 286, 300, 308, 317, 326, 327, 328, 330, 337, 339, 340, 341, 346, 349, 350, 354, 355, 372]
383: [3, 6, 22, 24, 41, 55, 60, 67, 68, 101, 104, 105, 111, 112, 115, 126, 156, 164, 168, 185, 192, 202, 204, 219, 221, 223, 225, 240, 257, 259, 264, 273, 284, 286, 287, 292, 293, 297, 303, 317, 352, 357, 359, 366, 375]
384: [2, 28, 30, 39, 43, 57, 60, 71, 98, 104, 132, 151, 157, 168, 170, 171, 186, 191, 192, 198, 219, 227, 241, 250, 256, 266, 268, 273, 275, 287, 290, 298, 300, 303, 337, 344, 345, 350, 357, 372, 375]
385: [8, 19, 20, 23, 27, 37, 40, 62, 65, 67, 68, 82, 90, 91, 101, 117, 119, 122, 126, 127, 129, 134, 147, 149, 151, 166, 167, 171, 176, 181, 182, 184, 189, 192, 193, 200, 201, 203, 204, 206, 208, 211, 217, 219, 220, 222, 234, 238, 244, 246, 249, 256, 258, 261, 271, 278, 284, 287, 291, 293, 295, 299, 300, 302, 304, 305, 314, 315, 327, 328, 330, 344, 353, 358, 361, 368, 375, 379]
386: [2, 4, 22, 27, 33, 38, 47, 51, 52, 59, 68, 69, 74, 77, 95, 97, 106, 110, 113, 117, 123, 131, 133, 142, 154, 159, 162, 166, 174, 175, 185, 193, 195, 204, 215, 228, 229, 233, 250, 256, 259, 265, 267, 279, 282, 283, 288, 295, 300, 309, 318, 320, 322, 331, 340, 351, 353, 363, 366]
387: [1, 19, 26, 27, 30, 40, 46, 52, 64, 82, 93, 105, 107, 126, 134, 135, 138, 139, 141, 149, 161, 165, 168, 171, 172, 175, 189, 191, 192, 194, 207, 209, 220, 222, 224, 232, 238, 259, 261, 266, 271, 273, 278, 291, 294, 301, 303, 304, 305, 306, 310, 311, 317, 327, 328, 329, 333, 344, 348, 358, 370, 371, 375, 378, 379, 380, 385]
388: [2, 3, 6, 8, 10, 17, 20, 22, 23, 24, 30, 39, 40, 41, 51, 53, 60, 61, 62, 67, 68, 71, 82, 89, 90, 91, 94, 99, 101, 104, 105, 107, 111, 112, 115, 118, 119, 122, 126, 127, 129, 131, 136, 143, 144, 145, 147, 149, 151, 154, 156, 161, 164, 166, 167, 171, 175, 176, 178, 179, 181, 182, 183, 184, 185, 186, 187, 189, 190, 192, 193, 200, 202, 203, 204, 206, 211, 215, 217, 219, 221, 222, 225, 229, 231, 234, 240, 241, 244, 246, 247, 256, 257, 258, 260, 268, 273, 275, 278, 281, 284, 285, 286, 287, 290, 292, 293, 295, 297, 298, 299, 300, 302, 303, 305, 309, 314, 315, 321, 326, 327, 330, 337, 342, 344, 345, 347, 352, 357, 358, 359, 361, 366, 370, 372, 383, 384, 385]
389: [5, 17, 19, 28, 30, 31, 55, 57, 69, 73, 79, 80, 93, 96, 98, 103, 110, 112, 116, 131, 141, 168, 170, 171, 175, 178, 183, 184, 195, 198, 210, 212, 227, 232, 234, 244, 269, 278, 287, 293, 296, 298, 299, 301, 308, 311, 313, 321, 323, 335, 337, 340, 344, 350, 352, 365, 372, 384]
390: [1, 4, 7, 42, 49, 76, 80, 89, 97, 108, 110, 113, 117, 128, 149, 162, 164, 174, 183, 185, 187, 232, 233, 248, 256, 272, 273, 274, 278, 280, 281, 294, 296, 306, 312, 319, 320, 331, 353, 356, 367, 374, 381, 386]
391: [23, 25, 33, 46, 49, 51, 55, 64, 67, 68, 69, 83, 84, 85, 87, 88, 90, 102, 105, 107, 120, 123, 125, 126, 132, 135, 145, 154, 156, 157, 160, 163, 164, 167, 168, 169, 172, 181, 182, 184, 186, 187, 189, 190, 196, 197, 198, 199, 202, 203, 204, 207, 208, 209, 211, 217, 218, 220, 221, 222, 225, 228, 232, 235, 236, 249, 250, 254, 257, 263, 264, 267, 274, 276, 284, 287, 296, 303, 309, 318, 330, 338, 347, 350, 351, 352, 356, 361, 364, 365, 372, 373, 379, 380]
392: [2, 8, 10, 11, 13, 24, 30, 33, 41, 44, 45, 58, 63, 76, 79, 83, 84, 90, 96, 98, 99, 101, 103, 105, 125, 127, 132, 136, 143, 144, 145, 147, 154, 156, 157, 161, 162, 163, 166, 168, 169, 172, 175, 180, 181, 185, 190, 195, 196, 202, 204, 209, 218, 225, 235, 247, 254, 256, 262, 263, 264, 274, 281, 285, 290, 295, 297, 301, 303, 306, 318, 319, 326, 354, 359, 364, 378, 388, 391]
393: [4, 30, 39, 45, 48, 52, 56, 60, 71, 88, 104, 117, 136, 139, 151, 152, 155, 160, 177, 182, 186, 192, 219, 241, 256, 259, 262, 266, 275, 277, 283, 284, 287, 290, 294, 295, 297, 298, 303, 334, 340, 345, 357, 359, 372, 375, 378, 384, 388]
394: [3, 24, 27, 28, 38, 41, 42, 46, 58, 65, 67, 68, 71, 72, 76, 87, 89, 90, 92, 93, 95, 102, 104, 105, 106, 107, 111, 112, 115, 117, 126, 127, 128, 135, 136, 150, 151, 156, 160, 164, 165, 168, 171, 173, 176, 181, 185, 189, 199, 202, 204, 208, 210, 220, 221, 222, 225, 228, 234, 235, 236, 238, 241, 246, 249, 253, 254, 256, 257, 263, 271, 273, 274, 276, 279, 281, 284, 286, 287, 289, 292, 293, 297, 301, 308, 309, 311, 332, 337, 348, 349, 353, 354, 355, 359, 370, 372, 373, 380, 382, 383, 388, 391]
395: [2, 3, 10, 11, 19, 22, 24, 27, 31, 32, 36, 38, 39, 40, 41, 42, 51, 61, 63, 75, 78, 79, 83, 86, 93, 94, 97, 104, 105, 111, 112, 114, 115, 118, 126, 151, 156, 159, 162, 164, 165, 183, 185, 192, 202, 203, 204, 221, 231, 234, 240, 250, 257, 258, 260, 272, 273, 277, 280, 281, 288, 292, 293, 297, 304, 316, 317, 322, 326, 327, 328, 331, 341, 342, 359, 368, 374, 375, 383, 388, 394]
396: [1, 6, 19, 22, 24, 28, 33, 35, 50, 51, 53, 55, 60, 64, 66, 67, 69, 76, 99, 101, 102, 129, 138, 148, 150, 155, 157, 165, 168, 172, 180, 189, 194, 197, 207, 219, 223, 224, 226, 229, 232, 235, 240, 259, 262, 264, 265, 266, 280, 287, 291, 292, 303, 304, 306, 308, 309, 310, 311, 312, 317, 320, 324, 327, 328, 333, 337, 348, 351, 357, 358, 361, 362, 364, 366, 369, 375, 380, 383, 387, 388]
397: [19, 20, 35, 37, 65, 89, 90, 113, 131, 138, 151, 188, 192, 194, 211, 213, 217, 224, 238, 246, 249, 251, 256, 263, 273, 290, 299, 301, 302, 304, 305, 308, 368, 385]
398: [1, 3, 6, 13, 14, 19, 27, 30, 31, 36, 37, 39, 40, 43, 46, 47, 49, 50, 60, 61, 64, 67, 74, 81, 82, 89, 93, 97, 102, 104, 105, 106, 107, 113, 121, 126, 130, 134, 136, 137, 138, 145, 149, 151, 152, 156, 159, 161, 162, 165, 168, 169, 172, 175, 184, 186, 190, 191, 192, 194, 199, 207, 208, 209, 217, 218, 219, 220, 222, 224, 225, 235, 238, 240, 241, 250, 259, 261, 266, 271, 278, 287, 291, 293, 294, 295, 296, 303, 304, 305, 306, 307, 310, 311, 315, 316, 317, 318, 321, 322, 327, 328, 329, 333, 334, 338, 341, 346, 347, 351, 354, 358, 370, 375, 376, 378, 379, 380, 385, 387, 391, 395, 396]
399: [1, 2, 4, 5, 10, 13, 17, 20, 21, 22, 31, 35, 36, 48, 55, 56, 58, 59, 61, 62, 68, 69, 70, 79, 80, 88, 94, 96, 103, 105, 106, 110, 112, 116, 117, 118, 127, 128, 131, 139, 147, 148, 151, 155, 158, 160, 164, 166, 182, 183, 192, 195, 196, 203, 204, 217, 222, 226, 231, 232, 234, 248, 251, 254, 261, 262, 263, 265, 266, 272, 283, 284, 290, 293, 294, 295, 296, 297, 300, 301, 304, 306, 312, 313, 317, 319, 326, 328, 338, 340, 342, 351, 359, 365, 367, 372, 375, 378, 381, 382, 388, 389, 390, 392, 393, 395]
400: [1, 4, 9, 19, 34, 64, 81, 97, 127, 134, 138, 143, 165, 166, 168, 172, 191, 207, 216, 224, 241, 249, 259, 261, 266, 298, 304, 306, 310, 311, 317, 327, 328, 333, 345, 357, 359, 387, 396, 398]
401: [4, 9, 13, 17, 33, 42, 46, 47, 50, 63, 67, 80, 85, 86, 92, 94, 96, 97, 99, 104, 110, 113, 117, 131, 137, 158, 162, 174, 178, 190, 193, 198, 208, 209, 210, 212, 232, 233, 244, 265, 266, 268, 269, 281, 295, 299, 308, 310, 314, 320, 321, 322, 327, 329, 331, 335, 340, 348, 353, 355, 362, 370, 378, 380, 386, 389, 390]
402: [4, 5, 13, 17, 22, 23, 30, 31, 32, 33, 34, 39, 40, 48, 56, 60, 61, 66, 69, 71, 74, 79, 82, 87, 88, 96, 103, 104, 110, 112, 116, 117, 122, 125, 126, 129, 131, 132, 139, 151, 155, 157, 159, 160, 163, 166, 172, 181, 182, 183, 184, 186, 192, 200, 203, 204, 206, 209, 214, 217, 219, 220, 229, 234, 241, 248, 249, 250, 256, 262, 266, 267, 268, 271, 274, 275, 280, 283, 286, 287, 290, 293, 294, 295, 297, 298, 300, 301, 303, 304, 307, 309, 313, 316, 318, 320, 325, 329, 330, 331, 333, 338, 340, 343, 345, 346, 351, 357, 359, 363, 365, 366, 368, 372, 375, 378, 384, 386, 388, 389, 391, 392, 393, 399]
403: [12, 13, 14, 21, 23, 32, 35, 37, 38, 39, 43, 45, 46, 48, 51, 52, 56, 58, 59, 61, 82, 89, 90, 92, 96, 110, 121, 122, 124, 130, 137, 141, 144, 151, 154, 156, 162, 165, 167, 169, 190, 194, 195, 199, 205, 206, 213, 214, 216, 217, 219, 220, 221, 223, 232, 233, 234, 238, 239, 242, 243, 244, 246, 247, 249, 250, 251, 254, 255, 256, 262, 273, 274, 281, 282, 288, 289, 290, 299, 302, 305, 307, 308, 310, 311, 321, 322, 333, 335, 342, 351, 352, 355, 356, 359, 361, 362, 365, 366, 376, 380, 397, 398, 401]
404: [7, 9, 16, 20, 21, 22, 25, 35, 36, 43, 45, 47, 55, 61, 62, 68, 70, 71, 88, 90, 94, 95, 101, 102, 103, 106, 111, 113, 116, 122, 123, 124, 125, 127, 128, 130, 136, 137, 139, 141, 143, 148, 152, 157, 164, 165, 168, 173, 187, 189, 196, 197, 199, 205, 206, 208, 212, 213, 217, 219, 221, 223, 226, 227, 231, 232, 233, 239, 248, 257, 272, 281, 283, 284, 296, 300, 309, 312, 316, 317, 328, 330, 334, 335, 338, 340, 342, 344, 349, 351, 352, 359, 361, 382, 391, 393, 399, 403]
405: [1, 4, 6, 10, 15, 19, 22, 31, 36, 37, 47, 49, 51, 53, 60, 63, 64, 67, 78, 84, 99, 102, 106, 112, 113, 116, 118, 119, 129, 137, 138, 144, 149, 151, 165, 168, 172, 179, 184, 186, 189, 192, 194, 200, 203, 207, 213, 218, 219, 224, 240, 250, 259, 266, 289, 295, 303, 304, 306, 310, 311, 312, 315, 316, 317, 321, 322, 326, 327, 328, 333, 337, 344, 346, 354, 358, 360, 370, 371, 373, 378, 387, 388, 389, 396, 398, 400]
406: [27, 40, 55, 60, 69, 76, 82, 102, 126, 134, 138, 140, 149, 150, 168, 192, 197, 220, 222, 229, 232, 238, 247, 261, 264, 265, 266, 271, 291, 305, 308, 309, 320, 324, 328, 348, 358, 361, 362, 365, 375, 379, 385, 387, 396, 398]
407: [23, 91, 98, 116, 123, 216, 316, 341]
408: [10, 15, 19, 30, 32, 35, 37, 38, 39, 56, 60, 63, 67, 71, 79, 94, 103, 104, 114, 151, 156, 162, 167, 179, 186, 192, 219, 241, 246, 250, 251, 256, 260, 261, 273, 275, 277, 280, 287, 290, 292, 298, 303, 316, 322, 324, 328, 345, 353, 357, 368, 372, 374, 384, 388, 393, 395, 399, 402]
409: [8, 18, 19, 20, 32, 43, 63, 65, 79, 99, 101, 114, 127, 136, 143, 145, 151, 154, 156, 162, 190, 192, 211, 225, 238, 243, 247, 249, 250, 256, 260, 268, 273, 275, 277, 280, 281, 285, 302, 304, 316, 322, 328, 368, 374, 385, 388, 392, 393, 395, 397, 408]
410: [1, 6, 7, 20, 22, 23, 25, 26, 27, 28, 32, 38, 40, 42, 43, 46, 47, 51, 52, 53, 56, 57, 59, 61, 67, 71, 75, 76, 83, 90, 92, 93, 96, 97, 98, 99, 101, 103, 105, 113, 126, 129, 130, 134, 136, 139, 141, 151, 152, 168, 170, 171, 189, 192, 204, 212, 214, 216, 217, 219, 220, 223, 227, 231, 232, 234, 240, 243, 244, 248, 249, 250, 254, 255, 262, 273, 274, 283, 289, 302, 307, 308, 311, 316, 317, 331, 333, 334, 337, 344, 349, 350, 356, 358, 362, 365, 366, 374, 378, 380, 384, 387, 388, 389, 395, 396, 403, 404, 405]
411: [4, 5, 8, 10, 17, 23, 31, 32, 39, 40, 48, 53, 55, 56, 59, 67, 69, 70, 78, 79, 88, 94, 95, 96, 103, 110, 112, 116, 117, 119, 122, 125, 129, 132, 134, 139, 141, 143, 147, 149, 151, 155, 156, 160, 163, 165, 166, 170, 171, 172, 176, 179, 181, 182, 183, 184, 189, 195, 197, 203, 204, 206, 209, 214, 218, 234, 237, 238, 248, 250, 258, 262, 266, 271, 272, 274, 279, 281, 282, 283, 284, 287, 288, 293, 294, 295, 297, 300, 301, 302, 304, 313, 315, 316, 317, 318, 319, 326, 327, 330, 338, 340, 347, 352, 359, 363, 365, 372, 375, 377, 378, 385, 388, 389, 391, 392, 393, 395, 399, 402]
412: [21, 38, 46, 67, 90, 95, 102, 107, 117, 135, 151, 160, 165, 168, 178, 181, 189, 199, 203, 208, 220, 222, 225, 228, 236, 249, 253, 254, 263, 271, 276, 278, 279, 281, 284, 311, 373, 380, 391, 394]
413: [4, 27, 31, 34, 36, 39, 45, 54, 79, 81, 95, 97, 104, 105, 122, 127, 136, 143, 159, 181, 222, 240, 241, 247, 249, 261, 298, 322, 340, 341, 345, 347, 357, 361, 375, 395, 398, 400]
414: [15, 18, 27, 31, 40, 63, 78, 82, 84, 112, 119, 126, 134, 144, 149, 150, 179, 192, 198, 203, 220, 222, 238, 241, 257, 261, 271, 291, 298, 305, 312, 322, 323, 326, 328, 330, 346, 358, 360, 375, 379, 385, 387, 398, 405, 406]
415: [1, 2, 10, 22, 61, 94, 118, 149, 156, 174, 183, 203, 204, 206, 231, 256, 274, 310, 317, 326, 333, 342, 374, 388, 395, 399]
416: [5, 7, 9, 25, 28, 30, 32, 33, 37, 40, 42, 52, 57, 68, 74, 76, 78, 79, 82, 89, 98, 105, 107, 108, 112, 120, 121, 123, 124, 125, 132, 144, 148, 157, 160, 164, 168, 170, 171, 179, 184, 185, 187, 201, 211, 225, 226, 227, 246, 250, 252, 259, 260, 264, 267, 273, 274, 278, 280, 288, 294, 306, 309, 325, 337, 343, 344, 348, 350, 356, 358, 361, 378, 384, 389, 390, 410]
417: [6, 15, 22, 28, 30, 31, 40, 55, 60, 63, 68, 69, 76, 90, 101, 102, 107, 112, 120, 124, 125, 131, 138, 144, 149, 150, 160, 168, 179, 197, 201, 203, 204, 211, 224, 225, 229, 232, 240, 252, 264, 265, 266, 284, 285, 286, 288, 294, 301, 308, 309, 312, 320, 322, 324, 326, 348, 352, 356, 358, 360, 361, 362, 366, 369, 383, 388, 396, 397, 405, 406, 414, 416]
418: [10, 11, 23, 25, 45, 48, 50, 51, 52, 53, 57, 58, 79, 87, 88, 89, 95, 96, 123, 136, 137, 138, 141, 150, 152, 154, 156, 159, 161, 163, 165, 167, 175, 177, 179, 184, 191, 194, 195, 197, 209, 212, 214, 216, 234, 244, 246, 247, 255, 259, 267, 277, 279, 280, 281, 282, 284, 288, 289, 305, 307, 309, 310, 316, 321, 322, 325, 339, 351, 361, 366, 377, 403, 411]
419: [3, 4, 10, 15, 17, 30, 35, 37, 38, 48, 56, 57, 60, 70, 71, 84, 85, 87, 90, 97, 103, 110, 113, 114, 117, 124, 128, 131, 133, 135, 162, 167, 174, 175, 179, 191, 205, 221, 228, 233, 246, 251, 261, 279, 283, 301, 317, 320, 322, 326, 328, 331, 347, 353, 362, 363, 374, 386, 390, 401, 408]
420: [1, 5, 9, 11, 17, 19, 25, 31, 32, 37, 38, 51, 52, 64, 68, 69, 74, 79, 88, 90, 96, 97, 102, 103, 110, 112, 116, 121, 122, 123, 125, 126, 127, 132, 133, 138, 142, 152, 157, 163, 164, 165, 168, 172, 181, 183, 184, 185, 187, 189, 193, 196, 197, 204, 206, 207, 209, 214, 217, 224, 228, 234, 248, 250, 258, 259, 265, 266, 271, 274, 288, 293, 301, 304, 306, 309, 310, 311, 313, 316, 317, 318, 325, 327, 328, 330, 331, 333, 338, 343, 344, 361, 365, 372, 378, 385, 386, 387, 388, 389, 391, 392, 396, 398, 399, 400, 402, 404, 405, 411, 416, 418]
421: [2, 4, 6, 10, 15, 19, 23, 24, 31, 33, 39, 41, 45, 47, 48, 53, 55, 56, 63, 67, 74, 79, 88, 89, 90, 98, 101, 103, 117, 134, 139, 141, 144, 149, 150, 151, 155, 156, 157, 160, 161, 162, 168, 169, 179, 180, 182, 185, 194, 203, 207, 209, 212, 214, 218, 219, 223, 237, 240, 262, 266, 267, 277, 278, 280, 282, 283, 287, 289, 294, 295, 297, 307, 312, 319, 322, 326, 327, 340, 351, 358, 359, 360, 364, 366, 375, 376, 378, 380, 392, 393, 398, 399, 402, 405, 411, 414, 417, 418]
422: [1, 6, 8, 11, 13, 15, 28, 30, 31, 38, 40, 54, 63, 68, 83, 84, 95, 96, 98, 99, 107, 112, 113, 118, 120, 124, 125, 131, 138, 144, 150, 157, 160, 162, 166, 175, 179, 183, 190, 201, 202, 211, 218, 231, 235, 249, 252, 256, 264, 265, 288, 291, 294, 295, 301, 303, 309, 329, 331, 336, 342, 348, 354, 356, 358, 374, 392, 416, 417]
423: [5, 14, 17, 25, 31, 45, 69, 78, 79, 82, 88, 96, 103, 107, 110, 112, 116, 119, 136, 156, 171, 177, 183, 207, 234, 255, 262, 293, 301, 307, 313, 316, 322, 330, 339, 346, 353, 364, 365, 372, 389, 399, 402, 405, 411, 414, 418, 420]
424: [2, 6, 17, 20, 22, 27, 30, 39, 46, 47, 48, 50, 54, 57, 59, 60, 63, 68, 71, 84, 87, 89, 94, 95, 101, 103, 104, 106, 107, 110, 114, 118, 123, 128, 131, 144, 146, 150, 151, 154, 156, 158, 161, 166, 175, 176, 178, 179, 183, 186, 187, 190, 191, 192, 193, 195, 204, 205, 209, 215, 219, 221, 225, 230, 232, 240, 241, 250, 252, 256, 260, 264, 265, 266, 272, 273, 275, 282, 283, 284, 286, 287, 288, 290, 291, 295, 298, 301, 303, 305, 309, 314, 317, 321, 326, 327, 331, 336, 344, 345, 348, 352, 356, 357, 360, 362, 366, 372, 380, 383, 384, 386, 388, 393, 401, 402, 408, 417, 419, 422]
425: [2, 3, 4, 5, 9, 10, 16, 17, 20, 23, 24, 26, 31, 32, 33, 34, 39, 40, 41, 42, 43, 45, 46, 48, 51, 52, 53, 55, 57, 58, 61, 63, 66, 69, 78, 79, 87, 89, 90, 91, 96, 98, 101, 103, 104, 105, 107, 109, 110, 111, 112, 115, 116, 117, 118, 119, 121, 122, 124, 126, 128, 129, 130, 134, 136, 137, 139, 141, 143, 152, 153, 154, 156, 157, 158, 161, 164, 165, 167, 168, 169, 171, 173, 180, 183, 185, 192, 195, 199, 202, 205, 206, 208, 213, 217, 218, 219, 220, 221, 223, 227, 232, 233, 234, 237, 239, 244, 247, 255, 257, 262, 272, 273, 281, 282, 286, 288, 292, 293, 294, 296, 297, 301, 305, 310, 312, 313, 314, 319, 320, 321, 323, 326, 327, 335, 338, 339, 342, 344, 349, 351, 352, 359, 360, 361, 364, 365, 368, 372, 377, 378, 381, 383, 387, 388, 389, 392, 393, 394, 395, 399, 402, 403, 404, 410, 411, 418, 420, 421, 423]
426: [17, 43, 45, 61, 85, 90, 122, 124, 137, 141, 205, 206, 210, 213, 219, 221, 223, 232, 233, 239, 335, 342, 352, 359, 367, 403, 404, 417, 425]
427: [3, 4, 13, 15, 16, 38, 39, 40, 44, 49, 50, 51, 56, 61, 64, 69, 74, 97, 101, 110, 113, 117, 122, 133, 137, 142, 145, 156, 160, 162, 169, 170, 173, 174, 183, 184, 185, 186, 190, 193, 199, 200, 204, 207, 208, 217, 218, 225, 228, 233, 235, 241, 243, 245, 257, 265, 268, 284, 286, 287, 293, 296, 303, 305, 307, 318, 320, 321, 322, 331, 334, 338, 342, 347, 349, 351, 353, 354, 356, 370, 379, 386, 388, 390, 391, 398, 401, 419, 420]
428: [2, 12, 17, 21, 24, 30, 33, 37, 40, 41, 44, 45, 46, 47, 50, 55, 60, 61, 63, 69, 76, 79, 90, 94, 98, 101, 102, 104, 137, 138, 144, 150, 156, 157, 158, 160, 161, 168, 169, 170, 180, 183, 185, 193, 197, 209, 218, 229, 232, 237, 262, 264, 265, 266, 295, 297, 308, 309, 314, 320, 324, 326, 327, 331, 335, 342, 348, 349, 356, 359, 361, 362, 364, 379, 380, 392, 396, 401, 406, 417, 421, 424, 425, 427]
429: [3, 50, 61, 88, 137, 213, 241, 293, 305, 307, 313, 321, 334, 370, 395, 398, 420, 427]
430: [28, 57, 64, 68, 72, 87, 92, 95, 98, 106, 123, 127, 128, 132, 135, 136, 138, 145, 150, 156, 164, 168, 169, 170, 171, 175, 177, 184, 186, 190, 191, 196, 197, 198, 199, 204, 207, 208, 217, 221, 223, 225, 227, 235, 241, 244, 246, 250, 263, 271, 274, 276, 278, 279, 287, 289, 291, 296, 303, 308, 309, 318, 332, 337, 338, 344, 347, 348, 350, 351, 361, 370, 379, 384, 389, 391, 394, 398, 410, 414, 416, 418, 427]
431: [4, 8, 10, 15, 23, 40, 45, 61, 67, 72, 74, 86, 97, 119, 122, 129, 133, 140, 147, 149, 151, 166, 170, 171, 172, 176, 182, 189, 192, 203, 238, 240, 249, 254, 263, 265, 267, 279, 284, 287, 293, 295, 300, 302, 308, 330, 333, 349, 351, 385, 388, 411]
432: [2, 4, 5, 17, 23, 25, 27, 29, 31, 36, 37, 39, 43, 45, 46, 47, 49, 50, 52, 60, 64, 69, 75, 79, 84, 88, 91, 96, 102, 103, 104, 105, 106, 110, 112, 113, 114, 116, 118, 121, 136, 137, 145, 151, 156, 159, 161, 168, 172, 177, 183, 184, 186, 188, 189, 192, 194, 200, 209, 213, 216, 218, 234, 240, 250, 255, 293, 295, 301, 303, 313, 315, 316, 322, 327, 334, 339, 341, 346, 354, 355, 358, 359, 365, 370, 372, 373, 375, 377, 389, 395, 398, 399, 402, 405, 411, 413, 418, 420, 423, 425]
433: [4, 16, 19, 20, 26, 31, 34, 46, 59, 62, 65, 67, 70, 81, 82, 90, 91, 97, 102, 107, 125, 126, 127, 132, 135, 143, 151, 163, 167, 168, 169, 171, 172, 181, 184, 189, 192, 193, 198, 199, 200, 204, 209, 210, 211, 214, 220, 222, 224, 225, 228, 236, 238, 240, 241, 244, 246, 249, 251, 253, 254, 255, 256, 257, 261, 263, 274, 276, 277, 278, 279, 284, 287, 292, 298, 299, 302, 303, 304, 305, 314, 315, 318, 327, 330, 332, 343, 344, 345, 347, 348, 357, 360, 366, 368, 373, 375, 380, 385, 388, 391, 392, 394, 397, 400, 402, 409, 411, 412, 413, 417, 420]
434: [13, 18, 22, 23, 37, 39, 40, 43, 45, 48, 54, 56, 64, 65, 66, 69, 75, 81, 82, 83, 86, 87, 89, 95, 97, 100, 103, 105, 113, 121, 125, 126, 127, 132, 135, 136, 141, 143, 144, 146, 150, 152, 160, 167, 172, 174, 175, 186, 188, 189, 203, 204, 208, 214, 217, 220, 235, 241, 243, 249, 268, 273, 280, 282, 286, 297, 301, 303, 306, 307, 327, 329, 331, 333, 340, 345, 346, 354, 355, 357, 361, 363, 366, 368, 370, 374, 377, 380, 398, 402]
435: [1, 6, 17, 26, 33, 43, 45, 46, 47, 50, 61, 63, 64, 65, 67, 74, 80, 89, 90, 94, 96, 104, 119, 122, 124, 128, 137, 141, 158, 162, 164, 183, 187, 193, 205, 206, 207, 209, 213, 219, 221, 223, 228, 232, 233, 239, 240, 248, 265, 266, 272, 278, 292, 295, 296, 312, 314, 319, 327, 331, 342, 344, 348, 352, 355, 358, 359, 362, 367, 376, 380, 381, 390, 398, 399, 401, 403, 404, 421, 424, 425, 426, 428]
436: [16, 17, 19, 26, 28, 31, 32, 43, 46, 47, 50, 57, 59, 62, 63, 66, 70, 79, 94, 98, 104, 114, 132, 151, 156, 158, 162, 167, 168, 169, 170, 171, 192, 193, 199, 202, 209, 210, 214, 225, 227, 232, 238, 240, 250, 252, 255, 260, 265, 266, 273, 277, 279, 280, 295, 303, 314, 316, 322, 327, 328, 331, 332, 337, 343, 344, 347, 348, 350, 359, 362, 368, 374, 380, 384, 389, 395, 401, 408, 409, 410, 416, 424, 428, 430, 433, 435]
437: [2, 4, 10, 17, 21, 23, 29, 33, 40, 42, 44, 46, 53, 56, 57, 58, 66, 69, 74, 75, 78, 79, 82, 83, 91, 94, 98, 103, 105, 113, 114, 119, 128, 134, 135, 144, 145, 146, 156, 158, 161, 165, 168, 174, 178, 184, 188, 189, 190, 208, 220, 226, 230, 232, 235, 242, 246, 250, 255, 258, 260, 264, 267, 272, 273, 281, 286, 288, 297, 301, 314, 317, 320, 326, 327, 334, 335, 340, 344, 349, 351, 354, 355, 360, 368, 373, 377, 381, 392, 395, 411, 416, 424, 425, 432, 434]
438: [4, 29, 40, 42, 44, 46, 57, 58, 61, 66, 78, 80, 97, 98, 101, 119, 122, 131, 134, 140, 160, 170, 178, 183, 198, 210, 212, 218, 222, 255, 269, 286, 297, 299, 301, 308, 314, 320, 321, 322, 340, 342, 349, 356, 360, 377, 379, 381, 389, 401, 404, 425, 427, 428, 429, 431, 437]
439: [3, 9, 16, 20, 32, 34, 43, 50, 61, 73, 91, 111, 128, 137, 143, 157, 165, 167, 171, 173, 198, 199, 205, 207, 208, 212, 217, 227, 241, 249, 250, 251, 253, 257, 262, 266, 272, 280, 281, 287, 293, 296, 298, 305, 307, 312, 321, 330, 334, 335, 338, 344, 351, 353, 360, 366, 370, 375, 384, 398, 404, 423, 425, 427, 429, 433]
440: [4, 13, 19, 20, 22, 24, 28, 32, 33, 34, 39, 43, 46, 49, 50, 51, 56, 63, 68, 69, 72, 79, 81, 85, 87, 92, 97, 105, 106, 114, 125, 127, 128, 131, 132, 135, 136, 142, 143, 150, 151, 152, 156, 157, 158, 162, 163, 167, 172, 175, 180, 181, 187, 188, 192, 198, 203, 204, 209, 216, 219, 221, 223, 235, 241, 246, 249, 250, 260, 261, 263, 273, 274, 276, 277, 280, 289, 291, 292, 298, 307, 308, 309, 316, 318, 322, 328, 329, 332, 337, 345, 348, 351, 357, 362, 363, 364, 368, 369, 370, 374, 380, 391, 392, 394, 395, 396, 398, 400, 402, 403, 408, 409, 410, 411, 413, 420, 430, 433, 434, 436]
441: [3, 7, 11, 27, 57, 65, 89, 93, 125, 152, 160, 171, 173, 176, 220, 234, 238, 246, 256, 259, 286, 305, 308, 325, 337, 349, 350, 354, 355, 372, 382, 394, 407, 418, 420, 432]
442: [3, 23, 27, 46, 56, 65, 66, 69, 75, 76, 80, 82, 89, 93, 103, 113, 131, 135, 137, 146, 160, 171, 173, 174, 176, 178, 189, 194, 198, 201, 208, 210, 212, 220, 233, 234, 238, 256, 258, 269, 283, 286, 297, 299, 301, 303, 308, 321, 337, 340, 349, 354, 355, 368, 372, 377, 378, 382, 387, 389, 394, 401, 426, 434, 437, 438, 441]
443: [4, 26, 27, 29, 31, 36, 39, 40, 42, 46, 47, 52, 57, 58, 59, 66, 78, 82, 84, 98, 104, 105, 106, 119, 123, 126, 134, 139, 141, 149, 152, 154, 159, 171, 182, 184, 188, 192, 195, 215, 220, 222, 232, 238, 240, 245, 250, 252, 255, 261, 271, 272, 273, 275, 282, 283, 286, 288, 291, 297, 301, 305, 314, 320, 322, 328, 340, 341, 344, 349, 358, 360, 364, 366, 375, 377, 378, 379, 381, 385, 386, 387, 395, 398, 406, 410, 413, 414, 424, 425, 432, 437, 438]
444: [3, 7, 10, 20, 25, 27, 35, 40, 43, 47, 50, 61, 64, 71, 74, 82, 90, 96, 101, 103, 113, 126, 128, 130, 134, 136, 137, 139, 149, 152, 158, 187, 192, 201, 212, 220, 222, 228, 231, 238, 241, 248, 261, 271, 283, 291, 293, 305, 307, 315, 316, 317, 321, 328, 334, 349, 355, 358, 360, 367, 370, 375, 379, 385, 387, 398, 404, 406, 410, 414, 427, 429, 435, 439, 443]
445: [6, 15, 22, 33, 35, 37, 38, 47, 56, 68, 79, 99, 101, 106, 162, 167, 179, 204, 215, 221, 225, 226, 236, 240, 246, 251, 260, 261, 263, 267, 284, 286, 304, 311, 322, 352, 353, 366, 369, 374, 383, 388, 408, 417, 419, 424, 429]
446: [7, 16, 19, 23, 26, 28, 30, 31, 32, 40, 42, 55, 59, 62, 63, 68, 69, 70, 76, 79, 83, 84, 87, 89, 93, 103, 107, 108, 112, 114, 120, 124, 125, 126, 137, 141, 151, 154, 156, 160, 162, 164, 167, 169, 175, 179, 182, 184, 185, 187, 192, 195, 199, 201, 202, 203, 207, 210, 211, 214, 218, 225, 232, 238, 240, 250, 252, 255, 260, 263, 264, 267, 273, 274, 277, 278, 279, 280, 288, 294, 303, 306, 309, 311, 316, 322, 323, 328, 332, 335, 343, 347, 348, 352, 356, 358, 365, 368, 372, 374, 380, 389, 390, 391, 395, 408, 409, 416, 417, 422, 433, 436, 440]
447: [2, 6, 13, 17, 20, 23, 38, 40, 44, 59, 61, 80, 89, 96, 101, 106, 107, 131, 144, 151, 160, 161, 166, 170, 175, 176, 178, 179, 183, 187, 193, 198, 210, 212, 214, 215, 217, 218, 220, 231, 243, 244, 250, 254, 255, 260, 262, 269, 273, 274, 299, 302, 305, 307, 308, 309, 311, 321, 331, 333, 340, 342, 349, 356, 365, 366, 379, 388, 389, 401, 403, 410, 413, 424, 427, 428, 438, 442]
448: [20, 33, 34, 41, 55, 62, 74, 78, 82, 91, 105, 126, 144, 167, 181, 182, 184, 193, 200, 204, 207, 211, 214, 222, 226, 239, 244, 246, 250, 260, 264, 267, 278, 289, 299, 305, 307, 314, 315, 325, 327, 339, 385, 388, 391, 416, 432, 433, 437, 446]
449: [10, 42, 48, 51, 52, 58, 65, 68, 71, 76, 78, 79, 89, 90, 94, 122, 126, 127, 137, 140, 141, 148, 154, 165, 167, 185, 190, 195, 204, 206, 214, 217, 234, 241, 244, 247, 255, 258, 262, 272, 281, 282, 288, 301, 305, 306, 310, 317, 321, 326, 327, 344, 360, 361, 378, 383, 385, 388, 394, 395, 403, 411, 418, 420, 425, 437]
450: [3, 5, 9, 11, 16, 27, 35, 41, 43, 65, 66, 78, 89, 93, 96, 112, 132, 134, 143, 160, 164, 171, 173, 176, 207, 219, 220, 227, 234, 238, 252, 256, 264, 276, 286, 308, 332, 334, 337, 348, 349, 354, 355, 359, 372, 382, 394, 416, 436, 441, 442]