[METADATA]
File: le450_25a.col
Description: SOURCE: Craig Morgenstern (morgenst@riogrande.cs.tcu.edu)  DESCRIPTION: This is a Leighton graph as described in F.T. Leighton. Journal of Research of the National Bureau of Standards, vol. 84, no. 6,  Nov-Dec 1979, pp 489-505.   Leighton graph data structure     : sparse graph gen seed     : 192625 number of vertices : 450 max number of edges: 50000 number of classes  : 25 a c m              : 8401 6859 420175 clique vector      :     clique sz     num cliques ---------     ----------- 2          1336 7            40 16            27 25            13 Leighton's proof : 25 coloring  Graph Stats number of vertices  : 450 nonisolated vertices: 450 number of edges     : 8260 edge density        : 0.081762 max degree          : 128 avg degree          : 36.71 min degree          : 2

[GCP_DATA_INFO]
Type: GCP, Graph Coloring Problem
Node: 450
Edge: 8260

[ADJACENCY_List]
8: [3]
12: [4, 10]
16: [11]
18: [9]
19: [3, 8]
21: [12, 16]
22: [1, 6, 7]
25: [9]
26: [10, 12]
28: [7, 10, 12, 22, 26]
29: [16, 21]
30: [16, 21, 29]
31: [15]
32: [17]
34: [2, 17, 20, 29]
36: [2, 4, 27, 33]
37: [8, 26, 34, 35]
38: [24]
39: [10, 12, 26, 28, 30, 34, 37]
42: [8]
43: [7, 22, 27, 28]
44: [4, 12]
45: [36]
46: [30, 31]
48: [5, 43]
49: [15]
50: [9, 23, 43, 48]
51: [3, 8, 17, 19, 42]
52: [9, 36, 50]
53: [12, 20, 21, 23, 30]
54: [9, 10, 12, 26, 28, 31, 39, 45, 46, 52]
55: [4, 12, 23, 44]
56: [4, 15, 28]
57: [3, 28, 29, 34, 56]
58: [10, 34, 37, 39, 53]
60: [2, 5, 34, 40]
61: [2, 10, 12, 26, 27, 28, 39, 43, 54]
62: [21, 33, 36]
63: [9, 50]
64: [5, 16, 21, 29, 30, 40, 48, 60]
65: [24, 63]
66: [5, 64]
67: [3, 8, 19, 21, 51, 53]
69: [5, 9, 17, 26, 33, 34, 36, 37, 48, 52, 54, 62, 64]
70: [33, 36, 54, 62, 69]
71: [11, 16, 23, 30, 53]
72: [6, 29]
73: [3, 14, 20, 29, 34, 39, 57]
74: [5, 26, 33, 36, 48, 59, 62, 64, 69, 70]
75: [10, 14, 23, 55, 58, 73]
76: [17, 28, 42, 67, 74]
77: [26, 33, 36, 50, 62, 69, 70, 74]
78: [10, 20, 30, 34, 58, 73, 75]
79: [20, 34, 45, 73, 78]
80: [26, 28, 37, 56, 57, 60, 69]
81: [59, 74]
82: [9, 23, 26, 37, 50, 52, 63, 69, 73, 80]
83: [2, 34, 60]
84: [5, 54, 64, 65, 66, 67, 70, 76]
85: [26, 28, 37, 51, 56, 57, 69, 80, 82]
86: [9, 45, 50, 63, 68, 82]
88: [4, 16, 20, 21, 29, 30, 34, 36, 54, 64, 70, 72, 73, 78, 79, 84]
89: [1, 10, 22, 58, 75, 78]
90: [4, 5, 10, 12, 26, 28, 39, 44, 54, 55, 60, 61, 64, 66, 84]
91: [7, 22, 28, 29, 34, 43, 57, 68, 73, 75, 86]
92: [5, 40, 48, 60, 64, 69, 74]
93: [11, 16, 27, 36, 71, 78]
94: [1, 10, 11, 16, 22, 35, 37, 58, 71, 75, 78, 89, 93]
95: [78, 93]
96: [5, 30, 54, 70, 78, 84, 88]
97: [13, 20, 33, 36, 53, 62, 69, 70, 74, 77, 81, 88]
98: [28, 56, 57, 77, 80, 85]
99: [20, 26, 33, 37, 53, 69, 80, 82, 85, 97]
100: [7, 16, 22, 28, 43, 84, 91, 98]
101: [2, 5, 20, 23, 34, 53, 60, 71, 73, 78, 79, 80, 83, 88, 90]
102: [36, 45, 54, 67, 70, 76, 84, 88, 96]
103: [1, 11, 16, 17, 22, 26, 29, 34, 44, 57, 69, 71, 73, 74, 77, 89, 91, 93, 94]
104: [9, 50, 63, 82, 86]
105: [10, 12, 20, 26, 28, 34, 37, 39, 54, 58, 61, 73, 76, 78, 79, 88, 90, 101]
106: [1, 22, 34, 37, 39, 58, 72, 89, 94, 103, 105]
107: [66]
108: [17, 42]
109: [17, 32, 50, 52, 82, 98, 100]
110: [33, 36, 62, 69, 70, 74, 77, 97]
111: [5, 64, 66, 84, 90]
112: [3, 7, 17, 20, 22, 28, 29, 34, 43, 53, 57, 69, 73, 76, 78, 79, 88, 91, 100, 101, 103, 105]
113: [20, 28, 33, 36, 53, 62, 69, 70, 72, 74, 76, 77, 92, 97, 99, 105, 110, 112]
114: [31, 46, 48, 54]
115: [24, 31, 38, 46, 54, 81, 106, 114]
116: [26, 27, 43, 61, 74, 75, 77, 78, 93, 95, 98, 100, 103, 109]
117: [26, 51]
118: [2, 5, 29, 34, 57, 64, 65, 66, 73, 84, 90, 91, 103, 111, 112]
119: [30, 78, 96, 103]
120: [29, 34, 57, 73, 74, 76, 91, 103, 112, 113, 118]
121: [29, 34, 57, 62, 73, 91, 103, 112, 118, 120]
122: [5, 24, 26, 34, 37, 39, 48, 58, 64, 65, 69, 74, 77, 92, 95, 103, 105, 106, 116]
123: [5, 17, 34, 60, 69, 90, 101, 103, 112]
124: [15, 33, 65, 90]
125: [84]
126: [7, 22, 28, 34, 37, 39, 43, 54, 58, 60, 70, 84, 88, 91, 96, 100, 102, 105, 106, 112, 122]
127: [11, 16, 29, 34, 37, 39, 43, 57, 58, 71, 73, 91, 93, 94, 103, 105, 106, 112, 118, 120, 121, 122, 126]
128: [31, 40, 46, 54, 60, 64, 87, 92, 112, 114, 115]
129: [3, 5, 8, 19, 26, 51, 60, 67, 74, 76, 77, 84, 90, 101, 102, 103, 116, 122, 123]
130: [12, 14, 46, 73, 75, 121]
131: [5, 24, 38, 58, 60, 64, 66, 84, 90, 101, 111, 115, 118, 123, 129]
132: [5, 10, 58, 64, 66, 75, 78, 84, 89, 90, 94, 111, 118, 131]
133: [20, 42, 49, 53, 59, 74, 81, 97, 99, 113, 124]
134: [78, 93, 95, 116]
135: [15, 21, 53, 67, 69]
136: [9, 26, 45, 52, 54, 59, 69, 74, 77, 81, 98, 103, 116, 122, 127, 129, 133]
137: [3, 77, 98, 136]
138: [20, 40, 59, 60, 64, 65, 74, 81, 84, 92, 118, 128, 133, 136]
139: [7, 23, 43, 48, 50, 55, 75, 130]
140: [2, 6, 30, 34, 60, 78, 83, 95, 96, 99, 101, 119, 122, 124]
141: [23, 54, 55, 59, 65, 70, 74, 75, 77, 81, 84, 88, 96, 98, 102, 118, 126, 133, 136, 137, 138, 139]
142: [26, 31, 46, 54, 74, 77, 103, 108, 114, 115, 116, 122, 128, 129, 136]
143: [2, 9, 34, 37, 39, 50, 58, 60, 63, 82, 83, 86, 101, 102, 104, 105, 106, 122, 126, 127, 140]
144: [12, 78, 93, 95, 116, 130, 134]
145: [9, 52, 54, 69, 136]
146: [12, 35, 37, 62, 94, 130, 144]
147: [2, 10, 12, 26, 28, 30, 34, 39, 54, 60, 61, 78, 81, 83, 90, 96, 98, 100, 101, 105, 109, 116, 119, 129, 140, 143]
148: [89, 114, 139]
149: [8, 17, 34, 40, 69, 103, 112, 123]
150: [36, 40, 52, 60, 64, 67, 76, 84, 92, 102, 128, 129, 138]
151: [60]
152: [11, 18, 28, 68, 76, 105, 112, 113]
153: [5, 17, 32, 60, 74, 76, 90, 101, 109, 113, 120, 123, 129, 131]
154: [63, 65]
155: [7, 14, 21, 46, 71, 139]
156: [28, 67, 74, 76, 84, 90, 102, 105, 112, 113, 120, 129, 150, 152, 153]
157: [66, 67, 76, 84, 102, 123, 129, 150, 156]
158: [5, 17, 24, 26, 31, 46, 54, 60, 70, 74, 77, 84, 88, 90, 96, 101, 102, 103, 114, 115, 116, 122, 123, 126, 128, 129, 131, 136, 141, 142, 153]
159: [11, 14, 16, 21, 23, 28, 29, 30, 53, 64, 71, 76, 88, 93, 94, 101, 103, 105, 112, 113, 127, 152, 155, 156]
160: [9, 17, 32, 34, 52, 54, 58, 69, 101, 103, 109, 112, 123, 126, 131, 136, 145, 149, 153]
161: [16, 20, 21, 29, 30, 64, 88, 159]
162: [23, 50, 82, 155]
163: [3, 5, 8, 19, 51, 60, 67, 75, 90, 91, 101, 123, 129, 131, 153, 158]
164: [23, 30, 55, 78, 96, 119, 140, 147]
165: [20, 26, 37, 53, 69, 80, 82, 85, 97, 99, 113, 133]
166: [14, 73, 75, 130, 157]
167: [8, 126]
169: [1, 54, 70, 77, 84, 88, 96, 98, 102, 126, 135, 136, 137, 141, 158]
170: [10, 12, 26, 27, 28, 29, 36, 39, 52, 54, 61, 68, 72, 86, 90, 91, 93, 105, 147, 150]
171: [5, 9, 10, 26, 48, 50, 58, 60, 63, 64, 69, 74, 75, 77, 78, 82, 86, 89, 90, 92, 94, 101, 103, 104, 116, 122, 123, 129, 131, 132, 136, 142, 143, 153, 158, 163]
172: [3, 4, 8, 12, 19, 44, 51, 55, 59, 67, 74, 81, 90, 129, 133, 136, 138, 141, 163]
173: [1, 10, 12, 14, 16, 21, 22, 26, 28, 29, 30, 39, 54, 61, 64, 74, 77, 88, 89, 90, 94, 103, 105, 106, 116, 122, 129, 136, 142, 147, 157, 158, 159, 161, 170, 171]
174: [1, 3, 8, 19, 22, 51, 67, 89, 94, 103, 106, 129, 163, 172, 173]
175: [5, 48, 53, 64, 65, 69, 74, 84, 92, 118, 122, 138, 141, 171]
176: [9, 17, 42, 52, 54, 67, 69, 136, 145, 160]
177: [20, 34, 73, 78, 79, 88, 101, 105, 112, 136]
178: [54, 70, 84, 87, 88, 96, 102, 119, 126, 141, 158, 169]
179: [45, 63, 70]
180: [14, 28]
181: [16, 21, 29, 30, 64, 88, 129, 147, 159, 161, 172, 173]
182: [14, 23, 41, 43, 48, 50, 53, 66, 71, 73, 75, 98, 101, 130, 139, 159, 166]
183: [7, 17, 22, 28, 43, 56, 57, 80, 85, 91, 98, 100, 112, 126]
184: [36, 45, 102]
185: [1, 5, 23, 34, 37, 39, 48, 53, 58, 64, 69, 71, 74, 76, 77, 92, 98, 101, 105, 106, 122, 126, 127, 136, 137, 141, 143, 159, 169, 171, 175, 182]
186: [20, 30, 53, 78, 96, 97, 99, 113, 119, 120, 133, 140, 147, 164, 165]
187: [17, 32, 67, 76, 84, 102, 109, 129, 150, 153, 156, 157, 160]
188: [4, 29, 34, 47, 54, 57, 73, 79, 91, 103, 104, 112, 118, 120, 121, 127, 129, 172]
189: [17, 23, 34, 53, 69, 71, 101, 103, 112, 123, 149, 159, 160, 182, 185]
190: [23, 50, 75, 82, 91, 98, 99, 100, 109, 116, 129, 147, 162, 163, 181]
191: [9, 10, 50, 52, 58, 63, 75, 78, 82, 86, 89, 94, 104, 109, 132, 143, 171]
192: [8, 10, 12, 26, 28, 37, 39, 40, 54, 61, 90, 105, 147, 151, 170, 173]
193: [36, 75, 91, 102, 150, 163, 190]
194: [78, 85]
195: [2, 29, 34, 60, 83, 98, 100, 101, 109, 116, 129, 140, 143, 147, 154, 190]
196: [5, 20, 40, 53, 60, 64, 78, 92, 93, 95, 97, 99, 113, 116, 128, 133, 134, 138, 144, 150, 162, 165, 186, 187]
197: [9, 16, 20, 21, 29, 30, 34, 50, 63, 64, 73, 78, 79, 82, 86, 88, 101, 104, 105, 112, 113, 143, 159, 161, 171, 173, 177, 181, 191]
198: [14, 32, 67, 76, 84, 102, 129, 150, 155, 156, 157, 162, 187]
199: [20, 23, 34, 50, 73, 78, 79, 82, 88, 101, 105, 108, 112, 162, 177, 190, 197]
200: [5, 27, 41, 43, 54, 59, 61, 64, 66, 68, 70, 84, 86, 88, 90, 91, 96, 102, 111, 116, 118, 126, 131, 132, 141, 158, 166, 169, 170, 178, 184]
201: [17, 32, 34, 35, 37, 69, 94, 103, 109, 112, 123, 146, 149, 153, 160, 187, 189]
202: [11, 20, 53, 59, 74, 75, 81, 91, 133, 136, 138, 141, 163, 172, 175, 190, 193]
203: [5, 48, 64, 69, 74, 92, 94, 122, 169, 171, 175, 185, 187]
204: [5, 11, 16, 48, 64, 66, 69, 71, 74, 75, 84, 90, 91, 92, 93, 94, 103, 111, 118, 122, 127, 131, 132, 159, 163, 171, 175, 185, 190, 193, 200, 202, 203]
205: [14, 23, 50, 78, 82, 93, 95, 116, 134, 144, 162, 190, 196, 199]
206: [4, 5, 10, 12, 26, 28, 39, 44, 48, 54, 55, 61, 64, 69, 72, 74, 90, 92, 97, 98, 100, 105, 109, 116, 122, 147, 170, 171, 172, 173, 175, 185, 190, 192, 195, 203, 204]
207: [40, 60, 64, 92, 112, 128, 138, 150, 196]
208: [4, 12, 17, 32, 44, 55, 90, 109, 117, 153, 160, 172, 187, 201, 206]
209: [27, 36, 68, 75, 91, 93, 102, 150, 163, 170, 175, 190, 193, 202, 204]
210: [4, 7, 8, 12, 20, 22, 28, 37, 43, 44, 53, 54, 55, 70, 84, 88, 90, 91, 96, 97, 99, 100, 102, 112, 113, 126, 133, 141, 144, 158, 165, 169, 172, 178, 183, 186, 192, 196, 200, 206, 208]
211: [145]
212: [20, 30, 40, 53, 54, 60, 64, 70, 78, 84, 88, 92, 93, 95, 96, 97, 99, 102, 113, 116, 119, 126, 128, 133, 134, 138, 140, 141, 144, 147, 150, 153, 158, 164, 165, 169, 178, 186, 196, 200, 205, 207, 210]
213: [4, 12, 29, 44, 55, 72, 90, 170, 172, 206, 208, 210]
214: [23]
215: [106, 181]
216: [5, 17, 32, 34, 48, 60, 64, 69, 74, 90, 92, 101, 103, 112, 122, 123, 129, 131, 149, 153, 158, 160, 163, 171, 175, 185, 189, 201, 203, 204, 206]
217: [1, 26, 37, 69, 80, 82, 85, 99, 126, 165, 169, 185]
218: [16, 21, 29, 30, 36, 45, 54, 59, 64, 67, 70, 74, 76, 81, 84, 88, 96, 102, 113, 120, 126, 129, 133, 134, 136, 138, 141, 150, 153, 156, 157, 158, 159, 161, 169, 172, 173, 178, 181, 184, 187, 197, 198, 200, 202, 210, 212]
219: [20, 34, 53, 73, 78, 79, 88, 101, 105, 112, 175, 177, 197, 199, 202]
220: [5, 17, 28, 29, 34, 37, 39, 40, 58, 60, 64, 67, 69, 76, 84, 90, 92, 101, 102, 103, 105, 106, 112, 113, 122, 123, 126, 127, 128, 129, 131, 138, 143, 149, 150, 152, 153, 156, 157, 158, 159, 160, 163, 171, 185, 187, 189, 196, 198, 201, 207, 212, 216, 218]
221: [20, 23, 28, 34, 50, 73, 76, 78, 79, 82, 88, 101, 105, 112, 113, 152, 156, 159, 162, 177, 190, 197, 199, 205, 207, 219, 220]
222: [4, 56, 63, 65, 154]
223: [17, 32, 65, 84, 109, 118, 138, 141, 153, 157, 160, 175, 187, 201, 208]
224: [17, 32, 75, 90, 91, 109, 129, 140, 147, 153, 160, 163, 181, 187, 190, 193, 201, 202, 204, 208, 209, 223]
225: [16, 84]
226: [15, 53, 58, 131, 135, 160, 175, 202, 219]
227: [65, 74, 76, 78, 84, 93, 95, 113, 116, 118, 120, 134, 138, 141, 143, 144, 153, 156, 175, 196, 205, 212, 218, 223]
228: [19, 44, 67, 69, 76, 84, 87, 102, 129, 150, 156, 157, 187, 198, 218, 220]
229: [7, 22, 28, 43, 59, 74, 81, 91, 100, 112, 126, 133, 136, 138, 141, 163, 172, 183, 202, 210, 218]
230: [9, 26, 50, 54, 63, 70, 74, 77, 82, 84, 86, 88, 96, 102, 103, 104, 116, 121, 122, 126, 129, 136, 141, 142, 143, 158, 169, 171, 173, 178, 191, 196, 197, 200, 210, 212, 214, 218]
231: [29, 47, 65, 72, 84, 118, 138, 141, 170, 175, 213, 223, 227]
232: [41, 166]
233: [1, 17, 22, 23, 34, 50, 69, 75, 82, 89, 91, 94, 103, 106, 112, 117, 123, 149, 160, 162, 163, 173, 174, 189, 190, 193, 199, 201, 202, 204, 205, 209, 216, 220, 221, 224]
234: [26, 50, 68, 74, 77, 103, 116, 122, 129, 136, 142, 158, 171, 173, 193, 230]
235: [44, 53, 58, 144]
236: [20, 29, 34, 37, 39, 53, 57, 58, 65, 73, 74, 76, 78, 79, 84, 88, 91, 101, 103, 105, 106, 112, 113, 118, 120, 121, 122, 126, 127, 138, 141, 143, 153, 156, 175, 177, 185, 188, 197, 199, 202, 218, 219, 220, 221, 223, 226, 227, 231]
237: [3, 23, 28, 53, 56, 57, 71, 73, 80, 85, 96, 98, 101, 159, 175, 180, 182, 183, 185, 189, 202, 219, 226, 236]
238: [17, 34, 47, 69, 103, 112, 123, 147, 149, 160, 189, 201, 216, 220, 233]
239: [23, 28, 50, 76, 82, 105, 112, 113, 123, 152, 156, 159, 162, 190, 199, 205, 220, 221, 233]
240: [6, 31, 74, 81]
241: [28, 30, 34, 37, 39, 53, 58, 76, 78, 96, 105, 106, 112, 113, 119, 122, 126, 127, 140, 143, 147, 152, 155, 156, 159, 162, 164, 175, 185, 186, 198, 202, 212, 219, 220, 221, 226, 236, 237, 239]
242: [4, 7, 12, 22, 23, 28, 43, 44, 50, 54, 55, 59, 70, 74, 75, 81, 82, 84, 88, 90, 91, 96, 100, 102, 112, 126, 133, 136, 138, 141, 158, 162, 163, 169, 172, 178, 183, 190, 193, 199, 200, 202, 204, 205, 206, 208, 209, 210, 212, 213, 218, 221, 224, 226, 229, 230, 233, 239]
243: [77, 84, 102]
244: [53]
245: [16, 21, 26, 29, 30, 64, 74, 77, 88, 103, 116, 122, 129, 136, 142, 158, 159, 161, 171, 173, 181, 197, 211, 218, 230, 234]
246: [10, 12, 26, 28, 34, 37, 39, 54, 58, 61, 62, 90, 105, 106, 122, 126, 127, 143, 147, 170, 173, 185, 192, 205, 206, 220, 236, 241]
247: [9, 40, 52, 54, 56, 69, 136, 145, 160, 176, 192]
248: [30, 32, 78, 96, 119, 140, 147, 164, 186, 212, 214, 232, 239, 241]
249: [4, 10, 12, 15, 26, 28, 39, 40, 44, 54, 55, 60, 61, 63, 64, 65, 83, 90, 92, 105, 115, 128, 135, 138, 147, 150, 154, 170, 172, 173, 192, 196, 206, 207, 208, 210, 212, 213, 220, 222, 226, 242, 246, 247]
250: [59]
251: [23, 35, 40, 50, 75, 82, 91, 135, 162, 163, 167, 190, 192, 193, 199, 202, 204, 205, 209, 217, 221, 224, 233, 235, 239, 242, 247, 249]
252: [5, 64, 66, 84, 86, 90, 111, 118, 131, 132, 200, 204]
253: [60, 62, 80, 101, 162, 187]
254: [2, 34, 36, 37, 38, 39, 40, 52, 58, 60, 64, 83, 92, 98, 100, 101, 105, 106, 109, 116, 122, 126, 127, 128, 138, 140, 143, 147, 150, 170, 185, 190, 195, 196, 206, 207, 212, 220, 236, 241, 245, 246, 249]
255: [11, 16, 21, 31, 46, 54, 71, 93, 94, 96, 103, 114, 115, 127, 128, 142, 158, 159, 204]
256: [17, 34, 65, 69, 75, 91, 103, 112, 123, 149, 160, 163, 189, 190, 193, 201, 202, 204, 209, 216, 220, 224, 233, 238, 242, 251]
257: [16, 21, 29, 30, 41, 50, 59, 64, 65, 74, 77, 78, 81, 84, 88, 96, 118, 119, 133, 136, 138, 140, 141, 147, 155, 159, 161, 162, 164, 172, 173, 175, 181, 186, 197, 198, 202, 212, 218, 223, 227, 229, 231, 236, 241, 242, 245, 248]
258: [24, 26, 37, 49, 69, 80, 82, 85, 92, 99, 124, 165, 217]
259: [30, 68, 77, 78, 96, 98, 119, 136, 137, 140, 141, 147, 164, 169, 185, 186, 193, 212, 241, 248, 257]
260: [23, 30, 44, 50, 53, 71, 78, 82, 93, 95, 116, 134, 144, 151, 162, 176, 190, 196, 199, 201, 205, 212, 221, 227, 233, 239, 242, 251]
261: [2, 20, 52, 67, 76, 84, 102, 127, 129, 150, 156, 157, 187, 198, 218, 220, 228]
262: [7, 71, 139, 155]
263: [2, 5, 34, 60, 64, 66, 83, 84, 90, 98, 100, 101, 109, 111, 116, 118, 131, 132, 140, 143, 147, 179, 190, 195, 200, 204, 206, 252, 254]
264: [26, 30, 37, 53, 69, 71, 80, 82, 85, 98, 99, 100, 109, 116, 147, 165, 190, 195, 206, 217, 254, 258, 260, 263]
265: [26, 33, 36, 62, 69, 70, 74, 77, 97, 103, 110, 113, 116, 122, 129, 136, 142, 158, 171, 173, 230, 234, 245]
266: [40, 43, 48, 50, 60, 64, 77, 92, 112, 128, 138, 139, 150, 182, 196, 207, 212, 220, 221, 232, 249, 254, 257]
267: [1, 33, 58, 83, 131, 160, 226]
268: [5, 9, 10, 20, 25, 48, 50, 58, 64, 69, 74, 75, 77, 78, 89, 92, 94, 122, 132, 138, 171, 175, 185, 191, 202, 203, 204, 206, 216, 236, 257, 266]
269: [7, 8, 20, 22, 28, 30, 34, 37, 39, 43, 53, 58, 71, 91, 97, 99, 100, 105, 106, 112, 113, 122, 126, 127, 133, 143, 153, 160, 165, 183, 185, 186, 192, 196, 210, 212, 220, 229, 235, 236, 241, 242, 246, 254, 260, 264]
270: [4, 36, 59, 61, 74, 77, 81, 86, 88, 98, 111, 129, 133, 136, 137, 138, 141, 169, 172, 185, 202, 218, 229, 242, 257, 259]
271: [1, 22, 89, 94, 103, 106, 173, 174, 233]
272: [156, 188, 263]
273: [7, 10, 32, 50, 58, 75, 77, 78, 89, 94, 132, 139, 155, 164, 171, 191, 257, 262, 266, 268]
274: [9, 52, 54, 67, 69, 76, 83, 84, 92, 102, 108, 113, 129, 136, 145, 150, 156, 157, 160, 176, 187, 198, 218, 220, 228, 247, 261]
275: [5, 28, 36, 45, 59, 60, 76, 90, 101, 102, 105, 112, 113, 123, 129, 131, 152, 153, 156, 158, 159, 163, 171, 184, 191, 216, 218, 220, 221, 239, 241, 266]
276: [92, 117, 142, 235]
277: [5, 17, 34, 60, 69, 90, 101, 103, 111, 112, 123, 129, 131, 149, 153, 158, 160, 163, 171, 189, 201, 211, 216, 220, 233, 238, 256, 275]
278: [194, 219, 244, 269]
279: [45, 70, 95, 120, 238, 263]
280: [17, 32, 109, 153, 160, 187, 201, 208, 214, 223, 224]
281: [9, 20, 26, 34, 37, 52, 54, 65, 69, 73, 78, 79, 80, 82, 85, 88, 92, 99, 101, 105, 112, 113, 136, 145, 160, 165, 176, 177, 197, 199, 217, 219, 221, 236, 247, 258, 264, 272, 274]
282: [10, 12, 16, 20, 26, 28, 34, 39, 54, 61, 73, 77, 78, 79, 88, 90, 98, 101, 105, 112, 136, 137, 141, 147, 169, 170, 173, 177, 185, 192, 197, 199, 206, 219, 221, 236, 246, 249, 259, 270, 281]
283: [24, 38, 65, 69, 84, 115, 118, 131, 138, 141, 160, 175, 201, 223, 227, 231, 236, 257]
284: [5, 60, 68, 90, 101, 123, 129, 131, 153, 158, 163, 171, 216, 220, 275, 277]
285: [44, 126, 244]
286: [2, 7, 22, 28, 43, 91, 100, 112, 126, 183, 210, 220, 229, 242, 269]
287: [5, 48, 60, 64, 69, 71, 74, 80, 92, 101, 122, 171, 175, 185, 196, 203, 204, 206, 216, 228, 253, 268, 278]
288: [31, 46, 47, 54, 79, 104, 114, 115, 128, 129, 142, 147, 158, 181, 190, 224, 247, 255]
289: [3, 5, 7, 8, 19, 22, 28, 43, 51, 60, 67, 77, 90, 91, 98, 100, 101, 112, 123, 126, 129, 131, 136, 137, 141, 153, 158, 163, 169, 171, 172, 174, 183, 185, 210, 216, 220, 223, 229, 242, 259, 269, 270, 275, 277, 282, 284, 286]
290: [5, 20, 34, 48, 64, 69, 73, 74, 78, 79, 88, 92, 101, 105, 112, 122, 171, 175, 177, 185, 197, 199, 203, 204, 206, 216, 219, 221, 231, 236, 268, 281, 282, 287]
291: [23, 36, 50, 67, 76, 82, 84, 102, 107, 129, 150, 156, 157, 162, 187, 190, 193, 198, 199, 205, 209, 218, 220, 221, 228, 233, 239, 242, 251, 260, 261, 274]
292: [8, 33, 34, 37, 39, 58, 105, 106, 122, 126, 127, 143, 185, 220, 236, 241, 246, 254, 269]
293: [40, 53, 60, 64, 77, 92, 128, 138, 150, 175, 196, 202, 207, 212, 219, 220, 226, 236, 237, 241, 249, 254, 266, 284]
294: [17, 21, 23, 28, 32, 53, 56, 57, 60, 67, 71, 80, 85, 98, 101, 109, 135, 153, 159, 160, 182, 183, 185, 187, 189, 201, 208, 223, 224, 237, 280]
295: [11, 104, 129, 147, 181, 190, 224, 229, 288]
296: [28, 53, 60, 80, 101, 175, 180, 202, 205, 219, 226, 236, 237, 241, 253, 262, 287, 293]
297: [28, 31, 54, 56, 57, 63, 70, 74, 76, 80, 84, 85, 88, 92, 96, 98, 102, 105, 112, 113, 120, 126, 138, 141, 152, 153, 156, 158, 159, 169, 178, 183, 200, 210, 212, 218, 220, 221, 227, 230, 236, 237, 239, 241, 242, 274, 275, 281, 294]
298: [5, 7, 9, 14, 25, 64, 66, 84, 90, 111, 118, 131, 132, 155, 159, 200, 204, 252, 263, 268]
299: [83, 208, 215, 290]
300: [29, 34, 57, 59, 73, 74, 81, 91, 103, 112, 116, 118, 120, 121, 127, 133, 136, 138, 141, 159, 172, 188, 191, 202, 218, 229, 236, 242, 257, 270, 284]
301: [10, 21, 42, 53, 58, 67, 75, 78, 89, 94, 132, 135, 171, 191, 235, 268, 273, 294]
302: [5, 40, 48, 60, 64, 69, 74, 92, 122, 128, 138, 150, 171, 175, 185, 186, 196, 203, 204, 206, 207, 212, 216, 220, 249, 254, 266, 268, 287, 290, 293]
303: [1, 94, 119, 144, 169, 185, 194, 217]
304: [13, 20, 113, 138, 202, 236, 268]
305: [1, 22, 53, 89, 94, 103, 106, 173, 174, 175, 189, 202, 219, 226, 233, 236, 237, 241, 271, 293, 296]
306: [26, 63, 65, 74, 77, 103, 116, 122, 129, 136, 142, 154, 158, 165, 171, 172, 173, 222, 230, 234, 245, 249, 265, 290]
307: [11, 16, 23, 28, 41, 53, 54, 55, 70, 71, 75, 76, 84, 88, 93, 94, 96, 102, 103, 105, 112, 113, 126, 127, 139, 141, 152, 156, 158, 159, 169, 175, 178, 200, 202, 204, 210, 212, 218, 219, 220, 221, 226, 230, 236, 237, 239, 241, 242, 255, 275, 293, 296, 297, 305]
308: [1, 9, 15, 28, 52, 54, 69, 76, 92, 105, 112, 113, 135, 136, 145, 152, 156, 159, 160, 169, 176, 185, 217, 220, 221, 226, 239, 241, 247, 249, 274, 275, 281, 297, 299, 303, 307]
309: [36, 40, 52, 53, 60, 64, 68, 86, 91, 92, 128, 138, 150, 170, 175, 196, 200, 202, 207, 212, 219, 220, 226, 236, 237, 241, 249, 254, 266, 293, 296, 302, 305, 307]
310: [3, 8, 19, 26, 28, 51, 67, 76, 105, 112, 113, 129, 152, 156, 159, 163, 172, 174, 220, 221, 239, 241, 244, 275, 289, 297, 307, 308]
311: [4, 5, 17, 34, 40, 48, 56, 60, 64, 69, 74, 92, 95, 103, 112, 122, 123, 128, 138, 149, 150, 160, 171, 175, 185, 189, 196, 201, 203, 204, 206, 207, 212, 216, 220, 222, 233, 238, 249, 254, 256, 266, 268, 277, 287, 290, 293, 302, 309]
312: [5, 9, 26, 50, 60, 63, 71, 74, 77, 82, 86, 90, 101, 103, 104, 116, 122, 123, 128, 129, 131, 136, 142, 143, 153, 158, 163, 171, 173, 191, 197, 216, 220, 230, 234, 245, 265, 275, 277, 284, 289, 306]
313: [4, 9, 10, 12, 26, 28, 29, 30, 39, 47, 52, 54, 61, 69, 78, 79, 90, 96, 105, 119, 122, 136, 140, 145, 147, 160, 164, 170, 173, 176, 186, 192, 206, 212, 241, 246, 247, 248, 249, 257, 259, 274, 281, 282, 308]
314: [112, 207, 221, 255, 266, 280, 305]
315: [1, 22, 58, 74, 76, 89, 94, 103, 106, 113, 120, 131, 153, 156, 160, 173, 174, 181, 199, 218, 226, 227, 233, 236, 267, 271, 297, 305]
316: [57, 250]
317: [15, 20, 23, 30, 34, 53, 71, 73, 78, 79, 88, 96, 101, 105, 112, 119, 135, 140, 147, 159, 164, 177, 182, 185, 186, 189, 197, 199, 212, 219, 221, 226, 236, 237, 241, 248, 249, 257, 258, 259, 281, 282, 283, 290, 294, 308, 313]
318: [23, 26, 53, 71, 74, 77, 98, 101, 103, 116, 122, 129, 136, 137, 141, 142, 158, 159, 169, 171, 173, 182, 185, 189, 230, 234, 237, 245, 259, 265, 270, 282, 289, 294, 306, 312, 317]
319: [5, 10, 12, 26, 28, 35, 39, 54, 60, 61, 80, 90, 101, 105, 123, 129, 131, 147, 153, 158, 163, 170, 171, 173, 192, 206, 216, 220, 246, 249, 253, 275, 277, 278, 282, 284, 287, 289, 296, 312, 313]
320: [4, 5, 7, 22, 28, 43, 48, 56, 64, 69, 74, 91, 92, 100, 104, 112, 122, 126, 171, 175, 183, 185, 203, 204, 206, 210, 216, 222, 229, 242, 268, 269, 286, 287, 289, 290, 302, 311]
321: [28, 55, 56, 57, 67, 76, 77, 80, 84, 85, 98, 102, 129, 136, 137, 141, 150, 156, 157, 162, 169, 183, 185, 187, 198, 205, 212, 218, 220, 228, 237, 259, 261, 270, 274, 282, 289, 291, 294, 297, 318]
322: [38, 63, 88, 156]
323: [7]
324: [83, 115, 140, 183, 308]
325: [14, 16, 21, 29, 30, 34, 41, 59, 64, 88, 155, 159, 161, 173, 181, 197, 218, 245, 257, 259, 284, 298]
326: [33, 36, 53, 58, 62, 69, 70, 74, 77, 97, 110, 113, 235, 265, 269, 292]
327: [4, 9, 50, 56, 63, 82, 86, 104, 143, 168, 171, 191, 197, 218, 222, 230, 243, 311, 312, 320]
328: [7, 19, 33, 36, 44, 62, 69, 70, 74, 77, 97, 110, 113, 139, 155, 262, 265, 273, 326]
329: [65, 84, 113, 118, 138, 141, 175, 223, 227, 231, 236, 238, 257, 283, 320]
330: [10, 58, 75, 78, 89, 94, 112, 121, 132, 171, 191, 207, 221, 246, 266, 268, 273, 301, 314]
331: [20, 22, 24, 33, 36, 40, 47, 53, 62, 65, 69, 70, 74, 77, 97, 99, 110, 113, 122, 133, 165, 186, 196, 210, 212, 265, 269, 326, 328]
332: [9, 16, 25, 34, 37, 39, 58, 105, 106, 122, 126, 127, 143, 185, 220, 236, 241, 246, 254, 268, 269, 292, 298, 323]
333: [20, 34, 40, 60, 64, 73, 78, 79, 88, 92, 101, 105, 112, 128, 138, 149, 150, 177, 196, 197, 199, 207, 212, 219, 220, 221, 236, 249, 254, 266, 281, 282, 290, 293, 302, 309, 311, 317]
334: [7, 10, 14, 22, 25, 28, 43, 48, 50, 58, 73, 75, 77, 78, 89, 91, 94, 100, 112, 125, 126, 130, 132, 139, 166, 171, 182, 183, 191, 210, 229, 242, 257, 266, 268, 269, 273, 286, 289, 301, 320, 330]
335: [12, 31, 46, 54, 114, 115, 128, 130, 142, 144, 146, 158, 255, 288]
336: [5, 60, 75, 78, 90, 91, 93, 95, 101, 116, 123, 129, 131, 134, 144, 153, 158, 163, 171, 177, 190, 193, 196, 202, 204, 205, 209, 212, 216, 220, 224, 227, 233, 242, 251, 256, 260, 275, 277, 284, 289, 312, 319]
337: [1, 3, 8, 10, 11, 16, 19, 22, 30, 46, 51, 53, 58, 67, 71, 75, 78, 89, 93, 94, 103, 106, 127, 128, 129, 132, 159, 163, 171, 172, 173, 174, 191, 204, 233, 255, 260, 264, 268, 269, 271, 273, 289, 301, 305, 307, 310, 315, 330, 334]
338: [27, 36, 93, 147, 170, 209, 247, 329]
339: [9, 17, 28, 32, 50, 54, 63, 70, 78, 82, 84, 86, 88, 93, 95, 96, 102, 104, 109, 116, 126, 134, 141, 143, 144, 153, 155, 158, 160, 162, 169, 171, 178, 180, 187, 191, 196, 197, 198, 200, 201, 205, 208, 210, 212, 218, 223, 224, 227, 230, 237, 241, 242, 255, 257, 260, 280, 294, 296, 297, 307, 312, 327, 336]
340: [28, 34, 37, 39, 49, 56, 57, 58, 59, 74, 80, 81, 85, 98, 105, 106, 122, 126, 127, 133, 136, 138, 141, 143, 156, 172, 174, 183, 185, 202, 218, 220, 229, 236, 237, 241, 242, 246, 254, 257, 269, 270, 292, 294, 297, 300, 321, 332]
341: [9, 25, 125, 150, 250, 268, 298, 332]
342: [1, 5, 22, 24, 38, 60, 89, 90, 94, 101, 103, 106, 115, 123, 129, 131, 153, 158, 163, 171, 173, 174, 183, 216, 220, 233, 271, 275, 277, 283, 284, 289, 305, 312, 315, 319, 336, 337]
343: [17, 34, 50, 52, 69, 82, 84, 98, 100, 103, 109, 112, 116, 123, 134, 147, 149, 160, 177, 189, 190, 191, 195, 201, 206, 216, 220, 233, 238, 254, 256, 263, 264, 277, 302, 311]
344: [31, 46, 54, 74, 76, 113, 114, 115, 120, 128, 142, 153, 156, 158, 218, 227, 236, 253, 255, 288, 297, 315, 335]
345: [4, 12, 30, 44, 55, 65, 78, 84, 90, 96, 118, 119, 138, 140, 141, 147, 164, 172, 175, 186, 206, 208, 210, 211, 212, 213, 223, 227, 231, 236, 241, 242, 248, 249, 257, 259, 261, 283, 286, 313, 317, 329]
346: [4, 7, 12, 22, 23, 28, 43, 44, 55, 75, 80, 90, 91, 100, 112, 126, 139, 141, 172, 180, 183, 206, 208, 210, 213, 229, 242, 249, 269, 286, 289, 307, 320, 334, 345]
347: [67, 76, 84, 102, 129, 150, 156, 157, 187, 198, 218, 220, 228, 261, 274, 291, 313, 321, 338]
348: [7, 22, 28, 43, 91, 100, 107, 112, 126, 183, 189, 210, 229, 239, 242, 269, 286, 289, 320, 332, 334, 346]
349: [1, 2, 34, 60, 65, 83, 84, 90, 101, 115, 118, 138, 140, 141, 143, 147, 169, 175, 185, 195, 217, 223, 227, 231, 236, 254, 257, 263, 283, 303, 308, 329, 345]
350: [2, 10, 11, 12, 16, 20, 23, 26, 28, 34, 39, 53, 54, 60, 61, 71, 73, 78, 79, 83, 88, 90, 93, 94, 101, 103, 105, 112, 127, 140, 143, 147, 159, 170, 173, 177, 182, 185, 189, 192, 195, 197, 199, 204, 206, 219, 221, 236, 237, 246, 249, 254, 255, 263, 281, 282, 290, 294, 307, 313, 317, 318, 319, 333, 337, 349]
351: [4, 12, 30, 44, 55, 78, 90, 96, 119, 140, 147, 164, 172, 186, 206, 208, 210, 212, 213, 217, 235, 241, 242, 248, 249, 257, 259, 292, 313, 317, 345, 346]
352: [7, 22, 28, 29, 43, 68, 72, 86, 91, 93, 100, 112, 118, 126, 170, 183, 200, 210, 213, 229, 231, 242, 269, 286, 289, 309, 320, 334, 346, 348]
353: [19, 37, 137, 162]
354: [195, 220, 238, 270, 320]
355: [23, 29, 34, 53, 57, 64, 71, 73, 91, 96, 101, 103, 112, 118, 120, 121, 127, 159, 182, 185, 188, 189, 236, 237, 294, 300, 317, 318, 350]
356: [4, 7, 22, 28, 36, 40, 43, 60, 64, 88, 91, 92, 100, 112, 126, 128, 138, 150, 165, 183, 196, 207, 210, 212, 220, 229, 242, 249, 254, 266, 269, 270, 286, 289, 293, 302, 309, 311, 320, 333, 334, 346, 347, 348, 352]
357: [14, 16, 116, 155, 159, 273, 298, 325]
358: [49, 74, 76, 92, 113, 120, 153, 156, 192, 218, 227, 236, 297, 315, 344]
359: [25, 43, 68, 168, 268]
360: [19, 53, 175, 202, 219, 226, 236, 237, 241, 244, 251, 276, 293, 296, 305, 307, 309, 344]
361: [28, 54, 70, 76, 84, 88, 95, 96, 102, 105, 112, 113, 126, 127, 141, 152, 156, 158, 159, 169, 178, 195, 200, 210, 212, 218, 220, 221, 230, 239, 241, 242, 275, 297, 307, 308, 310, 339]
362: [3, 28, 71, 171]
363: [5, 7, 22, 28, 34, 37, 39, 43, 48, 58, 64, 69, 74, 91, 92, 100, 105, 106, 112, 122, 126, 127, 143, 171, 175, 183, 185, 203, 204, 206, 210, 216, 220, 229, 236, 241, 242, 246, 247, 254, 268, 269, 279, 286, 287, 289, 290, 292, 302, 311, 320, 332, 334, 340, 346, 348, 352, 356]
364: [9, 20, 25, 28, 34, 56, 57, 73, 78, 79, 80, 85, 88, 98, 101, 105, 112, 130, 177, 183, 197, 198, 199, 205, 219, 221, 223, 236, 237, 268, 281, 282, 290, 294, 297, 298, 317, 321, 332, 333, 340, 341, 350]
365: [3, 6, 8, 19, 49, 51, 54, 67, 70, 84, 88, 96, 102, 126, 129, 141, 158, 163, 169, 172, 174, 178, 200, 210, 212, 218, 230, 242, 274, 289, 297, 307, 310, 337, 339, 361]
366: [10, 12, 20, 26, 28, 34, 39, 54, 61, 73, 78, 79, 88, 90, 101, 105, 112, 147, 170, 173, 177, 192, 197, 199, 206, 219, 221, 236, 246, 249, 257, 281, 282, 290, 313, 317, 319, 332, 333, 350, 364]
367: [20, 28, 53, 56, 57, 80, 85, 97, 98, 99, 113, 133, 158, 165, 183, 186, 196, 210, 212, 237, 269, 294, 297, 321, 331, 340, 364]
368: [9, 10, 12, 20, 26, 28, 34, 39, 52, 54, 61, 69, 73, 77, 78, 79, 88, 90, 101, 105, 112, 136, 145, 147, 160, 170, 173, 176, 177, 192, 197, 199, 206, 219, 221, 236, 246, 247, 249, 274, 281, 282, 290, 302, 308, 313, 317, 319, 333, 350, 364, 366]
369: [3, 23, 28, 50, 76, 82, 105, 112, 113, 128, 152, 156, 159, 162, 190, 199, 205, 220, 221, 233, 235, 239, 241, 242, 251, 253, 260, 275, 285, 291, 297, 307, 308, 310, 361]
370: [5, 64, 66, 79, 84, 90, 104, 111, 118, 131, 132, 136, 186, 200, 204, 252, 263, 298]
371: [12, 26, 37, 69, 80, 82, 85, 99, 165, 180, 217, 258, 264, 281]
372: [5, 31, 46, 54, 64, 66, 84, 90, 111, 114, 115, 118, 128, 131, 132, 142, 158, 200, 204, 238, 252, 255, 256, 263, 288, 298, 335, 344, 370]
373: [89, 107, 164]
374: [28, 40, 53, 58, 69, 76, 105, 112, 113, 152, 156, 159, 160, 201, 220, 221, 235, 239, 241, 269, 275, 283, 297, 307, 308, 310, 326, 361, 369]
375: [30, 34, 37, 39, 58, 78, 96, 105, 106, 119, 122, 126, 127, 140, 143, 147, 164, 185, 186, 212, 220, 236, 241, 246, 248, 254, 257, 259, 269, 292, 313, 316, 317, 332, 340, 345, 351, 363]
376: [8, 12, 31, 37, 40, 46, 54, 60, 64, 92, 110, 114, 115, 128, 130, 138, 142, 144, 146, 150, 158, 167, 192, 196, 207, 210, 212, 220, 235, 249, 254, 255, 266, 269, 288, 293, 302, 309, 311, 333, 335, 344, 356, 372]
377: [30, 43, 78, 96, 119, 140, 147, 164, 186, 212, 241, 248, 257, 259, 311, 313, 317, 345, 351, 375]
378: [8, 23, 34, 37, 39, 50, 58, 82, 105, 106, 122, 126, 127, 137, 143, 162, 185, 190, 192, 199, 205, 210, 220, 221, 233, 236, 239, 241, 242, 246, 251, 254, 260, 262, 269, 291, 292, 332, 340, 363, 369, 375, 376]
379: [17, 27, 28, 34, 36, 69, 74, 76, 93, 95, 103, 105, 112, 113, 120, 123, 149, 152, 153, 156, 159, 160, 170, 189, 201, 209, 216, 218, 220, 221, 227, 233, 236, 238, 239, 241, 256, 275, 277, 297, 307, 308, 310, 311, 315, 338, 343, 344, 358, 361, 369, 374]
380: [3, 17, 34, 57, 64, 69, 73, 103, 112, 123, 149, 160, 189, 201, 216, 220, 233, 237, 238, 256, 277, 311, 343, 379]
381: [40, 54, 70, 84, 88, 96, 102, 126, 141, 158, 165, 169, 178, 192, 200, 210, 212, 218, 230, 242, 247, 249, 251, 272, 297, 307, 322, 339, 361, 365]
382: [5, 17, 26, 34, 60, 69, 74, 77, 90, 98, 100, 101, 103, 109, 112, 116, 122, 123, 129, 131, 136, 142, 147, 149, 153, 158, 160, 163, 171, 173, 189, 190, 195, 198, 201, 206, 216, 220, 223, 230, 233, 234, 238, 241, 245, 254, 256, 263, 264, 265, 275, 277, 284, 289, 306, 311, 312, 318, 319, 336, 341, 342, 343, 379, 380]
383: [5, 24, 30, 48, 49, 64, 65, 69, 74, 78, 92, 96, 119, 122, 140, 147, 164, 171, 175, 185, 186, 203, 204, 206, 212, 216, 241, 248, 257, 259, 268, 287, 290, 302, 311, 313, 317, 320, 331, 345, 351, 363, 375, 377]
384: [10, 12, 26, 28, 39, 43, 54, 61, 90, 105, 143, 147, 170, 173, 192, 206, 246, 249, 268, 282, 300, 313, 319, 325, 350, 366, 368, 375]
385: [26, 30, 74, 77, 78, 96, 103, 116, 119, 122, 126, 129, 136, 140, 142, 147, 151, 158, 164, 171, 173, 176, 186, 201, 212, 230, 234, 241, 244, 245, 248, 257, 259, 265, 306, 312, 313, 317, 318, 344, 345, 351, 375, 377, 382, 383]
386: [2, 27, 34, 52, 60, 83, 95, 101, 122, 140, 143, 147, 195, 254, 263, 295, 320, 349, 350]
387: [46, 328]
388: [1, 22, 89, 94, 103, 106, 122, 173, 174, 233, 271, 305, 315, 337, 342, 347]
389: [55, 80, 98, 198, 298, 323]
390: [4, 7, 9, 17, 22, 28, 34, 36, 43, 52, 54, 69, 88, 91, 92, 100, 103, 112, 113, 123, 126, 136, 145, 149, 160, 174, 176, 183, 189, 201, 210, 216, 220, 229, 233, 238, 242, 247, 256, 269, 270, 274, 277, 281, 286, 289, 297, 308, 311, 313, 320, 334, 343, 346, 348, 352, 356, 363, 368, 374, 379, 380, 382]
391: [23, 25, 53, 71, 101, 132, 157, 159, 182, 185, 189, 207, 237, 294, 317, 318, 350, 355]
392: [2, 8, 10, 33, 34, 36, 53, 58, 60, 62, 69, 70, 74, 75, 77, 78, 83, 89, 94, 97, 101, 110, 113, 132, 140, 143, 147, 171, 191, 195, 201, 235, 254, 263, 265, 268, 269, 273, 301, 326, 328, 330, 331, 334, 337, 349, 350, 374, 386]
393: [36, 52, 150, 152, 170, 254, 259, 277, 309, 377, 384]
394: [3, 15, 28, 110, 128, 135, 210, 226, 249, 308, 317]
395: [9, 11, 16, 36, 50, 63, 71, 82, 86, 93, 94, 102, 103, 104, 127, 143, 150, 159, 171, 191, 193, 197, 204, 209, 230, 255, 291, 304, 307, 312, 327, 329, 337, 339, 350]
396: [3, 7, 8, 19, 51, 55, 67, 129, 139, 155, 163, 172, 174, 262, 273, 280, 287, 289, 310, 312, 328, 337, 362, 365, 387]
397: [5, 17, 34, 60, 69, 90, 101, 103, 112, 123, 129, 131, 138, 149, 153, 158, 160, 163, 171, 188, 189, 201, 213, 216, 220, 233, 238, 256, 275, 277, 284, 289, 311, 312, 319, 336, 342, 343, 379, 380, 382, 390]
398: [14, 34, 37, 39, 40, 58, 60, 64, 92, 105, 106, 107, 122, 126, 127, 128, 138, 143, 150, 185, 196, 207, 212, 220, 236, 241, 246, 249, 254, 266, 269, 292, 293, 302, 309, 311, 332, 333, 340, 356, 363, 375, 376, 378]
399: [7, 22, 28, 34, 37, 39, 43, 54, 56, 57, 58, 70, 80, 84, 85, 88, 91, 96, 98, 100, 102, 105, 106, 112, 122, 126, 127, 131, 141, 143, 158, 160, 169, 178, 183, 185, 200, 210, 212, 218, 220, 226, 229, 230, 236, 237, 241, 242, 246, 254, 265, 267, 269, 283, 286, 289, 292, 294, 297, 307, 315, 320, 321, 332, 334, 339, 340, 346, 348, 352, 356, 361, 363, 364, 365, 367, 375, 378, 381, 390, 398]
400: [17, 34, 69, 103, 112, 116, 123, 134, 141, 149, 160, 189, 201, 216, 220, 233, 238, 241, 256, 277, 311, 343, 359, 379, 380, 382, 390, 397]
401: [5, 17, 48, 64, 67, 69, 74, 92, 110, 122, 171, 175, 185, 203, 204, 206, 216, 268, 287, 290, 302, 311, 320, 335, 363, 383]
402: [10, 12, 23, 26, 28, 39, 53, 54, 61, 71, 90, 98, 100, 101, 105, 109, 116, 147, 159, 170, 173, 182, 185, 189, 190, 192, 195, 206, 237, 246, 249, 254, 263, 264, 282, 286, 294, 313, 317, 318, 319, 343, 350, 355, 366, 368, 382, 384, 386, 391, 393]
403: [12, 144, 169, 194, 269]
404: [33, 36, 45, 62, 69, 70, 74, 77, 95, 97, 102, 110, 113, 122, 140, 184, 213, 218, 265, 275, 326, 328, 331, 386, 392]
405: [3, 7, 8, 19, 22, 28, 43, 51, 64, 67, 76, 77, 84, 91, 98, 100, 102, 112, 126, 129, 136, 137, 141, 150, 156, 157, 163, 169, 172, 174, 183, 185, 187, 198, 210, 218, 220, 228, 229, 242, 259, 261, 269, 270, 274, 282, 286, 289, 291, 310, 318, 320, 321, 334, 337, 346, 347, 348, 352, 356, 363, 365, 390, 396, 399]
406: [2, 3, 8, 15, 19, 30, 34, 40, 51, 60, 67, 78, 83, 96, 101, 119, 129, 140, 143, 147, 163, 164, 172, 174, 186, 195, 197, 212, 241, 248, 254, 257, 259, 263, 272, 289, 310, 313, 317, 337, 345, 349, 350, 351, 365, 375, 377, 383, 385, 386, 392, 396, 405]
407: [5, 16, 23, 48, 64, 69, 74, 92, 98, 116, 122, 171, 175, 185, 203, 204, 206, 216, 268, 287, 290, 302, 311, 320, 363, 383, 401]
408: [192, 349, 374, 392]
409: [5, 27, 43, 48, 61, 64, 69, 74, 92, 116, 122, 150, 171, 175, 185, 200, 203, 204, 206, 216, 268, 287, 290, 302, 311, 320, 363, 383, 393, 401, 407]
410: [20, 34, 67, 73, 74, 76, 78, 79, 84, 88, 101, 102, 105, 112, 113, 120, 129, 150, 153, 156, 157, 177, 187, 197, 198, 199, 218, 219, 220, 221, 227, 228, 236, 261, 274, 281, 282, 290, 291, 297, 315, 317, 319, 321, 333, 344, 347, 350, 358, 364, 366, 368, 379, 405]
411: [29, 70, 72, 98, 100, 109, 116, 147, 170, 190, 195, 206, 213, 231, 254, 263, 264, 327, 343, 352, 382, 402]
412: [46, 146, 178, 246, 253]
413: [4, 26, 67, 74, 76, 77, 79, 84, 102, 103, 116, 122, 129, 136, 142, 150, 156, 157, 158, 171, 173, 187, 198, 218, 220, 228, 230, 234, 245, 261, 265, 274, 291, 306, 312, 318, 321, 347, 382, 385, 405, 410]
414: [3, 29, 34, 57, 67, 73, 76, 84, 91, 102, 103, 112, 118, 120, 121, 127, 129, 150, 156, 157, 187, 188, 198, 218, 220, 228, 236, 237, 261, 274, 291, 300, 305, 321, 330, 347, 355, 380, 405, 410, 413]
415: [28, 69, 76, 105, 112, 113, 149, 152, 156, 159, 160, 201, 206, 220, 221, 239, 241, 274, 275, 283, 297, 307, 308, 310, 361, 369, 374, 379]
416: [26, 37, 69, 80, 82, 85, 99, 100, 132, 165, 217, 258, 264, 281, 350, 371]
417: [35, 37, 74, 76, 94, 113, 120, 146, 153, 156, 201, 218, 227, 236, 297, 301, 315, 333, 344, 358, 379, 383, 410]
418: [5, 30, 60, 78, 90, 96, 101, 119, 123, 129, 131, 140, 147, 153, 158, 163, 164, 171, 186, 212, 216, 220, 241, 248, 257, 259, 275, 277, 284, 289, 312, 313, 317, 319, 336, 342, 345, 351, 375, 377, 382, 383, 385, 397, 402, 406]
419: [3, 28, 40, 60, 64, 92, 128, 138, 150, 180, 196, 207, 212, 220, 237, 249, 254, 266, 293, 296, 302, 309, 311, 333, 339, 356, 376, 398]
420: [79, 204, 336, 361, 386, 411]
421: [3, 17, 30, 32, 57, 73, 109, 153, 160, 187, 201, 208, 212, 223, 224, 237, 280, 294, 339, 380, 414]
422: [4, 20, 31, 36, 40, 60, 64, 65, 75, 84, 88, 91, 92, 118, 128, 131, 138, 141, 150, 163, 175, 190, 193, 196, 202, 204, 207, 209, 212, 220, 223, 224, 227, 231, 233, 236, 242, 249, 251, 254, 256, 257, 266, 268, 270, 283, 293, 302, 304, 309, 311, 329, 333, 336, 345, 349, 356, 376, 390, 398, 419]
423: [11, 16, 53, 71, 78, 93, 94, 95, 103, 107, 116, 127, 134, 144, 159, 175, 196, 202, 204, 205, 207, 212, 219, 226, 227, 236, 237, 241, 255, 260, 293, 296, 305, 307, 309, 336, 337, 339, 350, 360, 395]
424: [183, 215, 283]
425: [9, 16, 26, 41, 74, 77, 78, 93, 95, 98, 103, 116, 122, 129, 134, 136, 137, 141, 142, 144, 158, 169, 171, 173, 185, 196, 205, 212, 227, 230, 234, 245, 259, 260, 265, 270, 282, 289, 306, 312, 318, 321, 336, 339, 359, 382, 385, 405, 413, 423]
426: [20, 28, 53, 56, 57, 80, 85, 97, 98, 99, 113, 133, 165, 183, 186, 196, 210, 212, 237, 269, 294, 297, 310, 321, 331, 340, 342, 364, 367, 392, 399, 417]
427: [16, 21, 29, 30, 61, 64, 88, 159, 161, 173, 181, 197, 218, 245, 257, 293, 325, 386, 411]
428: [4, 12, 26, 35, 37, 44, 55, 69, 77, 80, 82, 85, 90, 94, 98, 99, 119, 130, 136, 137, 141, 144, 146, 165, 169, 172, 185, 201, 206, 208, 210, 213, 217, 242, 249, 258, 259, 264, 270, 281, 282, 289, 318, 321, 335, 345, 346, 351, 371, 376, 405, 416, 417, 425]
429: [20, 24, 30, 53, 65, 78, 96, 97, 99, 113, 119, 122, 133, 140, 147, 164, 165, 186, 196, 210, 212, 213, 241, 248, 257, 259, 269, 313, 317, 320, 331, 338, 345, 351, 367, 375, 377, 383, 385, 406, 418, 426]
430: [40, 60, 64, 92, 128, 138, 150, 196, 207, 212, 220, 221, 249, 254, 266, 271, 293, 296, 302, 309, 311, 333, 356, 376, 389, 398, 419, 422]
431: [95, 122, 140, 386, 404]
432: [23, 27, 43, 61, 78, 93, 95, 116, 134, 144, 196, 200, 205, 212, 227, 260, 336, 339, 398, 409, 423, 425]
433: [10, 12, 26, 28, 39, 40, 54, 61, 63, 65, 67, 76, 84, 90, 102, 105, 129, 147, 150, 154, 156, 157, 167, 170, 173, 187, 192, 198, 206, 218, 220, 222, 224, 228, 246, 247, 249, 251, 261, 274, 282, 291, 306, 313, 319, 321, 347, 350, 366, 368, 381, 384, 392, 402, 405, 410, 413, 414]
434: [125, 143]
435: [1, 22, 89, 94, 103, 106, 173, 174, 233, 271, 305, 315, 337, 342, 344, 388, 401, 426]
436: [195, 227, 302, 420]
437: [21, 31, 46, 53, 54, 67, 78, 114, 115, 128, 135, 142, 146, 153, 158, 255, 288, 294, 301, 335, 344, 372, 376]
438: [4, 24, 56, 65, 95, 97, 122, 140, 222, 311, 320, 327, 331, 379, 383, 386, 404, 429, 431]
439: [11, 16, 26, 53, 71, 74, 77, 93, 94, 103, 116, 122, 127, 129, 136, 142, 158, 159, 171, 173, 175, 202, 204, 219, 226, 230, 234, 236, 237, 241, 245, 255, 265, 293, 296, 298, 305, 306, 307, 309, 312, 318, 330, 337, 350, 360, 382, 385, 395, 398, 413, 423, 425]
440: [67, 76, 84, 102, 129, 150, 156, 157, 187, 198, 218, 220, 228, 261, 274, 291, 321, 347, 374, 405, 410, 413, 414, 433]
441: [14, 17, 32, 109, 153, 155, 159, 160, 187, 201, 208, 223, 224, 280, 294, 298, 325, 339, 357, 421]
442: [9, 28, 52, 54, 69, 76, 105, 112, 113, 136, 145, 152, 156, 159, 160, 176, 201, 220, 221, 239, 241, 247, 258, 274, 275, 281, 283, 297, 307, 308, 310, 313, 361, 368, 369, 374, 379, 390, 401, 415]
443: [27, 28, 52, 76, 105, 109, 112, 113, 152, 156, 159, 220, 221, 239, 241, 275, 297, 307, 308, 310, 361, 369, 374, 377, 379, 415, 442]
444: [3, 26, 67, 74, 76, 77, 84, 102, 103, 116, 122, 129, 136, 142, 150, 156, 157, 158, 171, 173, 187, 198, 218, 220, 228, 230, 234, 245, 261, 265, 274, 291, 306, 312, 318, 321, 347, 382, 385, 405, 410, 413, 414, 425, 433, 435, 439, 440]
445: [75, 91, 163, 190, 193, 202, 204, 209, 224, 233, 236, 242, 251, 256, 286, 336, 422, 429]
446: [17, 34, 62, 69, 103, 112, 123, 137, 149, 155, 160, 162, 189, 198, 201, 216, 220, 233, 238, 241, 256, 257, 277, 311, 339, 343, 379, 380, 382, 390, 397, 400]
447: [6, 13, 24, 38, 115, 131, 231, 283, 342, 356, 388, 438]
448: [9, 26, 28, 37, 50, 52, 54, 63, 69, 70, 76, 80, 82, 84, 85, 86, 88, 96, 99, 102, 104, 105, 109, 112, 113, 126, 141, 143, 152, 156, 158, 159, 165, 169, 171, 178, 180, 191, 197, 200, 207, 210, 212, 214, 217, 218, 220, 221, 230, 237, 239, 241, 242, 258, 264, 266, 275, 281, 296, 297, 307, 308, 310, 312, 314, 327, 330, 339, 343, 361, 365, 369, 371, 374, 379, 381, 395, 399, 415, 416, 419, 428, 442, 443]
449: [5, 30, 31, 33, 46, 54, 60, 78, 90, 96, 98, 100, 101, 109, 114, 115, 116, 119, 123, 128, 129, 131, 140, 142, 147, 153, 158, 163, 164, 171, 186, 190, 195, 206, 212, 216, 220, 241, 248, 254, 255, 257, 258, 259, 263, 264, 275, 277, 284, 288, 289, 312, 313, 317, 319, 335, 336, 342, 343, 344, 345, 351, 372, 375, 376, 377, 382, 383, 385, 397, 402, 406, 411, 418, 429, 437]
450: [9, 17, 32, 66, 109, 134, 153, 160, 187, 201, 208, 223, 224, 234, 280, 294, 334, 339, 391, 421, 441]