[METADATA]
File: le450_15c.col
Description: SOURCE: Craig Morgenstern (morgenst@riogrande.cs.tcu.edu)  DESCRIPTION: This is a Leighton graph as described in F.T. Leighton. Journal of Research of the National Bureau of Standards, vol. 84, no. 6,  Nov-Dec 1979, pp 489-505.   Leighton graph data structure     : sparse graph gen seed     : 161712 number of vertices : 450 max number of edges: 50000 number of classes  : 15 a c m              : 8401 6859 252105 clique vector      :     clique sz     num cliques ---------     ----------- 2          3118 5           252 10           157 15            94 Leighton's proof : 15 coloring  Graph Stats number of vertices  : 450 nonisolated vertices: 450 number of edges     : 16680 edge density        : 0.165108 max degree          : 139 avg degree          : 74.13 min degree          : 18

[GCP_DATA_INFO]
Type: GCP, Graph Coloring Problem
Node: 450
Edge: 16680

[ADJACENCY_List]
4: [1]
8: [1, 2]
9: [2, 3, 7]
11: [2, 9]
13: [7]
14: [6, 7, 9]
15: [12]
16: [5, 8, 9, 15]
17: [1, 3, 4, 10, 12]
19: [2, 8, 11, 16]
20: [13]
21: [18, 19]
22: [3, 11, 17]
23: [3, 14]
24: [8, 10, 16, 19]
25: [6, 7, 12, 14, 23]
26: [10]
27: [2, 3, 9, 11, 24]
28: [1, 3, 5, 9, 11, 14, 17]
29: [1, 2, 11, 13, 16]
30: [1, 7, 9, 12, 25]
31: [15, 20]
32: [1, 3, 5, 9, 11, 13, 28, 29, 30]
33: [2, 6, 9, 11, 12, 27, 28, 30, 32]
34: [14, 15, 23, 24, 25, 26, 28]
35: [2, 8, 11, 19, 29, 32]
36: [14, 19, 29]
37: [1, 3, 10, 13, 17, 26, 34]
38: [2, 9, 11, 15, 17, 21, 29, 32, 34, 35, 37]
39: [1, 4, 6, 14, 15, 17, 19, 21, 27, 29, 36]
40: [27, 29, 32, 35]
41: [8, 19, 36]
42: [5, 13, 14, 15, 20, 28]
43: [5, 9, 11, 24, 26, 27, 29, 32, 35, 37, 40]
44: [2, 3, 9, 13, 28, 32, 37]
45: [1, 35, 36, 37]
46: [2, 8, 11, 12, 17, 19, 24, 27, 33, 34, 35, 39, 40]
47: [6, 43]
48: [6, 21, 25, 39, 47]
49: [2, 11, 15, 16, 30, 38, 42]
50: [9, 11, 13, 26, 32, 37, 38, 40, 43, 46, 49]
51: [2, 3, 12, 14, 29, 30, 33, 35, 44, 49]
52: [4, 13, 16, 18, 32, 33, 34, 38, 41, 49]
53: [6, 12, 15, 16, 22, 33, 36, 39, 41, 46, 49, 52]
54: [5, 46]
55: [13, 22, 32, 35, 36, 37, 44, 45, 48]
56: [2, 5, 24, 44, 53]
57: [6, 11, 13, 30, 32, 47, 48, 52]
58: [1, 24, 38, 49, 52]
59: [7, 12, 13, 18, 32, 55]
60: [3, 7, 22, 48, 50]
61: [19, 24, 27, 29, 32, 36, 39, 45, 50, 60]
62: [9, 18, 19, 21, 23, 25, 31, 34, 48, 58]
63: [9, 31, 36, 41, 51, 54, 57, 62]
64: [7, 9, 11, 13, 16, 27, 29, 30, 43, 46, 52, 53, 57]
65: [2, 7, 14, 23, 24, 27, 29, 32, 42, 60, 61]
66: [2, 9, 26, 28, 34, 38]
67: [2, 23, 33, 34, 44, 47, 56, 62]
68: [5, 7, 9, 11, 15, 22, 27, 28, 30, 42, 43, 64, 65]
69: [1, 5, 11, 12, 32, 46, 47, 64]
70: [3, 9, 19, 22, 27, 32, 36, 39, 60, 61]
71: [1, 2, 5, 6, 9, 21, 30, 38, 39, 53, 54, 66, 67, 68]
72: [1, 3, 4, 5, 8, 9, 10, 17, 24, 28, 32, 39, 44, 54, 58, 71]
73: [1, 8, 12, 15, 30, 33, 36, 39, 45, 51, 60, 61, 72]
74: [1, 7, 12, 15, 22, 30, 32, 33, 37, 42, 45, 46, 51, 53, 70, 73]
75: [1, 3, 4, 8, 11, 13, 14, 16, 17, 27, 39, 40, 43, 44, 46, 52, 68, 72]
76: [6, 13, 39, 42, 49, 52, 53, 64, 66, 71, 73]
77: [19, 29, 35, 36, 40, 50, 51, 57, 63, 73]
78: [6, 7, 11, 14, 24, 25, 36, 38, 39, 47, 49, 50, 51, 56, 58, 75]
79: [1, 5, 6, 7, 12, 25, 32, 35, 37, 45, 55, 61, 69, 74, 78]
80: [6, 12, 13, 39, 43, 47, 48, 51, 52, 54, 57, 59, 63, 64, 66, 76]
81: [3, 10, 17, 18, 57, 59, 63, 74, 78, 80]
82: [6, 14, 23, 28, 34, 35, 38, 47, 48, 55, 57, 60, 80]
83: [7, 9, 11, 13, 15, 22, 26, 28, 31, 32, 33, 35, 36, 41, 42, 45, 46, 52, 57, 59, 60, 61, 62, 63, 65, 66, 79]
84: [11, 12, 13, 16, 20, 22, 27, 29, 56, 57, 64, 67]
85: [1, 2, 8, 9, 28, 51, 62, 63, 72, 73]
86: [4, 19, 21, 23, 34, 48, 55, 60, 62, 82]
87: [9, 15, 16, 20, 23, 36, 39, 41, 44, 45, 50, 51, 52, 55, 60, 63, 64, 65, 73, 80, 82, 84]
88: [5, 14, 27, 29, 32, 38, 42, 54, 61, 65, 74]
89: [9, 11, 32, 36, 41, 48, 50, 54, 57, 62, 63, 72, 75, 77, 83, 85]
90: [18, 19, 55, 59, 62, 77]
91: [17, 56, 57, 58, 78, 81]
92: [14, 28, 34, 42, 51, 63, 65, 66, 76, 80, 87, 88]
93: [1, 2, 8, 16, 19, 22, 29, 32, 35, 40, 43, 46, 51, 77, 92]
94: [3, 22, 24, 27, 47, 51, 60, 61, 65, 67, 70, 71, 86]
95: [1, 4, 6, 7, 28, 32, 58, 69, 72, 73, 78, 79, 91]
96: [12, 13, 15, 18, 25, 27, 29, 32, 59, 61, 64, 74, 79, 83, 84, 88]
97: [5, 15, 29, 31, 32, 40, 62, 63, 68, 69, 75, 79, 83]
98: [1, 4, 17, 30, 32, 33, 39, 47, 57, 60, 67, 72, 75, 86, 94, 95]
99: [11, 16, 28, 35, 46, 57, 63, 72, 77, 83, 87]
100: [2, 9, 13, 38, 41, 66, 71, 75, 87, 88]
101: [1, 4, 5, 7, 13, 21, 31, 32, 50, 58, 60, 62, 63, 69, 72, 75, 79, 83, 87, 95, 97, 100]
102: [3, 5, 15, 17, 29, 31, 32, 33, 38, 46, 56, 80, 81, 88]
103: [1, 2, 32, 45, 55, 61, 69, 79, 82, 83, 95]
104: [10, 11, 24, 38, 49, 50, 56, 78, 92, 100]
105: [23, 34, 41, 62, 67]
106: [3, 5, 9, 10, 11, 13, 24, 28, 32, 33, 44, 54, 71, 72, 75, 83, 85, 88, 100, 101]
107: [1, 3, 5, 8, 9, 11, 16, 35, 38, 44, 55, 56, 67, 72, 73, 75, 78, 81, 82, 84, 85, 87, 102, 103, 106]
108: [10, 13, 21, 26, 32, 34, 37, 44, 55, 62, 65]
109: [1, 3, 5, 8, 13, 14, 17, 27, 39, 40, 43, 44, 56, 61, 72, 73, 75, 77, 78, 81, 85, 89, 100, 101, 102, 106, 107]
110: [3, 11, 12, 13, 15, 16, 22, 29, 30, 33, 44, 49, 51, 53, 55, 57, 59, 64, 73, 74, 75, 84, 87, 88, 90, 96, 100, 106, 107, 109]
111: [7, 13, 27, 40, 46, 47, 52, 55, 59, 64, 69, 75, 78, 87, 88, 99]
112: [2, 5, 8, 11, 15, 19, 28, 29, 30, 32, 38, 43, 49, 50, 51, 57, 64, 73, 78, 79, 88, 89, 94, 100, 104, 109, 110]
113: [14, 15, 19, 39, 50, 54, 60, 63, 73, 75, 78, 85, 87, 89, 101, 107, 109]
114: [1, 11, 19, 23, 26, 27, 30, 31, 33, 37, 38, 43, 49, 50, 52, 58, 63, 68, 71, 72, 75, 77, 90, 97, 101, 102, 106]
115: [3, 14, 17, 18, 19, 30, 66, 81, 90, 93, 102, 109]
116: [7, 18, 19, 22, 27, 43, 62, 64, 68, 77, 83, 90, 112, 114, 115]
117: [5, 13, 19, 29, 32, 36, 39, 53, 56, 61, 64, 65, 69, 70, 79, 97, 101, 110]
118: [10, 14, 15, 16, 17, 20, 21, 23, 25, 34, 42, 65, 68, 69, 72, 74, 84, 87, 96, 101, 106, 110]
119: [1, 2, 10, 12, 19, 21, 24, 25, 32, 41, 65, 69, 72, 79, 87, 90, 93, 95, 96, 100, 101, 103, 106, 115, 116, 118]
120: [3, 7, 14, 17, 20, 22, 23, 29, 40, 41, 53, 55, 56, 64, 67, 74, 82, 84, 97, 107, 117]
121: [2, 20, 44, 49, 51, 52, 55, 64, 84, 87, 111, 118, 120]
122: [1, 3, 13, 14, 23, 29, 33, 39, 50, 59, 60, 75, 78, 87, 93, 96, 101, 102, 103, 109, 113, 114, 118, 119]
123: [2, 9, 11, 12, 23, 34, 35, 44, 46, 52, 56, 59, 62, 64, 67, 80, 83, 87, 99, 100, 105, 111, 115, 121, 122]
124: [3, 18, 23, 28, 52, 62, 65, 67, 71, 82, 87, 89, 90, 112, 116, 122]
125: [10, 13, 16, 44, 52, 55, 72, 75, 87, 99, 100, 101, 106, 109, 111, 118, 119, 121, 123]
126: [9, 13, 14, 24, 28, 35, 47, 48, 52, 55, 56, 64, 70, 76, 78, 80, 82, 86, 104]
127: [5, 8, 16, 19, 24, 28, 42, 68, 93, 109]
128: [3, 5, 11, 17, 19, 29, 30, 36, 39, 40, 43, 45, 56, 61, 70, 73, 77, 81, 97, 100, 102, 103, 107, 109, 112, 115, 117, 120, 127]
129: [1, 32, 36, 45, 46, 50, 73, 87, 102]
130: [3, 7, 13, 16, 29, 32, 44, 52, 57, 63, 64, 67, 75, 80, 81, 83, 84, 93, 95, 96, 101, 110, 125]
131: [3, 12, 17, 22, 24, 25, 27, 61, 65, 68, 79, 94, 96, 105, 109, 112, 119, 120, 127, 128]
132: [6, 19, 39, 53, 68, 71, 73, 76, 77, 90, 114, 116, 125]
133: [3, 5, 7, 9, 11, 12, 17, 20, 22, 23, 31, 32, 33, 37, 38, 42, 46, 47, 49, 50, 53, 56, 59, 64, 74, 78, 80, 84, 102, 104, 107, 110, 112, 117, 120, 121, 122, 123, 124, 128]
134: [3, 6, 13, 17, 21, 23, 25, 26, 28, 34, 37, 62, 66, 67, 80, 81, 102, 105, 108, 109, 112, 115, 123, 124, 128, 130]
135: [5, 7, 14, 17, 24, 25, 37, 38, 54, 56, 71, 72, 78, 79, 102, 104, 106, 107, 112, 126, 128, 133]
136: [2, 11, 21, 32, 35, 38, 40, 49, 50, 51, 60, 71, 78, 87, 101, 104, 112, 113, 122, 133]
137: [6, 7, 9, 14, 25, 28, 30, 64, 68, 69, 82, 88, 100, 110, 111, 112, 118, 126, 134]
138: [2, 5, 19, 21, 36, 38, 39, 49, 51, 55, 56, 59, 61, 70, 71, 82, 90, 96, 102, 107, 110, 117, 121, 122, 128, 133, 135, 136]
139: [6, 14, 18, 21, 28, 29, 38, 39, 41, 53, 55, 59, 61, 71, 76, 82, 90, 97, 101, 110, 115, 126, 132, 136, 137, 138]
140: [2, 9, 19, 21, 23, 30, 31, 38, 49, 51, 52, 53, 56, 57, 58, 62, 63, 64, 66, 71, 77, 86, 90, 97, 100, 101, 114, 116, 117, 121, 129, 132, 138]
141: [9, 11, 12, 14, 16, 18, 23, 33, 34, 35, 46, 53, 62, 63, 67, 74, 83, 85, 89, 90, 99, 105, 116, 123, 124, 125, 133, 134]
142: [2, 3, 4, 8, 17, 19, 30, 35, 41, 45, 46, 53, 56, 57, 64, 74, 79, 93, 94, 103, 140]
143: [7, 12, 13, 22, 28, 29, 30, 33, 34, 51, 52, 66, 73, 74, 92, 110, 115, 117, 120, 124, 132]
144: [14, 21, 27, 38, 42, 49, 65, 71, 74, 76, 88, 92, 136, 138, 139]
145: [6, 11, 17, 22, 27, 32, 33, 37, 38, 41, 44, 52, 59, 61, 83, 88, 96, 107, 133, 135]
146: [13, 14, 15, 17, 34, 37, 38, 44, 50, 55, 77, 80, 89, 108, 120, 130, 133, 134, 135, 145]
147: [7, 9, 13, 14, 20, 26, 28, 30, 37, 43, 47, 50, 56, 58, 64, 68, 71, 78, 82, 84, 88, 91, 95, 100, 110, 111, 112, 114, 126, 137, 139]
148: [1, 2, 9, 15, 31, 37, 38, 45, 57, 62, 63, 66, 70, 71, 72, 74, 77, 79, 80, 81, 83, 85, 89, 99, 100, 102, 126, 136, 140, 141]
149: [2, 18, 36, 40, 45, 50, 60, 62, 73, 77, 80, 81, 87, 90, 101, 109, 113, 116, 122, 124, 128, 129, 130, 136, 138, 141]
150: [1, 2, 7, 8, 9, 10, 22, 32, 37, 38, 52, 53, 66, 69, 71, 74, 81, 94, 95, 100, 103, 118, 119, 127, 140, 142, 143, 147, 148]
151: [2, 12, 13, 15, 34, 37, 44, 50, 51, 55, 65, 73, 82, 84, 85, 102, 108, 133, 141, 146]
152: [7, 12, 18, 21, 30, 33, 43, 46, 53, 59, 74, 80, 115, 120, 123, 133, 141, 143]
153: [2, 11, 12, 13, 15, 17, 27, 35, 36, 40, 41, 42, 46, 51, 53, 57, 74, 75, 83, 84, 88, 107, 110, 111, 130, 136, 144, 145]
154: [5, 7, 15, 16, 26, 28, 42, 53, 68, 71, 74, 82, 84, 87, 96, 97, 99, 105, 110, 111, 112, 118, 123, 125, 127, 147]
155: [21, 24, 34, 38, 42, 46, 56, 71, 72, 74, 78, 88, 102, 104, 126, 129, 135, 136, 138, 139, 142, 144, 153]
156: [15, 19, 24, 34, 35, 37, 42, 43, 46, 50, 52, 56, 60, 72, 77, 83, 86, 89, 90, 91, 93, 94, 98, 100, 114, 116, 124, 132, 140, 143, 146, 147, 150, 153, 155]
157: [2, 9, 18, 38, 56, 57, 66, 68, 71, 81, 91, 100, 108, 115, 128, 139, 140, 147, 148, 150, 154]
158: [7, 14, 26, 27, 28, 37, 40, 43, 46, 49, 50, 56, 67, 75, 82, 97, 101, 111, 114, 116, 126, 130, 137, 139, 147, 153, 157]
159: [1, 11, 12, 15, 19, 27, 45, 51, 52, 55, 61, 63, 64, 66, 76, 79, 80, 82, 83, 87, 91, 92, 103, 109, 111, 112, 118, 121, 123, 128, 136, 147, 151]
160: [1, 2, 4, 7, 13, 17, 21, 30, 39, 43, 59, 64, 72, 74, 75, 98, 111, 138]
161: [4, 13, 25, 30, 32, 34, 35, 45, 52, 55, 57, 59, 64, 79, 83, 94, 118, 124, 130, 140, 142, 143, 150, 156]
162: [1, 2, 3, 5, 7, 9, 11, 28, 29, 32, 33, 44, 49, 51, 54, 60, 65, 69, 75, 83, 88, 93, 95, 103, 106, 107, 109, 110, 119, 121, 122, 138, 140, 148, 150]
163: [10, 16, 24, 29, 31, 46, 71, 72, 75, 77, 89, 93, 106, 109, 114, 119, 132, 147, 150, 155, 156]
164: [2, 6, 11, 12, 27, 30, 32, 33, 35, 48, 50, 51, 55, 57, 61, 81, 82, 86, 88, 91, 96, 98, 107, 126, 129, 136, 141, 145, 151, 153, 157]
165: [1, 4, 5, 7, 8, 14, 23, 28, 43, 48, 55, 67, 72, 73, 82, 85, 86, 95, 97, 98, 100, 107, 109, 112, 124, 126, 128, 130, 133, 134, 141, 158, 164]
166: [3, 7, 11, 15, 23, 27, 43, 68, 74, 75, 80, 84, 96, 114, 117, 118, 122, 124, 133, 144, 154, 165]
167: [10, 36, 51, 56, 58, 59, 91, 94, 112, 147, 148, 156]
168: [7, 11, 12, 17, 32, 57, 75, 88, 89, 100, 109, 110, 112, 137, 145, 147, 163]
169: [1, 3, 9, 13, 14, 21, 28, 30, 32, 44, 71, 72, 83, 101, 106, 112, 114, 116, 118, 119, 120, 146, 148, 162]
170: [2, 12, 13, 15, 19, 21, 27, 28, 29, 34, 36, 37, 39, 44, 45, 48, 51, 54, 55, 61, 66, 70, 79, 82, 83, 85, 92, 103, 108, 109, 117, 128, 138, 139, 141, 143, 146, 151, 159, 164, 169]
171: [2, 3, 8, 10, 19, 22, 29, 35, 44, 46, 53, 74, 92, 93, 115, 123, 130, 142, 150]
172: [4, 12, 15, 16, 19, 21, 30, 32, 33, 39, 46, 51, 53, 60, 62, 64, 73, 74, 86, 87, 98, 99, 110, 111, 113, 117, 120, 123, 125, 133, 140, 141, 143, 151, 152, 154, 159, 164, 165, 170]
173: [2, 7, 11, 16, 26, 30, 42, 44, 46, 50, 56, 57, 63, 64, 67, 69, 71, 77, 84, 89, 99, 110, 118, 123, 133, 140, 142, 146, 148, 154, 156, 157, 161, 162, 165, 166]
174: [3, 7, 13, 15, 17, 23, 37, 38, 42, 53, 59, 74, 76, 95, 96, 111, 118, 122, 124, 133, 135, 142, 145, 146, 154, 156, 160, 166, 167, 171]
175: [36, 41, 56, 63, 83, 89, 108, 109, 128]
176: [10, 13, 16, 24, 29, 45, 60, 61, 64, 67, 72, 73, 79, 83, 84, 96, 103, 106, 110, 118, 119, 130, 154, 157, 158, 159, 163, 165, 170, 173]
177: [8, 16, 19, 20, 21, 24, 28, 39, 64, 84, 98, 101, 112, 118, 119, 120, 121, 124, 127, 133, 134, 136, 165, 169, 170, 172]
178: [2, 8, 11, 12, 19, 21, 25, 29, 32, 35, 39, 42, 46, 48, 56, 57, 61, 76, 79, 89, 91, 92, 93, 96, 102, 112, 119, 129, 131, 139, 142, 147, 155, 156, 167, 168, 170, 171]
179: [1, 2, 4, 6, 17, 19, 31, 39, 47, 48, 52, 57, 62, 63, 70, 72, 75, 77, 80, 82, 83, 90, 97, 98, 99, 101, 114, 116, 132, 140, 147, 148, 150, 156, 160, 163, 173]
180: [1, 2, 8, 9, 10, 11, 17, 19, 23, 28, 29, 35, 37, 46, 57, 58, 63, 72, 77, 81, 82, 83, 85, 93, 95, 97, 99, 101, 106, 112, 123, 124, 128, 139, 141, 142, 148, 157, 159, 171, 173, 178, 179]
181: [4, 6, 9, 13, 14, 15, 23, 25, 34, 39, 42, 43, 54, 62, 63, 75, 78, 79, 83, 85, 88, 89, 95, 98, 103, 109, 111, 113, 118, 122, 132, 141, 142, 148, 153, 156, 160, 165]
182: [3, 12, 16, 27, 29, 44, 45, 51, 52, 53, 55, 56, 59, 61, 63, 66, 73, 74, 75, 79, 89, 90, 93, 109, 110, 115, 123, 125, 128, 130, 132, 134, 138, 139, 142, 159, 163, 168, 170, 171, 174, 175, 181]
183: [12, 22, 27, 47, 51, 61, 73, 104, 109, 127, 142, 145, 159, 170, 182]
184: [7, 11, 14, 24, 25, 29, 32, 45, 56, 57, 61, 65, 78, 89, 98, 104, 112, 117, 126, 135, 155, 168, 178]
185: [3, 12, 13, 15, 17, 23, 28, 37, 38, 42, 51, 61, 69, 73, 74, 76, 82, 87, 96, 118, 122, 124, 133, 135, 137, 142, 145, 146, 154, 166, 174, 182, 183]
186: [2, 3, 7, 11, 14, 17, 22, 25, 27, 33, 35, 37, 38, 42, 46, 74, 78, 82, 88, 107, 120, 130, 131, 133, 135, 144, 145, 146, 153, 155, 164, 168, 174, 183, 184, 185]
187: [2, 9, 14, 21, 23, 24, 25, 27, 30, 34, 43, 46, 48, 49, 51, 53, 64, 68, 70, 79, 83, 101, 116, 118, 119, 121, 124, 126, 134, 135, 138, 140, 141, 148, 155, 156, 160, 162, 165, 169, 177, 181]
188: [1, 2, 3, 7, 9, 10, 11, 13, 14, 15, 21, 24, 28, 29, 32, 44, 55, 57, 58, 59, 64, 70, 72, 79, 84, 95, 101, 103, 105, 106, 110, 112, 118, 119, 120, 126, 130, 142, 146, 148, 153, 161, 163, 169, 176, 177, 180, 181, 187]
189: [3, 4, 12, 15, 16, 20, 33, 42, 44, 46, 49, 53, 72, 74, 75, 82, 83, 87, 101, 106, 107, 109, 110, 133, 141, 148, 152, 154, 162, 169, 172, 185]
190: [2, 3, 9, 11, 12, 23, 28, 33, 35, 36, 45, 46, 49, 51, 65, 69, 79, 83, 99, 106, 118, 119, 121, 122, 123, 124, 126, 133, 137, 138, 140, 141, 162, 166, 168, 174, 180, 182, 185, 187]
191: [1, 2, 3, 4, 8, 9, 17, 23, 27, 28, 32, 35, 39, 40, 44, 46, 51, 55, 72, 75, 82, 91, 98, 103, 106, 107, 109, 110, 111, 124, 136, 153, 158, 159, 160, 162, 164, 169, 170, 179, 180, 188, 189]
192: [2, 13, 24, 31, 34, 37, 43, 44, 46, 51, 55, 80, 85, 108, 125, 146, 151, 155, 156, 170, 187]
193: [2, 3, 6, 16, 17, 20, 27, 31, 34, 35, 39, 48, 50, 53, 54, 55, 60, 64, 65, 71, 76, 81, 82, 86, 87, 101, 102, 107, 109, 113, 115, 122, 126, 128, 129, 132, 134, 136, 139, 144, 149, 151, 172, 177]
194: [5, 17, 27, 28, 34, 47, 54, 61, 64, 66, 70, 78, 79, 85, 88, 91, 92, 106, 109, 111, 112, 131, 135, 143, 147, 159, 162, 170, 175, 178, 182, 183, 191]
195: [24, 26, 34, 37, 46, 49, 66, 83, 100, 108, 116, 128, 134, 154, 155, 156, 157, 173, 187, 192]
196: [5, 13, 18, 28, 29, 42, 43, 45, 55, 57, 59, 64, 68, 79, 84, 88, 90, 96, 100, 109, 110, 112, 114, 115, 125, 127, 128, 130, 132, 137, 138, 139, 147, 153, 154, 157, 165, 168, 176, 182, 188, 190]
197: [9, 22, 28, 33, 42, 59, 63, 74, 81, 85, 88, 106, 130, 144, 145, 153, 155, 163, 168, 178, 180, 183, 186, 190, 194]
198: [12, 13, 17, 25, 29, 32, 37, 38, 52, 55, 57, 61, 65, 79, 83, 92, 96, 104, 107, 117, 119, 130, 131, 133, 135, 141, 145, 146, 148, 150, 156, 157, 161, 162, 169, 174, 178, 184, 185, 186, 189, 190]
199: [7, 8, 45, 50, 60, 87, 101, 103, 113, 122, 127, 128, 135, 136, 146, 147, 149, 150, 156, 163, 179, 193]
200: [1, 3, 8, 17, 27, 72, 73, 76, 81, 84, 85, 91, 102, 105, 107, 109, 115, 128, 132, 134, 165, 166, 181, 188, 193]
201: [1, 4, 11, 17, 22, 29, 30, 32, 35, 39, 40, 43, 45, 50, 55, 57, 64, 72, 75, 79, 83, 89, 93, 97, 98, 107, 112, 120, 128, 136, 160, 161, 168, 178, 179, 184, 187, 191, 198]
202: [11, 14, 48, 107, 109, 116, 120, 131, 135, 138, 145, 153, 164, 165, 184, 186]
203: [4, 10, 11, 22, 24, 56, 67, 78, 79, 81, 84, 87, 100, 104, 107, 118, 120, 126, 135, 150, 155, 161, 165, 169, 184, 187, 192]
204: [2, 20, 27, 29, 32, 33, 35, 40, 43, 46, 55, 59, 90, 93, 110, 138, 139, 156, 163, 182, 186, 196, 200, 201]
205: [9, 14, 15, 23, 34, 39, 42, 51, 56, 62, 66, 67, 75, 78, 83, 91, 94, 105, 109, 112, 113, 119, 122, 123, 124, 134, 141, 147, 153, 156, 165, 167, 178, 181, 187, 197]
206: [6, 12, 16, 23, 24, 29, 32, 33, 34, 35, 38, 46, 47, 48, 53, 57, 61, 64, 65, 74, 80, 82, 90, 97, 107, 117, 133, 141, 152, 155, 156, 172, 177, 179, 184, 186, 187, 189, 192, 193, 195, 198]
207: [3, 15, 23, 46, 54, 61, 74, 84, 96, 110, 113, 114, 118, 122, 124, 133, 154, 166, 174, 185, 190, 203]
208: [2, 42, 49, 50, 51, 54, 69, 76, 102, 121, 122, 138, 140, 144, 151, 159, 162, 185, 187, 190]
209: [6, 7, 9, 19, 21, 22, 24, 28, 30, 34, 39, 46, 47, 53, 56, 62, 64, 66, 67, 68, 71, 76, 80, 84, 85, 86, 92, 93, 94, 98, 100, 106, 107, 120, 132, 137, 139, 140, 141, 147, 155, 156, 159, 172, 175, 180, 187, 190, 192, 193, 195, 197, 198, 203, 206]
210: [13, 16, 17, 23, 27, 43, 52, 57, 64, 68, 76, 80, 81, 83, 87, 91, 92, 93, 111, 116, 117, 121, 123, 126, 142, 143, 157, 159, 164, 169, 171, 172, 177, 185, 187, 193, 206]
211: [13, 14, 20, 28, 30, 32, 52, 57, 64, 72, 82, 83, 84, 126, 130, 137, 139, 140, 142, 147, 150, 156, 158, 161, 163, 173, 179, 193, 198, 199]
212: [3, 4, 5, 7, 9, 12, 13, 18, 25, 27, 28, 29, 40, 54, 61, 64, 70, 79, 84, 88, 93, 95, 96, 97, 98, 99, 100, 101, 106, 110, 111, 112, 115, 119, 120, 123, 124, 125, 128, 130, 131, 134, 145, 154, 157, 162, 164, 165, 172, 176, 177, 178, 181, 194, 195, 196, 198, 201, 205]
213: [1, 2, 10, 19, 21, 29, 32, 36, 38, 47, 56, 62, 67, 69, 72, 77, 84, 86, 88, 90, 94, 95, 98, 102, 103, 106, 107, 115, 116, 118, 119, 120, 125, 140, 150, 162, 172, 175, 203, 209]
214: [23, 38, 48, 52, 60, 82, 86, 114, 128, 140, 143, 150, 161, 172, 193]
215: [1, 12, 17, 25, 29, 56, 57, 58, 72, 79, 81, 91, 93, 96, 99, 114, 119, 122, 131, 147, 156, 157, 162, 164, 167, 178, 181, 191, 194, 198, 205, 210, 212]
216: [1, 3, 4, 9, 26, 27, 28, 29, 32, 33, 34, 37, 38, 39, 44, 50, 55, 60, 61, 69, 70, 74, 87, 88, 95, 98, 101, 102, 103, 108, 112, 113, 114, 119, 121, 122, 124, 125, 134, 136, 139, 149, 150, 162, 165, 170, 175, 177, 178, 179, 181, 183, 193, 195, 199, 212, 213]
217: [13, 19, 24, 26, 27, 36, 41, 53, 57, 61, 63, 65, 77, 80, 84, 94, 99, 110, 128, 130, 131, 134, 146, 148, 153, 154, 173, 179, 180, 188, 195, 196]
218: [4, 13, 15, 29, 31, 32, 37, 52, 61, 65, 80, 86, 94, 102, 117, 130, 134, 135, 142, 146, 148, 161, 165, 172, 179, 180, 184, 198, 206, 217]
219: [1, 2, 8, 11, 12, 16, 19, 25, 29, 32, 35, 36, 41, 42, 46, 51, 53, 56, 57, 76, 79, 89, 91, 93, 96, 112, 119, 122, 125, 131, 136, 141, 142, 147, 153, 156, 162, 164, 167, 168, 171, 178, 180, 184, 191, 192, 198, 201, 205, 212, 215, 217]
220: [3, 12, 17, 26, 29, 42, 44, 46, 52, 53, 66, 75, 83, 106, 107, 109, 110, 124, 134, 143, 153, 156, 161, 162, 189, 191, 195]
221: [32, 38, 53, 59, 83, 96, 97, 105, 120, 145, 187, 214]
222: [2, 6, 9, 35, 38, 49, 52, 55, 58, 62, 63, 66, 71, 76, 79, 82, 85, 88, 89, 95, 100, 107, 111, 114, 126, 128, 140, 141, 148, 150, 157, 181, 186, 193, 206, 218]
223: [5, 7, 11, 12, 14, 23, 25, 27, 32, 40, 46, 60, 64, 65, 69, 75, 78, 79, 80, 83, 87, 91, 95, 97, 101, 111, 117, 121, 124, 135, 153, 158, 159, 162, 173, 184, 186, 191]
224: [3, 9, 10, 11, 21, 23, 26, 35, 37, 45, 46, 62, 79, 83, 99, 100, 108, 122, 123, 124, 133, 141, 166, 167, 174, 180, 182, 185, 190, 196, 207]
225: [12, 22, 25, 27, 29, 36, 39, 41, 46, 53, 68, 79, 96, 119, 131, 142, 143, 153, 178, 184, 194, 198, 212, 215, 217, 219, 220, 221]
226: [11, 19, 21, 29, 32, 35, 40, 43, 45, 50, 62, 72, 79, 83, 84, 89, 93, 108, 112, 128, 142, 144, 148, 155, 156, 159, 161, 162, 169, 180, 189, 198, 201, 204, 224]
227: [6, 7, 9, 13, 39, 53, 59, 70, 71, 76, 93, 103, 111, 126, 132, 139, 148, 160, 174, 187, 188, 193, 198, 209]
228: [6, 21, 23, 43, 44, 55, 62, 79, 80, 81, 87, 95, 102, 121, 124, 125, 134, 141, 148, 160, 165, 181, 187, 202, 205, 216, 222]
229: [6, 7, 27, 40, 46, 47, 48, 53, 56, 57, 67, 75, 80, 82, 97, 101, 111, 116, 130, 153, 157, 158, 165, 176, 179, 187, 191, 206, 221, 223]
230: [3, 9, 11, 16, 27, 28, 29, 32, 33, 38, 44, 45, 48, 57, 60, 64, 70, 71, 72, 79, 82, 83, 85, 86, 87, 88, 102, 106, 107, 112, 114, 122, 126, 132, 148, 162, 163, 169, 172, 177, 180, 182, 187, 188, 190, 191, 193, 196, 197, 206, 208, 209, 210, 212, 213, 214, 216, 224, 227]
231: [9, 11, 12, 15, 28, 33, 39, 47, 69, 73, 83, 84, 85, 87, 93, 106, 110, 113, 118, 137, 148, 162, 168, 169, 172, 185, 189, 190, 198, 226, 227, 230]
232: [13, 14, 23, 24, 39, 41, 53, 56, 68, 75, 78, 87, 89, 91, 100, 104, 109, 113, 117, 119, 122, 126, 135, 140, 147, 155, 156, 161, 163, 167, 168, 169, 170, 178, 181, 182, 184, 203, 205, 210, 215, 219, 229]
233: [12, 13, 14, 19, 75, 77, 90, 100, 101, 106, 109, 114, 115, 116, 119, 125, 132, 140, 156, 179, 205, 213]
234: [16, 19, 21, 29, 30, 32, 38, 40, 45, 48, 50, 53, 56, 57, 60, 62, 64, 79, 82, 86, 87, 88, 101, 102, 111, 112, 113, 117, 122, 136, 140, 142, 149, 151, 161, 172, 173, 177, 181, 182, 190, 193, 196, 199, 201, 206, 208, 209, 210, 211, 213, 214, 216, 222, 224, 230, 232]
235: [18, 32, 50, 57, 59, 78, 81, 91, 92, 93, 107, 129, 157, 164, 167, 171, 197, 210, 215]
236: [15, 22, 31, 51, 55, 78, 79, 83, 94, 102, 112, 120, 135, 143, 148, 154, 167, 184, 194, 202, 205, 218]
237: [6, 14, 17, 25, 28, 32, 34, 36, 41, 45, 50, 53, 66, 74, 78, 79, 91, 92, 129, 131, 142, 143, 153, 159, 164, 170, 171, 174, 178, 182, 190, 191, 194, 196, 215, 217, 219, 223, 224, 225, 230, 233, 234, 235]
238: [16, 35, 45, 47, 52, 53, 72, 74, 75, 79, 80, 84, 121, 125, 130, 140, 142, 149, 156, 161, 167, 171, 174, 182, 183, 226, 237]
239: [17, 18, 21, 22, 25, 30, 38, 47, 51, 69, 71, 83, 94, 111, 112, 115, 123, 136, 138, 139, 142, 144, 152, 155, 157, 161, 167, 171, 185, 196, 201, 205, 210, 236]
240: [9, 13, 37, 44, 51, 53, 55, 56, 70, 83, 91, 94, 108, 112, 117, 126, 140, 146, 147, 148, 151, 156, 162, 167, 170, 172, 173, 178, 187, 188, 192, 205, 214, 215, 217, 219, 227, 230, 232, 234, 236, 239]
241: [13, 21, 23, 28, 30, 39, 41, 48, 50, 65, 73, 77, 82, 87, 89, 100, 101, 112, 118, 119, 124, 128, 134, 146, 154, 156, 165, 169, 170, 173, 177, 178, 185, 187, 188, 189, 193, 212, 216, 223, 232]
242: [11, 12, 21, 28, 36, 38, 41, 48, 49, 50, 52, 53, 54, 55, 63, 71, 78, 82, 86, 87, 89, 98, 100, 104, 112, 113, 118, 119, 126, 133, 136, 138, 139, 141, 144, 151, 155, 164, 165, 170, 181, 208, 220, 232, 239, 241]
243: [25, 30, 35, 55, 59, 77, 97, 98, 99, 112, 149, 161, 188, 202, 217, 239, 242]
244: [9, 11, 28, 42, 57, 63, 65, 68, 77, 85, 90, 99, 106, 112, 118, 148, 157, 173, 176, 179, 180, 197, 209, 217, 230, 232]
245: [14, 15, 27, 28, 31, 82, 102, 103, 118, 121, 126, 129, 137, 139, 147, 148, 150, 158, 161, 203, 211, 218, 223, 236]
246: [12, 30, 41, 42, 52, 53, 59, 62, 64, 80, 87, 100, 112, 115, 119, 123, 133, 143, 152, 165, 189, 194, 203, 220, 232, 241, 242]
247: [3, 5, 10, 16, 17, 23, 34, 44, 45, 54, 61, 71, 72, 75, 79, 81, 83, 84, 89, 92, 93, 94, 102, 103, 106, 107, 109, 110, 115, 118, 122, 124, 128, 133, 134, 135, 150, 154, 159, 162, 166, 170, 171, 173, 174, 176, 180, 183, 185, 189, 190, 191, 193, 195, 200, 207, 210, 220, 224, 235, 241]
248: [7, 17, 22, 26, 27, 34, 37, 39, 41, 42, 46, 48, 55, 60, 67, 71, 82, 86, 95, 101, 108, 120, 124, 130, 134, 142, 147, 151, 172, 185, 193, 195, 202, 210, 212, 214, 216, 225, 230, 234, 236, 239]
249: [7, 12, 14, 18, 23, 25, 34, 60, 65, 72, 83, 87, 91, 103, 115, 118, 121, 124, 139, 142, 150, 155, 157, 161, 162, 181, 187, 188, 196, 203, 223, 226, 239, 241, 245]
250: [3, 6, 7, 15, 17, 22, 31, 33, 35, 38, 42, 47, 48, 57, 63, 74, 79, 80, 82, 88, 95, 96, 97, 101, 107, 114, 118, 120, 131, 140, 143, 144, 152, 153, 154, 155, 166, 174, 179, 181, 185, 186, 194, 197, 206, 207, 222, 228, 229]
251: [1, 8, 14, 28, 30, 34, 37, 45, 66, 74, 79, 92, 103, 115, 127, 128, 135, 143, 148, 150, 152, 156, 170, 184, 194, 198, 199, 205, 217, 218, 233, 237, 246]
252: [1, 17, 55, 65, 68, 73, 82, 84, 103, 106, 108, 121, 129, 142, 144, 155, 159, 170, 185, 191, 193, 210, 211, 226, 239, 248, 249]
253: [3, 6, 9, 11, 14, 15, 16, 20, 25, 27, 35, 42, 44, 46, 49, 53, 65, 75, 77, 78, 83, 99, 100, 106, 107, 108, 109, 110, 123, 141, 162, 180, 182, 189, 190, 191, 220, 224, 237, 243, 245, 247, 252]
254: [4, 7, 12, 13, 16, 17, 27, 33, 36, 40, 41, 42, 46, 48, 49, 52, 53, 57, 60, 75, 76, 82, 84, 86, 95, 98, 101, 110, 111, 124, 125, 130, 132, 143, 144, 153, 156, 158, 161, 165, 181, 182, 188, 189, 191, 193, 196, 197, 208, 212, 214, 216, 217, 219, 220, 223, 225, 229, 230, 234, 237, 238, 242, 246, 248]
255: [4, 21, 22, 40, 52, 57, 62, 67, 71, 77, 108, 109, 112, 124, 128, 143, 145, 149, 156, 161, 183, 186, 196, 197, 218, 220, 224, 226, 229, 230, 234, 248, 254]
256: [12, 14, 28, 33, 43, 51, 59, 69, 73, 80, 81, 102, 114, 118, 120, 122, 123, 133, 137, 146, 148, 149, 152, 159, 169, 182, 183, 185, 188, 190, 192, 208, 216, 223, 228, 231, 238, 246]
257: [10, 12, 14, 22, 24, 30, 33, 34, 35, 36, 41, 43, 46, 51, 52, 63, 72, 73, 74, 78, 83, 89, 93, 106, 110, 119, 120, 133, 143, 145, 146, 155, 156, 163, 169, 172, 175, 176, 187, 188, 192, 195, 204, 205, 206, 209, 226, 256]
258: [7, 32, 36, 42, 50, 56, 69, 74, 81, 91, 95, 101, 112, 118, 120, 127, 129, 130, 132, 137, 143, 147, 152, 156, 164, 167, 175, 178, 181, 182, 185, 189, 190, 205, 212, 215, 219, 220, 231, 232, 235, 237, 240, 246, 248, 250, 254, 256, 257]
259: [11, 12, 13, 15, 22, 26, 31, 42, 55, 57, 59, 63, 66, 71, 83, 84, 93, 97, 101, 105, 106, 110, 114, 130, 140, 151, 153, 156, 159, 161, 163, 170, 172, 179, 181, 188, 195, 196, 200, 201, 202, 203, 205, 209, 217, 220, 230, 239, 243, 250, 254, 257]
260: [6, 11, 14, 19, 25, 27, 39, 46, 54, 78, 112, 128, 136, 148, 159, 180, 207, 223, 225, 226, 237, 248, 253]
261: [1, 10, 18, 22, 24, 37, 45, 54, 57, 59, 63, 67, 72, 74, 77, 79, 89, 93, 99, 106, 113, 115, 118, 119, 125, 130, 139, 148, 157, 158, 163, 165, 167, 173, 176, 179, 180, 181, 188, 196, 209, 213, 217, 224, 229, 235, 239, 242, 244, 249, 251, 257, 259]
262: [1, 4, 10, 15, 17, 18, 19, 23, 29, 32, 39, 40, 60, 61, 65, 72, 74, 75, 77, 81, 86, 96, 98, 109, 114, 117, 118, 128, 140, 147, 149, 150, 154, 156, 160, 163, 166, 174, 179, 184, 185, 188, 191, 198, 199, 201, 203, 206, 207, 211, 214, 218, 240, 250, 255, 259]
263: [1, 2, 6, 11, 22, 29, 32, 39, 41, 42, 47, 48, 49, 51, 57, 61, 69, 76, 80, 81, 82, 84, 91, 95, 103, 110, 119, 121, 133, 138, 139, 140, 144, 150, 157, 162, 164, 170, 178, 179, 180, 187, 190, 206, 208, 210, 213, 215, 216, 221, 229, 235, 240, 250, 254, 255, 262]
264: [12, 13, 31, 32, 37, 44, 47, 52, 55, 57, 59, 61, 64, 65, 76, 80, 83, 91, 108, 117, 123, 126, 130, 132, 133, 134, 143, 146, 147, 149, 151, 152, 161, 166, 168, 169, 170, 181, 182, 183, 190, 192, 198, 207, 210, 211, 217, 218, 231, 232, 238, 240, 241, 246, 254, 256, 258, 260]
265: [2, 6, 11, 19, 21, 27, 32, 33, 39, 46, 47, 53, 57, 61, 62, 71, 75, 76, 78, 86, 88, 89, 109, 111, 112, 132, 139, 140, 147, 159, 163, 168, 170, 172, 178, 181, 182, 183, 184, 186, 193, 194, 201, 204, 209, 213, 219, 222, 227, 232, 234]
266: [5, 13, 28, 34, 35, 38, 42, 45, 49, 52, 54, 57, 58, 60, 63, 68, 84, 89, 98, 110, 113, 114, 127, 130, 136, 140, 142, 153, 154, 155, 165, 169, 170, 179, 181, 188, 196, 217, 218, 222, 226, 232, 241, 242, 243, 244, 248, 249, 252, 254, 259, 261, 264]
267: [7, 9, 14, 16, 25, 29, 35, 50, 73, 77, 78, 84, 89, 93, 95, 101, 103, 110, 118, 121, 125, 129, 130, 135, 136, 140, 141, 146, 154, 156, 159, 163, 173, 176, 182, 184, 186, 193, 205, 212, 219, 223, 238, 241, 247, 248, 254, 258, 260, 266]
268: [3, 6, 9, 14, 17, 24, 27, 47, 48, 57, 70, 80, 82, 92, 99, 114, 120, 132, 136, 142, 146, 169, 179, 185, 188, 189, 196, 204, 206, 210, 212, 216, 229, 230, 239, 248, 250, 252, 256, 257, 263, 267]
269: [15, 17, 22, 39, 41, 51, 52, 55, 63, 73, 80, 81, 87, 92, 113, 120, 130, 145, 159, 168, 172, 182, 186, 197, 231, 236, 248, 257]
270: [6, 8, 10, 16, 19, 21, 24, 29, 38, 39, 53, 61, 62, 68, 71, 72, 76, 86, 106, 119, 127, 132, 136, 138, 139, 140, 144, 155, 157, 163, 170, 172, 173, 176, 177, 178, 188, 193, 209, 213, 216, 227, 232, 234, 239, 242, 244, 257, 261, 263, 265, 266]
271: [12, 25, 27, 53, 64, 69, 79, 95, 96, 105, 117, 119, 120, 131, 133, 168, 172, 178, 188, 190, 193, 198, 200, 207, 212, 215, 219, 223, 225, 231, 234, 259, 264]
272: [13, 14, 22, 23, 25, 29, 34, 43, 53, 55, 66, 74, 79, 80, 93, 115, 118, 120, 123, 130, 131, 133, 134, 146, 150, 160, 171, 175, 178, 181, 187, 194, 205, 209, 213, 217, 218, 225, 228, 236, 237, 238, 239, 248, 249, 264, 269]
273: [9, 13, 16, 22, 53, 55, 74, 75, 85, 87, 89, 100, 101, 106, 107, 109, 111, 113, 120, 124, 125, 127, 142, 150, 164, 171, 174, 179, 182, 188, 230, 233, 236, 237, 238, 242, 247, 248, 250, 261, 269, 272]
274: [11, 15, 22, 25, 30, 31, 32, 33, 35, 52, 56, 67, 84, 86, 98, 102, 107, 120, 136, 142, 148, 155, 161, 164, 172, 179, 195, 203, 209, 213, 218, 226, 236, 239, 242, 243, 245, 249, 252, 266, 267]
275: [10, 11, 12, 17, 28, 30, 41, 46, 53, 54, 60, 61, 64, 68, 69, 71, 72, 73, 74, 81, 87, 100, 112, 119, 124, 128, 132, 134, 136, 142, 147, 148, 150, 153, 154, 157, 162, 163, 165, 171, 173, 174, 176, 177, 182, 189, 203, 212, 216, 220, 223, 226, 232, 237, 238, 240, 241, 242, 246, 254, 262, 267, 268, 273]
276: [2, 13, 14, 16, 23, 25, 31, 34, 35, 40, 41, 52, 63, 74, 75, 77, 79, 80, 97, 99, 101, 114, 118, 123, 125, 130, 131, 134, 140, 145, 146, 178, 179, 181, 182, 187, 194, 217, 218, 225, 237, 238, 243, 249, 250, 253, 254, 257, 259, 264, 265, 269, 272, 273]
277: [1, 4, 8, 18, 20, 38, 42, 49, 58, 72, 73, 75, 76, 84, 85, 95, 98, 101, 107, 108, 109, 120, 121, 133, 144, 165, 177, 180, 181, 188, 189, 198, 200, 203, 208, 212, 214, 216, 221, 229, 254, 255, 263]
278: [5, 13, 16, 52, 54, 57, 60, 61, 64, 71, 72, 73, 76, 80, 97, 101, 106, 112, 126, 135, 139, 165, 172, 176, 177, 180, 193, 196, 206, 210, 229, 230, 234, 244, 247, 255, 264, 275]
279: [1, 5, 6, 14, 25, 27, 28, 34, 37, 42, 43, 45, 56, 64, 66, 68, 74, 78, 79, 80, 81, 92, 95, 102, 107, 112, 116, 124, 127, 128, 133, 134, 135, 136, 138, 143, 148, 154, 160, 165, 170, 177, 181, 185, 187, 194, 196, 210, 212, 216, 228, 237, 241, 251, 253, 256, 260, 261, 266, 272, 275]
280: [21, 24, 39, 48, 52, 56, 62, 64, 78, 87, 92, 99, 104, 108, 111, 121, 123, 125, 126, 135, 154, 155, 159, 170, 172, 178, 184, 198, 201, 203, 210, 212, 216, 224, 226, 232, 241, 255, 273]
281: [2, 8, 10, 14, 16, 17, 19, 29, 32, 35, 38, 39, 46, 52, 67, 75, 78, 81, 88, 89, 93, 102, 103, 109, 113, 122, 125, 130, 139, 142, 157, 163, 168, 171, 178, 180, 181, 182, 188, 205, 213, 216, 219, 230, 232, 234, 238, 247, 249, 254, 263, 265, 276]
282: [11, 14, 24, 31, 46, 50, 62, 63, 64, 69, 73, 83, 97, 101, 118, 120, 133, 136, 137, 146, 148, 151, 155, 163, 169, 173, 179, 185, 188, 190, 208, 223, 231, 234, 256, 257, 258, 260, 263, 264, 268, 271, 275, 279]
283: [2, 7, 16, 19, 24, 27, 31, 33, 36, 39, 46, 51, 56, 61, 62, 63, 70, 78, 83, 85, 95, 97, 101, 102, 104, 107, 114, 117, 122, 125, 126, 128, 129, 130, 135, 138, 141, 151, 155, 166, 170, 179, 184, 186, 192, 203, 204, 207, 212, 216, 219, 227, 232, 241, 247, 248, 254, 256, 258, 265, 267, 280, 282]
284: [22, 36, 47, 50, 55, 60, 78, 81, 86, 94, 98, 102, 107, 122, 145, 156, 160, 183, 186, 197, 208, 216, 230, 235, 237, 238, 242, 255, 264]
285: [5, 7, 11, 13, 14, 16, 22, 23, 25, 28, 31, 34, 35, 42, 52, 57, 63, 68, 84, 86, 93, 97, 101, 110, 114, 118, 127, 130, 136, 140, 153, 154, 173, 176, 179, 181, 187, 188, 196, 202, 209, 217, 218, 247, 248, 249, 250, 254, 257, 259, 261, 266, 267, 272, 274, 276, 279]
286: [3, 5, 9, 11, 22, 27, 32, 43, 64, 68, 69, 70, 75, 79, 84, 89, 97, 101, 109, 110, 116, 117, 125, 126, 133, 148, 163, 168, 182, 187, 188, 207, 210, 212, 216, 223, 227, 230, 231, 232, 240, 263, 265, 268, 279, 281]
287: [7, 13, 14, 18, 25, 30, 37, 44, 45, 55, 58, 59, 64, 74, 78, 79, 80, 81, 85, 91, 95, 102, 108, 130, 135, 138, 146, 147, 148, 149, 151, 160, 161, 170, 184, 186, 187, 192, 194, 201, 223, 228, 235, 238, 239, 240, 256, 258, 264, 267, 279]
288: [1, 2, 4, 9, 13, 17, 19, 38, 39, 52, 64, 66, 71, 72, 75, 76, 77, 80, 89, 90, 98, 100, 114, 116, 126, 128, 132, 140, 147, 148, 150, 156, 157, 160, 163, 179, 190, 191, 195, 197, 199, 201, 205, 210, 211, 212, 222, 226, 233, 262, 264, 269, 277, 278]
289: [3, 7, 8, 13, 17, 22, 30, 54, 55, 59, 63, 73, 82, 89, 92, 93, 103, 111, 112, 113, 120, 128, 131, 159, 160, 170, 171, 174, 181, 186, 191, 210, 227, 235, 241, 242, 247, 250, 252, 261, 266, 275]
290: [4, 12, 27, 34, 56, 61, 67, 73, 75, 82, 84, 88, 94, 96, 101, 107, 120, 133, 142, 145, 150, 151, 161, 164, 178, 189, 193, 203, 209, 212, 213, 241, 248, 267, 274, 277, 282]
291: [2, 27, 40, 43, 55, 59, 61, 75, 89, 90, 92, 109, 110, 138, 139, 159, 160, 163, 168, 170, 179, 181, 182, 183, 194, 196, 204, 228, 232, 265, 272, 279, 280, 281, 286]
292: [1, 9, 11, 19, 27, 28, 32, 33, 35, 43, 46, 68, 69, 75, 79, 83, 90, 95, 99, 100, 103, 106, 114, 115, 116, 119, 123, 131, 141, 150, 162, 165, 166, 178, 180, 190, 194, 203, 213, 216, 224, 225, 230, 231, 233, 237, 246, 253, 263, 272, 276]
293: [7, 11, 15, 21, 30, 36, 45, 48, 52, 55, 56, 62, 64, 73, 74, 82, 86, 87, 96, 97, 99, 108, 111, 112, 118, 121, 123, 125, 126, 129, 135, 149, 154, 159, 160, 164, 165, 166, 172, 174, 180, 185, 187, 189, 192, 201, 207, 210, 212, 224, 226, 232, 241, 242, 244, 250, 255, 262, 266, 270, 280, 285, 287]
294: [5, 7, 12, 17, 31, 43, 46, 58, 78, 91, 95, 101, 109, 112, 128, 130, 132, 136, 142, 147, 150, 153, 156, 163, 165, 179, 185, 196, 199, 210, 211, 212, 220, 239, 248, 252, 254, 258, 262, 267, 268, 275, 282, 283, 287, 288]
295: [1, 5, 13, 14, 17, 26, 28, 32, 33, 34, 36, 37, 42, 52, 56, 64, 65, 69, 76, 80, 82, 88, 92, 95, 102, 103, 107, 108, 109, 114, 119, 122, 126, 128, 133, 134, 135, 137, 138, 139, 142, 144, 147, 150, 158, 162, 165, 185, 195, 202, 210, 211, 213, 216, 239, 245, 248, 252, 256, 257, 263, 264, 268, 278, 279, 283, 287, 288, 292, 294]
296: [13, 34, 55, 57, 59, 67, 81, 90, 91, 92, 93, 100, 110, 117, 128, 138, 139, 143, 157, 164, 171, 182, 195, 196, 204, 210, 212, 215, 235, 247, 263, 264, 278, 288, 289, 291]
297: [2, 8, 9, 19, 35, 46, 61, 69, 70, 80, 84, 93, 95, 98, 105, 110, 126, 142, 148, 156, 166, 167, 171, 174, 178, 180, 187, 188, 200, 219, 223, 227, 230, 231, 234, 238, 240, 259, 264, 271, 281, 286]
298: [1, 2, 10, 17, 21, 27, 29, 35, 39, 41, 42, 46, 51, 62, 72, 76, 81, 87, 89, 93, 100, 108, 119, 122, 125, 129, 136, 137, 150, 153, 156, 162, 164, 173, 185, 191, 192, 203, 215, 219, 224, 225, 226, 232, 240, 241, 242, 246, 248, 255, 260, 262, 275, 280, 288, 293]
299: [2, 5, 8, 9, 19, 30, 31, 32, 35, 38, 46, 64, 69, 70, 79, 81, 82, 93, 97, 101, 107, 117, 126, 133, 142, 148, 160, 171, 178, 180, 186, 187, 188, 197, 201, 206, 219, 222, 223, 227, 230, 231, 240, 250, 264, 281, 282, 286, 287, 293, 297]
300: [3, 7, 9, 11, 21, 22, 28, 32, 38, 44, 46, 49, 50, 55, 64, 69, 72, 78, 82, 95, 101, 103, 104, 106, 112, 118, 119, 130, 133, 136, 159, 169, 170, 173, 177, 187, 188, 191, 203, 212, 223, 230, 241, 242, 248, 252, 254, 258, 267, 274, 275, 282, 283, 289, 294]
301: [2, 9, 19, 20, 23, 38, 42, 47, 49, 52, 58, 66, 69, 71, 77, 90, 99, 100, 103, 111, 114, 116, 118, 123, 125, 132, 133, 140, 148, 150, 154, 156, 157, 161, 172, 179, 189, 203, 212, 214, 222, 233, 239, 245, 249, 253, 262, 266, 279, 280, 288, 293]
302: [9, 14, 15, 26, 29, 34, 37, 39, 52, 61, 64, 65, 70, 74, 87, 96, 100, 108, 111, 118, 121, 123, 134, 139, 154, 159, 166, 170, 174, 178, 179, 183, 185, 195, 201, 205, 207, 210, 213, 216, 218, 224, 233, 248, 250, 251, 252, 253, 262, 263, 266, 270, 274, 280, 284, 285, 293, 295]
303: [5, 9, 14, 52, 54, 67, 79, 85, 88, 102, 106, 122, 130, 131, 141, 158, 162, 165, 176, 178, 194, 197, 205, 208, 212, 216, 225, 229, 230, 237, 261, 267, 272, 276, 284, 287, 292]
304: [5, 23, 27, 29, 39, 41, 45, 46, 56, 82, 102, 107, 128, 133, 135, 138, 142, 143, 206, 220, 225, 248, 260, 279, 295, 298]
305: [11, 32, 42, 57, 63, 76, 77, 89, 99, 112, 148, 166, 168, 173, 178, 179, 180, 184, 201, 204, 217, 219, 244, 256, 261, 265]
306: [3, 5, 13, 17, 22, 37, 44, 55, 56, 58, 60, 70, 78, 91, 94, 95, 102, 107, 108, 128, 133, 134, 135, 138, 142, 146, 147, 151, 170, 185, 192, 197, 210, 239, 240, 248, 252, 264, 268, 279, 287, 294, 295, 304]
307: [6, 9, 14, 26, 28, 34, 41, 45, 66, 79, 83, 85, 92, 95, 103, 106, 120, 128, 135, 138, 143, 146, 169, 170, 180, 181, 184, 188, 194, 195, 197, 199, 205, 209, 218, 220, 222, 228, 230, 233, 237, 244, 248, 250, 251, 256, 257, 259, 268, 279, 282, 300, 302]
308: [5, 6, 11, 13, 22, 32, 35, 45, 67, 69, 79, 93, 95, 97, 101, 107, 112, 117, 142, 145, 153, 161, 164, 169, 170, 181, 186, 202, 209, 222, 223, 226, 228, 232, 236, 238, 240, 241, 250, 257, 259, 261, 264, 266, 285, 286, 296, 299, 307]
309: [1, 8, 12, 21, 30, 33, 51, 62, 72, 73, 74, 76, 79, 85, 89, 107, 108, 109, 110, 131, 132, 143, 151, 156, 165, 172, 178, 194, 200, 224, 225, 226, 237, 255, 257, 272, 276, 277, 280, 282, 288, 290, 292, 293, 298, 303]
310: [1, 3, 9, 12, 16, 18, 28, 29, 32, 33, 42, 44, 49, 51, 61, 62, 63, 65, 72, 73, 76, 77, 80, 86, 87, 90, 93, 106, 107, 116, 117, 122, 124, 141, 144, 149, 162, 169, 182, 183, 184, 185, 188, 191, 197, 198, 206, 208, 215, 218, 219, 230, 231, 238, 254, 256, 262, 263, 264, 269, 273, 274, 277, 285, 287, 298, 300]
311: [19, 23, 53, 64, 65, 87, 114, 117, 120, 124, 133, 140, 172, 214, 223, 241, 249, 262, 271, 301]
312: [13, 14, 23, 25, 34, 39, 43, 54, 56, 63, 67, 75, 76, 78, 84, 88, 89, 99, 107, 109, 111, 113, 114, 118, 120, 122, 123, 125, 140, 150, 154, 160, 161, 172, 178, 181, 187, 203, 205, 209, 212, 213, 214, 228, 232, 242, 245, 249, 261, 262, 264, 266, 272, 274, 276, 279, 280, 281, 285, 289, 290, 291, 293, 301, 309, 311]
313: [19, 21, 27, 32, 38, 40, 45, 47, 50, 62, 71, 79, 86, 106, 110, 136, 138, 139, 140, 144, 155, 166, 172, 182, 190, 196, 201, 209, 213, 224, 230, 234, 237, 239, 242, 257, 265, 270, 271, 297]
314: [3, 56, 108, 109, 123, 128, 175, 182, 216, 228, 265]
315: [23, 26, 29, 32, 35, 37, 38, 43, 50, 52, 53, 61, 65, 74, 79, 82, 107, 114, 116, 117, 142, 147, 158, 171, 174, 182, 184, 186, 198, 199, 206, 218, 220, 222, 237, 238, 242, 246, 250, 254, 262, 273, 275, 296, 299, 304, 310]
316: [6, 13, 14, 24, 25, 32, 35, 47, 50, 56, 68, 71, 77, 78, 79, 99, 104, 111, 126, 129, 131, 135, 147, 154, 155, 157, 159, 164, 178, 184, 194, 203, 219, 223, 225, 232, 235, 237, 243, 253, 258, 260, 265, 272, 275, 276, 279, 280, 283, 284, 292, 298, 303, 309]
317: [6, 9, 11, 13, 15, 27, 28, 33, 39, 40, 46, 52, 59, 64, 73, 75, 76, 79, 80, 83, 87, 88, 95, 106, 111, 113, 126, 138, 145, 153, 158, 162, 164, 172, 178, 181, 190, 191, 194, 210, 222, 223, 228, 229, 230, 231, 234, 235, 250, 254, 264, 265, 268, 269, 273, 278, 280, 288, 292, 295, 303, 307, 308]
318: [6, 9, 21, 24, 28, 29, 30, 34, 35, 38, 39, 46, 53, 55, 64, 70, 71, 76, 82, 84, 85, 101, 103, 106, 107, 110, 118, 119, 126, 132, 139, 148, 155, 156, 159, 160, 169, 170, 177, 180, 186, 187, 188, 191, 192, 193, 195, 197, 201, 202, 206, 209, 222, 227, 230, 231, 235, 240, 241, 244, 246, 250, 252, 257, 265, 270, 286, 287, 289, 293, 297, 299, 300, 307, 315, 317]
319: [1, 2, 9, 13, 22, 32, 37, 38, 41, 44, 53, 55, 60, 61, 66, 69, 71, 73, 74, 87, 95, 100, 103, 108, 119, 140, 146, 148, 150, 151, 157, 158, 162, 170, 171, 172, 176, 187, 192, 213, 216, 217, 221, 222, 232, 240, 241, 242, 246, 262, 263, 264, 272, 273, 275, 278, 287, 288, 292, 295, 296, 298, 301, 306]
320: [1, 7, 9, 14, 15, 25, 30, 42, 53, 62, 63, 64, 71, 73, 78, 83, 85, 88, 89, 91, 100, 111, 114, 117, 120, 123, 129, 133, 135, 141, 148, 153, 156, 169, 172, 181, 184, 186, 205, 222, 223, 224, 234, 252, 253, 259, 265, 267, 271, 287, 297, 302, 311, 313, 317]
321: [1, 3, 5, 9, 14, 23, 28, 29, 32, 39, 42, 44, 49, 54, 61, 65, 72, 75, 76, 78, 86, 88, 93, 106, 108, 109, 113, 117, 122, 124, 133, 134, 144, 162, 166, 169, 174, 181, 184, 185, 188, 190, 191, 194, 198, 205, 206, 207, 208, 212, 215, 218, 219, 224, 230, 232, 233, 247, 251, 252, 253, 254, 262, 263, 274, 277, 281, 285, 298, 300, 302, 303, 307, 310, 312, 315]
322: [4, 25, 30, 36, 41, 45, 54, 55, 59, 63, 79, 83, 89, 98, 113, 118, 150, 153, 161, 175, 181, 188, 201, 203, 218, 239, 242, 243, 245, 249, 255, 257, 259, 261, 266, 274, 281, 287, 289, 301, 312]
323: [3, 4, 12, 22, 25, 30, 52, 60, 70, 75, 94, 101, 117, 135, 142, 150, 161, 170, 184, 189, 202, 236, 237, 239, 241, 243, 247, 255, 274, 277, 283, 290, 306, 322]
324: [17, 35, 44, 55, 87, 88, 91, 121, 125, 126, 132, 136, 191, 193, 194, 196, 215, 216, 222, 228, 237, 266, 267, 274, 285, 305]
325: [12, 30, 32, 33, 35, 37, 43, 44, 47, 59, 60, 66, 80, 86, 93, 94, 98, 102, 122, 123, 133, 138, 150, 152, 153, 156, 164, 172, 183, 198, 204, 208, 226, 230, 238, 246, 251, 256, 257, 264, 274, 284, 303, 317, 318]
326: [7, 9, 15, 20, 27, 29, 40, 61, 68, 70, 74, 79, 84, 85, 97, 107, 109, 113, 120, 121, 126, 128, 133, 135, 143, 148, 152, 154, 159, 170, 177, 182, 183, 187, 188, 194, 201, 203, 212, 227, 230, 240, 250, 258, 265, 273, 277, 286, 291, 297, 299, 318]
327: [5, 13, 17, 29, 35, 37, 38, 43, 50, 64, 77, 84, 91, 96, 99, 109, 110, 112, 128, 130, 133, 135, 145, 146, 165, 174, 176, 185, 186, 196, 198, 211, 212, 218, 223, 243, 249, 253, 276, 294, 308, 316]
328: [11, 15, 19, 27, 42, 47, 61, 62, 69, 72, 83, 109, 111, 112, 128, 136, 153, 155, 156, 159, 167, 170, 180, 181, 182, 183, 194, 205, 222, 226, 239, 249, 259, 260, 265, 267, 291, 301, 320, 326]
329: [2, 10, 17, 18, 35, 49, 51, 52, 64, 77, 81, 87, 96, 98, 99, 100, 111, 121, 122, 123, 125, 138, 140, 154, 159, 162, 172, 180, 187, 190, 208, 210, 212, 242, 243, 247, 253, 263, 266, 274, 276, 280, 281, 293, 301, 302, 312, 316, 322, 327]
330: [23, 24, 27, 32, 36, 38, 41, 47, 53, 59, 61, 63, 65, 67, 83, 87, 89, 94, 96, 98, 100, 114, 119, 131, 140, 145, 175, 187, 209, 213, 214, 217, 221, 232, 241, 242, 246, 257, 262, 275, 277, 298, 301, 311, 312, 319, 322]
331: [2, 4, 7, 10, 28, 50, 55, 60, 65, 72, 75, 81, 82, 83, 94, 99, 101, 103, 108, 119, 142, 144, 150, 159, 161, 162, 170, 173, 189, 190, 191, 193, 203, 223, 238, 240, 249, 252, 253, 262, 275, 277, 289, 290, 298, 300, 302, 318, 321, 323]
332: [9, 10, 11, 13, 14, 16, 21, 23, 24, 25, 26, 30, 35, 37, 42, 46, 55, 56, 57, 78, 83, 84, 99, 100, 101, 104, 108, 110, 118, 119, 123, 125, 126, 130, 135, 138, 141, 153, 155, 160, 161, 165, 169, 177, 180, 184, 187, 188, 189, 190, 193, 196, 198, 203, 205, 209, 210, 217, 219, 220, 222, 224, 232, 239, 241, 243, 246, 253, 254, 258, 259, 266, 267, 274, 280, 283, 285, 292, 300, 303, 316, 318, 322, 323, 324, 325]
333: [10, 13, 28, 44, 45, 56, 66, 79, 80, 109, 112, 115, 124, 128, 130, 134, 145, 146, 165, 167, 175, 177, 182, 190, 196, 212, 216, 217, 218, 224, 230, 234, 237, 241, 261, 264, 272, 275, 276, 279, 295, 306, 313, 314, 322]
334: [2, 7, 11, 12, 16, 21, 22, 27, 33, 43, 44, 46, 48, 50, 52, 53, 55, 56, 57, 62, 67, 68, 74, 75, 77, 82, 86, 89, 97, 108, 112, 114, 123, 125, 126, 130, 133, 141, 145, 146, 152, 156, 164, 165, 166, 172, 173, 182, 183, 186, 189, 196, 197, 206, 224, 226, 230, 234, 238, 241, 242, 254, 255, 267, 276, 278, 280, 281, 284, 292, 293, 298, 309]
335: [8, 10, 12, 16, 18, 19, 24, 39, 72, 106, 115, 119, 127, 139, 147, 157, 163, 176, 177, 188, 196, 239, 249, 257, 261, 264, 270, 286]
336: [5, 7, 9, 13, 30, 32, 47, 59, 64, 68, 69, 75, 79, 88, 97, 100, 101, 106, 109, 110, 112, 115, 117, 125, 137, 138, 147, 153, 164, 168, 183, 194, 196, 205, 209, 220, 223, 227, 233, 238, 264, 273, 284, 286, 299, 303, 308, 317, 325]
337: [2, 10, 13, 17, 24, 29, 35, 42, 51, 56, 60, 61, 64, 65, 68, 71, 72, 73, 84, 91, 94, 96, 106, 110, 114, 117, 118, 119, 130, 136, 143, 150, 153, 154, 163, 164, 168, 173, 176, 188, 191, 194, 196, 210, 212, 215, 219, 220, 225, 230, 237, 243, 244, 257, 258, 259, 261, 264, 267, 268, 270, 275, 278, 294, 296, 298, 304, 319, 324, 327, 335]
338: [7, 14, 19, 25, 27, 35, 42, 51, 55, 61, 78, 82, 88, 92, 93, 94, 100, 103, 109, 110, 112, 135, 136, 137, 147, 150, 156, 159, 163, 165, 167, 168, 170, 171, 179, 182, 183, 184, 186, 191, 194, 196, 199, 202, 205, 210, 211, 223, 235, 236, 239, 240, 247, 251, 252, 262, 265, 266, 267, 274, 285, 287, 288, 289, 291, 294, 295, 296, 300, 311, 318, 320, 324, 326, 328, 331, 336]
339: [2, 7, 14, 15, 21, 25, 42, 45, 49, 50, 51, 77, 78, 83, 89, 101, 102, 103, 118, 119, 121, 122, 128, 135, 138, 140, 146, 153, 156, 162, 169, 173, 177, 181, 184, 186, 187, 188, 190, 199, 205, 208, 215, 222, 223, 230, 241, 251, 259, 263, 267, 284, 287, 300, 303, 307, 318, 320, 325, 328, 329, 332, 334, 338]
340: [1, 2, 5, 8, 19, 22, 23, 31, 32, 35, 37, 45, 46, 52, 53, 57, 59, 62, 63, 64, 69, 74, 77, 79, 80, 81, 83, 93, 97, 99, 101, 102, 107, 112, 117, 122, 123, 142, 148, 150, 156, 167, 171, 173, 174, 178, 179, 180, 182, 194, 197, 210, 217, 218, 219, 223, 228, 232, 237, 238, 244, 246, 251, 256, 258, 261, 266, 272, 273, 274, 275, 279, 281, 282, 283, 285, 286, 287, 297, 299, 302, 305, 308, 315, 319, 332, 336]
341: [1, 7, 21, 22, 30, 32, 36, 45, 53, 57, 62, 69, 73, 74, 83, 87, 88, 95, 97, 100, 103, 108, 110, 112, 119, 128, 129, 135, 137, 145, 147, 149, 150, 162, 168, 171, 183, 186, 187, 196, 197, 199, 201, 202, 213, 216, 224, 226, 230, 234, 239, 241, 255, 259, 263, 270, 272, 273, 275, 277, 278, 280, 284, 289, 292, 293, 295, 298, 309, 319, 334, 336, 338, 340]
342: [1, 4, 11, 13, 19, 29, 30, 32, 35, 37, 38, 40, 43, 45, 71, 74, 75, 79, 80, 93, 94, 100, 101, 106, 109, 112, 114, 121, 125, 128, 130, 134, 142, 143, 146, 148, 150, 159, 161, 163, 169, 180, 189, 201, 204, 217, 218, 226, 230, 233, 238, 251, 259, 260, 261, 264, 272, 273, 276, 277, 279, 290, 308, 320, 323, 328, 331, 333, 336, 337, 340]
343: [1, 12, 27, 56, 57, 67, 69, 77, 80, 81, 84, 91, 107, 110, 120, 132, 147, 157, 159, 164, 166, 168, 181, 182, 190, 196, 200, 203, 209, 210, 211, 213, 215, 231, 235, 245, 254, 258, 263, 264, 271, 274, 286, 290, 296, 297, 312, 318, 335]
344: [5, 10, 13, 15, 21, 33, 39, 42, 48, 56, 75, 81, 83, 91, 100, 101, 102, 106, 107, 109, 114, 115, 122, 125, 128, 133, 135, 138, 147, 150, 153, 156, 167, 170, 178, 181, 188, 203, 205, 215, 216, 219, 232, 233, 240, 241, 256, 258, 259, 262, 273, 275, 279, 280, 283, 295, 298, 304, 306, 320, 328, 331, 336, 339, 342]
345: [2, 4, 27, 44, 50, 56, 61, 67, 77, 85, 89, 107, 109, 113, 123, 124, 128, 146, 156, 157, 158, 159, 170, 173, 175, 182, 183, 187, 194, 221, 229, 236, 241, 247, 263, 265, 267, 273, 291, 311, 314, 326, 328, 333, 334, 338, 339]
346: [9, 13, 14, 36, 45, 51, 63, 72, 73, 80, 87, 92, 103, 128, 129, 130, 134, 141, 146, 148, 149, 159, 162, 177, 185, 199, 205, 217, 218, 219, 251, 252, 264, 267, 269, 272, 276, 279, 293, 303, 305, 307, 332, 333, 339, 341, 342]
347: [1, 10, 15, 18, 19, 28, 31, 36, 37, 39, 41, 42, 45, 52, 53, 55, 59, 60, 61, 63, 67, 70, 72, 74, 79, 83, 86, 89, 94, 97, 98, 101, 106, 114, 115, 117, 118, 119, 124, 125, 128, 130, 138, 139, 140, 143, 147, 148, 150, 153, 156, 157, 158, 161, 163, 165, 170, 176, 179, 181, 188, 196, 198, 199, 205, 211, 213, 217, 219, 220, 225, 226, 229, 237, 239, 243, 249, 250, 251, 254, 255, 259, 261, 262, 273, 276, 279, 283, 284, 285, 288, 294, 298, 303, 309, 320, 322, 325, 328, 335, 338, 339, 340, 342, 344]
348: [6, 7, 13, 23, 25, 51, 55, 59, 81, 88, 94, 111, 112, 130, 134, 137, 149, 160, 167, 174, 181, 205, 210, 212, 222, 227, 232, 234, 236, 239, 240, 265, 287, 289, 317, 320, 321, 329, 332, 337, 338, 340]
349: [1, 2, 10, 11, 12, 13, 24, 26, 29, 32, 35, 37, 46, 52, 57, 58, 67, 71, 72, 80, 83, 95, 99, 100, 101, 106, 108, 112, 119, 123, 130, 141, 159, 161, 163, 165, 176, 180, 188, 190, 198, 203, 211, 223, 224, 246, 253, 255, 256, 257, 261, 264, 270, 277, 292, 296, 308, 332, 335, 337]
350: [13, 16, 27, 29, 31, 32, 39, 43, 52, 57, 62, 63, 64, 68, 75, 83, 87, 89, 93, 97, 101, 106, 109, 111, 116, 117, 121, 123, 130, 133, 143, 159, 161, 163, 168, 179, 182, 187, 196, 198, 207, 210, 211, 232, 264, 265, 267, 279, 280, 281, 282, 283, 286, 291, 293, 296, 299, 302, 329, 337, 340, 349]
351: [10, 23, 26, 31, 37, 47, 50, 62, 63, 67, 83, 94, 97, 98, 101, 108, 130, 152, 179, 198, 209, 210, 211, 213, 224, 227, 232, 235, 237, 242, 245, 282, 283, 284, 316, 317, 318, 330, 332, 340, 343, 348, 349, 350]
352: [3, 8, 9, 15, 16, 23, 28, 29, 32, 39, 44, 49, 53, 61, 72, 75, 78, 106, 109, 110, 139, 143, 150, 154, 169, 170, 178, 188, 189, 191, 206, 214, 216, 230, 253, 258, 263, 270, 293, 300, 302, 304, 310, 315, 321, 348]
353: [3, 7, 13, 17, 18, 19, 21, 22, 34, 42, 44, 52, 57, 59, 62, 75, 86, 89, 90, 106, 107, 109, 110, 111, 116, 120, 124, 131, 135, 140, 141, 146, 149, 150, 160, 161, 162, 163, 168, 172, 174, 182, 186, 189, 191, 199, 209, 213, 214, 220, 227, 232, 234, 247, 250, 253, 265, 267, 270, 281, 282, 286, 289, 291, 310, 313, 348, 350]
354: [7, 11, 13, 38, 42, 49, 50, 53, 64, 65, 68, 72, 78, 104, 112, 117, 118, 120, 121, 133, 136, 140, 147, 165, 166, 172, 173, 196, 211, 235, 237, 238, 242, 244, 245, 267, 271, 284, 300, 311, 316, 320, 327, 331, 334, 335, 337, 343, 351]
355: [6, 22, 47, 54, 63, 67, 79, 89, 93, 94, 98, 113, 123, 131, 178, 181, 182, 194, 198, 209, 211, 213, 225, 227, 237, 242, 245, 257, 259, 261, 266, 272, 276, 285, 289, 292, 303, 308, 309, 312, 316, 322, 330, 343, 351, 354]
356: [3, 5, 8, 14, 16, 19, 22, 24, 28, 37, 43, 60, 64, 70, 83, 93, 94, 100, 109, 112, 124, 127, 128, 134, 148, 162, 165, 169, 177, 189, 194, 196, 198, 202, 203, 209, 212, 216, 226, 231, 241, 246, 257, 259, 261, 270, 275, 279, 285, 292, 294, 295, 306, 307, 308, 323, 327, 332, 333, 335, 338, 340, 349, 355]
357: [15, 16, 21, 32, 39, 40, 47, 48, 49, 50, 53, 68, 110, 136, 143, 158, 159, 170, 178, 183, 189, 201, 234, 238, 241, 247, 253, 260, 264, 280, 283, 284, 313, 323, 325, 336, 344, 346, 352]
358: [16, 23, 34, 50, 61, 62, 65, 67, 84, 87, 99, 105, 110, 117, 123, 125, 134, 141, 174, 197, 205, 207, 212, 226, 235, 237, 252, 264, 284, 286, 316, 317, 320, 350, 351, 354]
359: [9, 13, 16, 25, 30, 48, 52, 62, 63, 64, 76, 80, 87, 107, 115, 126, 143, 152, 197, 205, 210, 220, 230, 246, 251, 264, 273, 278, 288, 295, 310, 317]
360: [12, 13, 14, 19, 28, 32, 36, 39, 42, 52, 56, 57, 61, 65, 68, 70, 80, 82, 83, 117, 118, 126, 128, 130, 134, 137, 138, 139, 146, 147, 158, 159, 161, 170, 198, 203, 211, 217, 218, 223, 236, 244, 245, 251, 256, 264, 272, 276, 277, 283, 295, 326, 333, 337, 342, 346, 347, 349, 350, 354]
361: [3, 7, 9, 14, 15, 17, 25, 39, 47, 73, 78, 81, 87, 95, 100, 101, 102, 103, 109, 113, 115, 123, 128, 129, 130, 134, 135, 159, 172, 177, 183, 184, 186, 193, 200, 212, 223, 224, 231, 238, 247, 248, 253, 254, 258, 264, 267, 269, 283, 284, 287, 294, 300, 302, 317, 320, 325, 336, 338, 339, 354, 357, 358]
362: [3, 14, 26, 40, 44, 48, 51, 60, 66, 74, 82, 83, 86, 109, 138, 165, 175, 190, 193, 195, 202, 214, 220, 230, 234, 248, 250, 254, 259, 273, 276, 291, 295, 298, 307, 310, 314, 329, 333, 338, 356]
363: [10, 16, 17, 22, 32, 36, 40, 45, 47, 50, 59, 60, 69, 73, 77, 80, 81, 83, 87, 96, 101, 109, 111, 113, 122, 125, 127, 128, 129, 136, 141, 142, 145, 149, 156, 167, 174, 180, 185, 193, 197, 199, 201, 210, 216, 219, 221, 234, 235, 238, 239, 247, 248, 252, 255, 256, 259, 261, 262, 264, 267, 268, 281, 283, 287, 293, 294, 295, 297, 301, 306, 310, 328, 329, 330, 332, 340, 341, 346, 352]
364: [10, 13, 17, 37, 41, 52, 80, 81, 90, 98, 130, 134, 136, 145, 146, 170, 180, 203, 217, 218, 241, 247, 257, 264, 267, 268, 269, 270, 272, 275, 276, 277, 281, 283, 294, 323, 326, 329, 333, 337, 338, 342, 346, 357, 360, 363]
365: [7, 13, 31, 42, 47, 54, 59, 69, 111, 121, 133, 147, 150, 156, 160, 162, 163, 167, 174, 179, 189, 199, 211, 223, 227, 238, 239, 262, 279, 282, 288, 289, 294, 297, 301, 328, 338, 340, 347, 348, 353, 363]
366: [7, 11, 13, 25, 30, 38, 44, 48, 49, 50, 57, 62, 74, 78, 84, 98, 101, 104, 110, 112, 120, 130, 133, 136, 143, 145, 152, 153, 161, 188, 196, 198, 209, 217, 239, 242, 243, 250, 254, 258, 259, 266, 273, 274, 285, 300, 322, 323, 326, 329, 332, 333, 344, 354, 359]
367: [3, 13, 27, 32, 36, 45, 50, 59, 60, 61, 73, 75, 83, 85, 87, 93, 96, 100, 101, 106, 107, 109, 113, 122, 125, 129, 136, 145, 149, 159, 165, 170, 182, 183, 188, 193, 194, 199, 206, 216, 221, 229, 233, 234, 265, 273, 278, 291, 293, 326, 328, 330, 336, 338, 341, 342, 344, 345, 346, 363, 366]
368: [20, 24, 28, 30, 34, 46, 52, 57, 60, 72, 84, 86, 89, 112, 120, 121, 124, 133, 134, 155, 156, 161, 165, 172, 177, 187, 192, 195, 206, 209, 212, 214, 216, 241, 247, 257, 262, 273, 275, 277, 279, 296, 297, 304, 318, 326, 333, 345, 356]
369: [2, 14, 15, 27, 28, 29, 31, 32, 43, 61, 65, 82, 102, 108, 117, 119, 120, 126, 137, 139, 146, 147, 148, 155, 158, 169, 184, 188, 190, 198, 206, 211, 218, 236, 245, 252, 253, 256, 257, 262, 268, 274, 282, 295, 302, 307, 310, 315, 321, 331, 335, 360]
370: [6, 11, 18, 35, 38, 49, 50, 77, 78, 96, 98, 99, 101, 104, 112, 122, 133, 136, 138, 186, 188, 198, 209, 212, 224, 242, 243, 253, 266, 273, 274, 276, 300, 316, 322, 327, 329, 344, 354, 366, 367]
371: [6, 9, 19, 28, 37, 57, 63, 68, 75, 77, 79, 85, 95, 99, 106, 127, 128, 148, 173, 179, 180, 181, 197, 209, 217, 218, 222, 228, 230, 244, 248, 250, 261, 300, 305, 307, 308, 317, 318, 334, 340, 364]
372: [2, 20, 28, 31, 34, 35, 48, 51, 60, 63, 68, 80, 82, 86, 97, 101, 114, 136, 140, 149, 151, 153, 164, 179, 185, 191, 193, 208, 214, 219, 230, 234, 238, 248, 250, 254, 256, 259, 264, 271, 276, 279, 285, 287, 290, 298, 310, 337, 338, 347, 362, 363]
373: [2, 4, 7, 9, 14, 16, 29, 30, 32, 42, 61, 64, 65, 68, 75, 82, 87, 99, 101, 107, 111, 117, 119, 123, 125, 137, 141, 147, 154, 172, 184, 185, 189, 190, 198, 205, 206, 209, 212, 218, 220, 227, 230, 241, 246, 254, 258, 262, 267, 273, 277, 279, 280, 290, 293, 301, 303, 310, 312, 315, 321, 323, 329, 331, 332, 336, 342, 346, 347, 359, 369]
374: [12, 13, 26, 32, 40, 50, 51, 52, 57, 58, 66, 67, 73, 78, 83, 86, 91, 95, 130, 136, 147, 158, 161, 165, 176, 182, 183, 185, 195, 197, 198, 201, 211, 212, 216, 220, 229, 234, 256, 259, 261, 264, 274, 285, 287, 291, 294, 303, 306, 307, 310, 313, 321, 347, 349, 350, 357, 360, 362]
375: [14, 22, 28, 34, 49, 52, 55, 59, 66, 68, 71, 82, 83, 87, 88, 92, 99, 100, 106, 110, 111, 112, 114, 123, 125, 137, 143, 147, 151, 154, 157, 161, 163, 168, 170, 172, 173, 185, 188, 189, 193, 194, 196, 201, 205, 212, 230, 233, 237, 239, 241, 243, 248, 251, 259, 274, 275, 279, 280, 290, 293, 301, 302, 307, 312, 316, 321, 322, 329, 336, 337, 338, 341, 342, 347, 363, 368, 372, 373]
376: [5, 12, 29, 30, 32, 33, 38, 48, 51, 56, 60, 73, 74, 82, 86, 88, 102, 107, 110, 122, 125, 128, 133, 135, 138, 143, 172, 192, 193, 208, 213, 214, 216, 219, 230, 234, 248, 249, 254, 257, 279, 281, 282, 284, 295, 298, 303, 304, 306, 309, 325, 335, 339, 344, 350, 362, 372]
377: [3, 10, 22, 29, 31, 33, 43, 57, 60, 70, 74, 78, 79, 81, 83, 89, 91, 94, 112, 124, 133, 134, 135, 143, 150, 157, 164, 186, 194, 201, 203, 210, 215, 220, 223, 225, 235, 236, 239, 247, 250, 259, 262, 263, 264, 273, 275, 282, 295, 296, 298, 299, 304, 306, 313, 323, 331, 333, 337, 341, 343, 344, 345, 350, 356, 363, 368, 375]
378: [1, 2, 4, 8, 10, 12, 15, 16, 27, 32, 37, 42, 45, 49, 51, 52, 53, 57, 61, 70, 72, 73, 74, 75, 76, 79, 81, 85, 88, 91, 95, 96, 98, 107, 109, 118, 124, 125, 130, 141, 143, 144, 145, 148, 150, 151, 154, 156, 157, 161, 164, 165, 166, 170, 174, 181, 182, 185, 192, 200, 203, 207, 208, 210, 211, 212, 215, 216, 220, 235, 238, 242, 245, 246, 250, 251, 254, 255, 261, 262, 263, 275, 276, 277, 279, 281, 283, 290, 293, 296, 298, 302, 309, 310, 315, 321, 331, 334, 340, 342, 343, 344, 347, 351, 354, 355, 377]
379: [14, 15, 39, 73, 87, 88, 100, 105, 110, 112, 113, 128, 137, 147, 157, 168, 172, 195, 196, 205, 212, 231, 233, 251, 269, 285, 288, 296, 302, 307, 317, 321, 336, 338, 341, 353, 361, 375]
380: [2, 12, 21, 27, 33, 40, 42, 46, 47, 53, 62, 72, 74, 75, 78, 79, 83, 84, 89, 108, 111, 131, 133, 136, 141, 147, 148, 152, 153, 156, 158, 162, 169, 172, 178, 186, 189, 191, 194, 198, 204, 206, 220, 223, 224, 225, 226, 229, 231, 237, 246, 252, 254, 255, 258, 265, 272, 276, 280, 283, 288, 292, 293, 298, 303, 309, 316, 317, 332, 334, 341, 347, 355, 356, 358, 373]
381: [14, 40, 55, 59, 77, 82, 103, 109, 120, 128, 146, 149, 159, 160, 161, 167, 169, 170, 188, 191, 243, 252, 255, 256, 257, 259, 262, 265, 268, 280, 282, 284, 289, 300, 307, 318, 322, 331, 338, 347, 363, 369, 375]
382: [11, 12, 15, 18, 19, 21, 25, 31, 46, 62, 64, 69, 77, 79, 83, 90, 96, 102, 108, 114, 116, 119, 124, 131, 132, 140, 141, 148, 149, 156, 158, 162, 169, 173, 178, 179, 189, 198, 212, 215, 218, 219, 223, 224, 225, 226, 231, 233, 236, 240, 245, 255, 271, 274, 275, 280, 282, 288, 293, 298, 300, 301, 309, 310, 315, 334, 341, 353, 356, 369, 378, 380]
383: [13, 18, 37, 41, 44, 49, 55, 59, 87, 90, 100, 108, 110, 115, 119, 138, 139, 146, 151, 157, 170, 182, 192, 196, 204, 217, 229, 232, 239, 240, 241, 242, 246, 249, 261, 264, 275, 287, 291, 296, 298, 306, 312, 319, 330, 335, 347]
384: [2, 6, 12, 16, 29, 31, 43, 47, 48, 51, 57, 58, 62, 63, 75, 80, 82, 83, 85, 89, 93, 97, 101, 109, 141, 151, 163, 164, 168, 170, 179, 182, 192, 206, 229, 232, 241, 242, 247, 250, 256, 260, 263, 265, 267, 268, 281, 282, 283, 286, 291, 323, 340, 350, 351, 353, 357, 364, 378]
385: [14, 18, 21, 22, 38, 47, 62, 69, 71, 83, 101, 111, 118, 119, 120, 134, 136, 138, 139, 144, 146, 152, 155, 169, 177, 187, 188, 201, 228, 239, 241, 242, 256, 257, 259, 268, 270, 282, 291, 300, 301, 307, 313, 318, 328, 332, 339, 341, 344, 363, 365, 369, 375, 377, 381]
386: [4, 13, 17, 23, 52, 53, 64, 74, 76, 80, 87, 90, 111, 121, 123, 126, 142, 159, 171, 174, 182, 185, 195, 210, 218, 220, 229, 232, 237, 238, 239, 242, 246, 248, 252, 254, 264, 268, 273, 275, 278, 280, 288, 293, 294, 295, 302, 306, 315, 317, 322, 329, 332, 340, 348, 350, 351, 359, 363, 378, 383]
387: [7, 11, 13, 19, 21, 22, 29, 35, 39, 45, 46, 59, 61, 62, 75, 79, 83, 84, 86, 89, 99, 103, 109, 110, 111, 123, 133, 139, 140, 141, 159, 160, 163, 165, 166, 168, 170, 172, 173, 174, 176, 178, 180, 182, 190, 209, 213, 216, 224, 227, 232, 234, 247, 253, 263, 265, 270, 271, 281, 286, 289, 291, 292, 302, 313, 332, 334, 348, 349, 350, 352, 353, 354, 365, 384]
388: [1, 8, 12, 16, 17, 19, 23, 24, 27, 30, 31, 34, 46, 55, 59, 61, 63, 65, 71, 77, 90, 94, 97, 101, 110, 114, 116, 127, 131, 132, 137, 138, 139, 140, 141, 151, 153, 155, 156, 164, 169, 170, 177, 179, 182, 187, 192, 195, 196, 204, 206, 209, 214, 217, 220, 233, 242, 250, 254, 257, 259, 262, 270, 275, 276, 285, 288, 291, 294, 296, 301, 311, 312, 318, 320, 330, 335, 342, 347, 356, 362, 368, 372, 378, 382, 383, 384]
389: [17, 35, 37, 38, 43, 45, 55, 79, 82, 83, 84, 92, 93, 103, 107, 110, 126, 133, 135, 145, 146, 148, 150, 156, 159, 161, 162, 169, 170, 171, 174, 185, 186, 189, 191, 193, 198, 201, 204, 210, 213, 222, 226, 231, 235, 246, 247, 251, 252, 257, 286, 287, 289, 296, 297, 300, 317, 318, 322, 324, 325, 327, 331, 332, 338, 343, 347, 351, 356, 380, 381, 382]
390: [2, 7, 13, 29, 38, 42, 49, 51, 52, 54, 58, 59, 63, 64, 76, 83, 84, 86, 89, 96, 98, 110, 111, 112, 113, 114, 121, 130, 138, 140, 142, 144, 148, 155, 160, 162, 169, 170, 174, 176, 181, 187, 189, 190, 194, 196, 198, 208, 212, 222, 226, 227, 231, 232, 241, 242, 243, 246, 249, 252, 254, 261, 263, 264, 266, 274, 277, 289, 301, 308, 310, 312, 321, 322, 327, 329, 337, 339, 340, 348, 353, 355, 356, 365, 366, 368, 370, 378, 380, 382, 387, 389]
391: [7, 13, 19, 21, 27, 53, 56, 59, 62, 69, 86, 111, 117, 140, 143, 156, 160, 167, 172, 174, 207, 209, 210, 213, 223, 227, 232, 234, 238, 240, 245, 253, 264, 265, 270, 289, 296, 297, 313, 337, 340, 348, 350, 353, 358, 363, 365, 369, 387, 390]
392: [19, 42, 44, 49, 55, 76, 86, 87, 90, 96, 108, 115, 116, 119, 121, 125, 144, 175, 208, 213, 216, 228, 233, 238, 254, 263, 274, 277, 285, 292, 310, 314, 321, 324, 328, 374, 378, 390]
393: [2, 15, 30, 39, 41, 50, 52, 70, 73, 77, 87, 89, 100, 113, 115, 143, 145, 146, 152, 156, 160, 165, 172, 173, 179, 203, 216, 218, 231, 241, 246, 251, 257, 266, 267, 269, 274, 276, 285, 291, 292, 302, 317, 332, 334, 339, 340, 345, 349, 356, 359, 361, 364, 379]
394: [7, 12, 13, 17, 20, 22, 23, 29, 30, 33, 40, 51, 55, 57, 73, 74, 81, 82, 84, 91, 95, 97, 101, 110, 115, 117, 120, 121, 128, 130, 133, 142, 143, 152, 157, 164, 172, 177, 185, 201, 202, 210, 212, 215, 232, 235, 236, 239, 246, 248, 250, 251, 252, 254, 257, 258, 263, 264, 267, 268, 269, 272, 273, 277, 283, 294, 295, 296, 300, 306, 307, 309, 326, 332, 337, 340, 343, 348, 350, 351, 353, 359, 361, 363, 366, 368, 371, 376, 377, 378, 386, 390, 391, 393]
395: [13, 21, 23, 28, 34, 36, 41, 53, 62, 67, 72, 99, 101, 105, 118, 119, 123, 134, 141, 151, 153, 169, 177, 187, 188, 204, 205, 217, 219, 225, 237, 241, 254, 300, 318, 324, 327, 331, 332, 339, 347, 358, 385]
396: [2, 11, 14, 16, 22, 29, 42, 44, 45, 48, 55, 56, 60, 65, 67, 70, 79, 82, 86, 88, 92, 93, 104, 109, 112, 119, 120, 123, 128, 132, 138, 144, 149, 163, 165, 173, 175, 180, 181, 182, 188, 190, 193, 196, 198, 202, 209, 213, 214, 224, 230, 234, 236, 237, 248, 254, 258, 264, 267, 269, 272, 273, 280, 295, 313, 314, 331, 333, 334, 338, 343, 345, 349, 350, 356, 362, 369, 372, 373, 376, 384, 394]
397: [15, 26, 30, 33, 34, 38, 50, 68, 75, 77, 89, 115, 131, 135, 143, 146, 150, 152, 156, 173, 199, 213, 241, 246, 248, 251, 266, 267, 285, 303, 334, 338, 339, 345, 353, 356, 359, 371, 393, 394]
398: [9, 13, 16, 22, 28, 29, 52, 64, 75, 84, 85, 96, 102, 106, 110, 112, 125, 130, 145, 176, 180, 182, 183, 186, 194, 196, 197, 207, 209, 212, 222, 230, 238, 244, 246, 254, 255, 276, 281, 284, 307, 318, 327, 334, 337, 340, 341, 356, 371, 378, 390, 397]
399: [1, 5, 6, 10, 12, 30, 41, 42, 51, 58, 60, 61, 68, 71, 72, 73, 76, 79, 81, 87, 95, 100, 101, 112, 119, 121, 128, 147, 150, 154, 157, 162, 173, 176, 178, 180, 181, 182, 183, 185, 188, 196, 203, 222, 228, 232, 240, 241, 242, 246, 250, 256, 262, 275, 277, 278, 289, 298, 307, 308, 310, 316, 317, 319, 330, 331, 337, 341, 344, 349, 365, 371, 374, 375, 377, 378, 383]
400: [2, 4, 11, 16, 28, 29, 32, 36, 38, 39, 41, 44, 45, 48, 50, 53, 56, 58, 60, 61, 67, 73, 77, 78, 82, 86, 87, 88, 91, 93, 95, 98, 101, 102, 112, 113, 122, 123, 124, 126, 129, 132, 134, 136, 138, 139, 147, 149, 153, 163, 165, 170, 173, 177, 178, 180, 181, 182, 188, 193, 197, 199, 212, 213, 214, 216, 217, 219, 225, 230, 234, 237, 241, 248, 254, 258, 263, 264, 267, 270, 275, 277, 279, 281, 287, 293, 294, 302, 303, 306, 333, 334, 341, 343, 345, 346, 347, 349, 350, 352, 356, 359, 362, 363, 367, 368, 372, 374, 376, 378, 384, 387, 395, 396]
401: [3, 17, 18, 23, 27, 29, 34, 39, 46, 47, 62, 67, 81, 89, 94, 98, 102, 105, 109, 115, 120, 122, 123, 124, 128, 133, 134, 136, 139, 141, 143, 157, 166, 170, 174, 185, 188, 190, 193, 196, 200, 205, 207, 209, 213, 220, 224, 225, 239, 241, 247, 248, 249, 259, 260, 261, 267, 268, 271, 273, 275, 283, 294, 297, 298, 304, 321, 323, 330, 335, 337, 345, 347, 351, 355, 357, 358, 361, 364, 368, 377, 383, 384, 395]
402: [4, 8, 13, 47, 52, 60, 61, 64, 66, 69, 73, 76, 80, 92, 95, 98, 103, 111, 126, 142, 159, 165, 176, 181, 188, 209, 210, 212, 216, 239, 245, 249, 254, 264, 275, 277, 278, 281, 288, 295, 301, 317, 319, 328, 337, 359, 363, 365, 368, 378, 385, 386, 399, 400]
403: [1, 4, 5, 6, 14, 17, 32, 36, 39, 41, 42, 47, 50, 53, 68, 71, 72, 75, 78, 79, 95, 98, 109, 113, 122, 129, 147, 152, 153, 154, 157, 160, 162, 164, 170, 177, 179, 181, 191, 196, 201, 205, 215, 217, 219, 222, 225, 228, 232, 235, 237, 241, 250, 254, 258, 262, 275, 281, 288, 307, 308, 309, 312, 316, 317, 321, 347, 371, 375, 377, 395, 399, 400]
404: [3, 6, 9, 17, 22, 23, 27, 43, 60, 65, 70, 79, 80, 81, 94, 95, 102, 108, 120, 131, 148, 160, 181, 186, 210, 212, 216, 222, 228, 230, 232, 250, 252, 253, 256, 268, 272, 279, 286, 287, 289, 291, 302, 306, 307, 308, 312, 317, 321, 323, 331, 332, 333, 340, 348, 351, 353, 356, 369, 371, 377, 386, 394, 399, 403]
405: [5, 6, 7, 11, 22, 29, 32, 38, 57, 68, 69, 79, 84, 88, 89, 95, 97, 101, 102, 110, 112, 117, 133, 168, 178, 181, 184, 188, 191, 199, 201, 213, 216, 219, 222, 223, 228, 230, 234, 250, 263, 265, 273, 281, 286, 299, 305, 307, 308, 317, 336, 340, 344, 366, 367, 370, 371, 376, 387, 397, 399, 400, 403, 404]
406: [35, 38, 42, 55, 74, 82, 88, 107, 126, 132, 144, 153, 155, 163, 186, 189, 193, 197, 206, 220, 222, 246, 250, 254, 258, 260, 275, 294, 299, 312, 315, 318, 324, 332, 373, 380, 389, 402]
407: [6, 12, 13, 14, 25, 55, 59, 73, 75, 78, 83, 84, 100, 101, 106, 109, 110, 111, 125, 148, 153, 162, 164, 168, 169, 189, 190, 198, 211, 226, 231, 233, 237, 245, 253, 260, 264, 271, 273, 279, 286, 297, 316, 318, 325, 336, 342, 343, 344, 348, 351, 354, 355, 356, 367, 378, 380, 382, 389, 390]
408: [14, 23, 25, 26, 28, 34, 36, 42, 55, 65, 66, 82, 83, 88, 92, 104, 109, 118, 120, 126, 137, 139, 143, 144, 146, 147, 158, 165, 169, 170, 181, 187, 188, 194, 195, 197, 202, 205, 211, 220, 233, 237, 245, 249, 251, 256, 257, 259, 268, 272, 276, 279, 282, 284, 285, 295, 302, 306, 307, 312, 321, 338, 356, 360, 362, 369, 374, 375, 379, 381, 385, 396, 400]
409: [5, 11, 17, 22, 26, 29, 32, 35, 36, 37, 38, 41, 43, 50, 52, 53, 54, 71, 72, 74, 82, 84, 88, 102, 106, 107, 110, 114, 116, 133, 135, 142, 145, 146, 147, 153, 158, 171, 174, 182, 185, 186, 198, 206, 213, 216, 217, 219, 220, 222, 225, 230, 234, 237, 238, 242, 246, 247, 250, 254, 263, 273, 275, 278, 281, 286, 299, 315, 318, 327, 340, 347, 376, 378, 382, 383, 386, 387, 389, 395, 400, 403, 405, 406]
410: [7, 9, 11, 14, 27, 30, 33, 36, 43, 45, 64, 68, 72, 73, 75, 76, 87, 102, 103, 114, 122, 128, 129, 133, 137, 141, 147, 149, 165, 166, 173, 199, 205, 207, 209, 216, 234, 238, 251, 256, 267, 283, 292, 293, 295, 303, 307, 331, 332, 334, 336, 339, 341, 344, 346, 354, 363, 367, 373, 387, 400]
411: [1, 8, 9, 14, 16, 17, 28, 31, 33, 72, 73, 78, 79, 80, 85, 87, 91, 106, 107, 109, 112, 113, 133, 135, 138, 149, 165, 180, 182, 190, 191, 194, 197, 200, 205, 209, 215, 230, 236, 237, 238, 244, 254, 256, 264, 272, 273, 277, 282, 287, 288, 299, 303, 307, 309, 310, 318, 324, 326, 337, 345, 350, 359, 363, 367, 371, 372, 373, 377, 378, 398]
412: [5, 29, 32, 35, 38, 41, 48, 56, 88, 102, 107, 128, 133, 135, 136, 138, 139, 150, 161, 213, 216, 228, 230, 234, 263, 266, 267, 274, 279, 281, 285, 293, 295, 303, 304, 306, 318, 324, 338, 344, 376, 386, 400, 405, 409]
413: [1, 12, 15, 17, 25, 30, 37, 45, 55, 64, 71, 74, 78, 79, 80, 91, 96, 106, 112, 114, 117, 119, 131, 132, 135, 148, 151, 154, 159, 161, 163, 169, 170, 172, 178, 182, 190, 191, 194, 196, 198, 201, 212, 215, 219, 223, 224, 225, 230, 234, 236, 237, 251, 256, 259, 261, 271, 272, 276, 279, 287, 292, 303, 309, 313, 316, 320, 322, 324, 333, 334, 337, 340, 342, 347, 349, 355, 356, 357, 360, 375, 377, 378, 380, 382, 388, 389, 390, 396, 411]
414: [3, 4, 5, 17, 20, 27, 31, 34, 47, 61, 78, 81, 82, 88, 95, 96, 98, 100, 102, 105, 106, 109, 110, 111, 112, 115, 117, 128, 134, 137, 145, 147, 151, 164, 165, 168, 181, 185, 188, 193, 194, 196, 200, 208, 211, 212, 216, 241, 247, 248, 254, 256, 259, 265, 267, 271, 277, 286, 290, 297, 313, 316, 336, 338, 341, 361, 372, 375, 378, 379, 380, 400, 401, 402]
415: [2, 12, 15, 35, 36, 39, 51, 63, 73, 78, 80, 83, 84, 87, 92, 110, 113, 126, 136, 141, 148, 151, 153, 159, 162, 164, 169, 170, 172, 183, 189, 191, 198, 216, 219, 226, 231, 242, 269, 284, 286, 297, 298, 302, 317, 318, 321, 337, 343, 346, 356, 361, 372, 378, 379, 380, 382, 384, 388, 389, 390, 393, 396, 407, 411]
416: [12, 14, 15, 16, 19, 23, 28, 36, 39, 42, 49, 53, 61, 65, 67, 68, 70, 73, 74, 80, 82, 83, 87, 96, 110, 113, 117, 118, 120, 126, 128, 135, 137, 138, 139, 147, 151, 153, 154, 156, 158, 159, 162, 166, 170, 172, 173, 174, 181, 185, 188, 189, 205, 207, 211, 223, 231, 240, 244, 245, 250, 253, 256, 259, 262, 263, 269, 275, 283, 293, 295, 298, 302, 317, 319, 320, 328, 331, 337, 339, 344, 347, 349, 352, 354, 357, 360, 361, 369, 378, 379, 393, 394, 399, 408, 413, 415]
417: [8, 18, 20, 23, 24, 34, 35, 55, 56, 59, 62, 67, 78, 90, 98, 104, 105, 110, 115, 123, 126, 134, 135, 138, 139, 141, 155, 157, 182, 184, 188, 193, 196, 203, 204, 205, 211, 219, 232, 239, 245, 249, 261, 278, 280, 283, 291, 296, 298, 316, 332, 335, 343, 347, 351, 354, 355, 358, 378, 383, 388, 395, 401, 407, 414]
418: [5, 17, 39, 44, 47, 54, 55, 57, 62, 71, 72, 76, 78, 87, 91, 105, 106, 110, 111, 112, 117, 121, 125, 132, 135, 144, 147, 162, 167, 188, 191, 194, 196, 200, 215, 216, 219, 228, 230, 234, 237, 247, 255, 259, 265, 271, 272, 278, 286, 287, 297, 305, 309, 312, 316, 324, 334, 337, 341, 346, 365, 380, 392, 399, 401, 409, 411, 413, 414]
419: [16, 18, 19, 21, 36, 39, 61, 70, 85, 88, 111, 117, 123, 125, 128, 138, 141, 156, 160, 167, 170, 174, 175, 181, 182, 219, 222, 234, 238, 243, 250, 265, 267, 276, 283, 287, 297, 317, 320, 332, 340, 347, 348, 355, 360, 363, 365, 391, 411, 416]
420: [2, 9, 11, 17, 26, 28, 31, 33, 35, 51, 62, 63, 83, 91, 94, 97, 101, 103, 106, 107, 116, 136, 142, 145, 153, 162, 164, 179, 181, 186, 188, 190, 191, 194, 199, 202, 214, 215, 219, 230, 231, 237, 249, 278, 281, 282, 283, 292, 296, 298, 308, 317, 319, 324, 337, 340, 350, 351, 371, 372, 384, 386, 402, 411, 413, 415, 418]
421: [13, 14, 23, 26, 28, 34, 36, 37, 41, 42, 43, 50, 53, 56, 57, 62, 65, 66, 67, 68, 74, 84, 88, 92, 105, 107, 114, 118, 120, 123, 134, 141, 142, 143, 144, 147, 153, 158, 170, 171, 174, 178, 182, 194, 203, 205, 209, 213, 217, 219, 225, 237, 238, 244, 251, 254, 273, 274, 275, 279, 290, 295, 307, 309, 312, 315, 327, 337, 340, 343, 347, 354, 358, 360, 375, 386, 395, 396, 400, 401, 402, 403, 408, 409, 416, 417]
422: [18, 21, 23, 39, 44, 48, 50, 64, 73, 101, 112, 124, 134, 141, 145, 149, 163, 165, 170, 178, 187, 188, 194, 198, 205, 209, 228, 235, 237, 241, 246, 273, 280, 284, 310, 316, 333, 340, 343, 344, 351, 354, 356, 357, 358, 366, 367, 370, 390, 398, 405]
423: [5, 14, 17, 29, 32, 40, 45, 50, 55, 60, 64, 69, 79, 81, 86, 91, 94, 97, 98, 101, 104, 107, 112, 117, 119, 120, 122, 128, 136, 156, 161, 191, 194, 201, 202, 205, 212, 215, 217, 223, 234, 235, 237, 246, 274, 284, 285, 286, 287, 291, 299, 308, 310, 313, 316, 321, 322, 324, 325, 326, 336, 337, 340, 347, 351, 354, 356, 357, 358, 362, 374, 389, 390, 392, 394, 398, 405, 411, 413, 418, 420, 422]
424: [22, 36, 45, 53, 56, 60, 68, 73, 87, 101, 117, 129, 131, 135, 140, 149, 150, 162, 173, 188, 225, 232, 234, 240, 273, 275, 293, 298, 315, 331, 341, 344, 346, 363, 366, 367, 370, 371, 391, 397, 399, 400, 405, 410, 412, 416, 420, 422]
425: [1, 6, 14, 23, 24, 25, 27, 34, 39, 42, 49, 53, 71, 76, 91, 103, 118, 120, 132, 139, 142, 144, 146, 166, 169, 181, 187, 188, 193, 208, 209, 223, 227, 249, 254, 256, 257, 263, 265, 268, 270, 271, 272, 276, 277, 281, 282, 285, 307, 310, 312, 313, 318, 321, 327, 346, 361, 369, 378, 381, 385, 390, 392, 402, 408, 418, 420]
426: [3, 9, 12, 17, 29, 30, 32, 33, 44, 46, 56, 67, 75, 84, 89, 98, 100, 102, 106, 107, 109, 110, 119, 120, 122, 123, 124, 128, 143, 153, 157, 162, 164, 172, 189, 191, 194, 195, 197, 203, 205, 208, 209, 212, 213, 220, 224, 225, 230, 247, 253, 254, 273, 274, 275, 284, 287, 288, 290, 294, 296, 302, 303, 304, 312, 320, 325, 337, 339, 343, 345, 353, 361, 368, 376, 377, 379, 388, 392, 401, 421, 423]
427: [1, 6, 12, 19, 21, 27, 30, 36, 38, 39, 46, 53, 55, 56, 59, 61, 63, 70, 71, 76, 80, 90, 105, 109, 110, 114, 117, 128, 132, 136, 138, 139, 144, 155, 159, 169, 170, 175, 176, 182, 188, 191, 193, 196, 200, 204, 209, 223, 225, 227, 228, 239, 242, 243, 248, 256, 259, 260, 265, 270, 271, 278, 281, 283, 291, 296, 297, 298, 304, 313, 314, 318, 319, 320, 333, 342, 345, 347, 349, 360, 383, 385, 388, 396, 401, 413, 414, 416, 417, 418, 419, 420, 423, 425]
428: [2, 4, 10, 11, 24, 26, 27, 31, 35, 37, 41, 51, 52, 56, 61, 63, 65, 67, 71, 91, 94, 97, 101, 108, 114, 131, 136, 140, 142, 145, 147, 150, 153, 155, 156, 161, 164, 167, 169, 178, 179, 184, 191, 198, 202, 205, 215, 217, 219, 224, 226, 232, 240, 247, 249, 250, 251, 252, 255, 257, 258, 259, 266, 269, 274, 276, 285, 298, 325, 330, 332, 337, 344, 347, 349, 351, 364, 372, 388, 389, 390, 393, 412, 415, 420]
429: [16, 20, 27, 35, 38, 40, 46, 75, 82, 87, 94, 103, 107, 110, 111, 125, 142, 150, 153, 158, 161, 186, 191, 206, 222, 223, 229, 241, 250, 254, 267, 290, 299, 315, 317, 318, 323, 328, 331, 342, 343, 380, 395, 406, 409]
430: [5, 12, 16, 17, 19, 30, 31, 33, 46, 51, 53, 54, 65, 66, 73, 74, 77, 78, 79, 88, 90, 91, 93, 106, 108, 110, 112, 114, 116, 125, 132, 133, 135, 138, 140, 141, 143, 147, 150, 152, 156, 162, 163, 172, 179, 189, 191, 194, 199, 206, 211, 212, 215, 219, 227, 231, 233, 236, 237, 252, 253, 257, 262, 264, 267, 282, 283, 287, 288, 294, 299, 301, 302, 303, 309, 321, 324, 331, 332, 334, 337, 338, 347, 350, 363, 365, 369, 376, 377, 380, 382, 388, 394, 404, 411, 413, 418, 419, 420, 423]
431: [7, 9, 10, 12, 14, 25, 29, 30, 32, 33, 34, 39, 40, 45, 51, 61, 64, 68, 73, 74, 77, 78, 79, 81, 82, 87, 98, 99, 109, 110, 111, 123, 125, 128, 135, 137, 139, 143, 147, 149, 150, 151, 154, 156, 160, 163, 164, 170, 172, 178, 179, 182, 184, 185, 186, 187, 189, 190, 193, 196, 199, 201, 203, 209, 211, 212, 214, 216, 223, 224, 229, 230, 234, 237, 241, 248, 255, 257, 262, 263, 267, 270, 274, 275, 277, 280, 287, 288, 290, 293, 294, 298, 299, 301, 302, 309, 312, 313, 318, 320, 325, 329, 331, 333, 336, 338, 339, 344, 347, 352, 361, 363, 365, 368, 372, 373, 375, 376, 377, 378, 381, 387, 394, 396, 399, 400, 410, 413, 414, 426, 430]
432: [1, 2, 9, 10, 21, 28, 35, 38, 43, 62, 65, 81, 85, 93, 95, 106, 108, 110, 113, 119, 128, 150, 156, 159, 180, 190, 197, 203, 204, 209, 224, 226, 230, 244, 255, 257, 262, 275, 279, 280, 293, 298, 307, 309, 313, 318, 325, 331, 334, 341, 343, 344, 346, 369, 371, 373, 377, 378, 380, 382, 389, 396, 398, 399, 411, 414, 431]
433: [4, 12, 30, 35, 38, 46, 53, 54, 56, 57, 63, 64, 69, 77, 82, 89, 95, 98, 107, 113, 117, 136, 140, 142, 144, 155, 161, 165, 173, 181, 182, 186, 197, 206, 207, 211, 212, 216, 222, 226, 232, 234, 240, 242, 250, 252, 254, 260, 261, 266, 267, 274, 275, 277, 285, 289, 299, 302, 312, 315, 318, 322, 324, 338, 355, 378, 390, 391, 400, 402, 406, 407, 409, 412, 414, 422, 424, 429]
434: [1, 2, 8, 9, 11, 27, 28, 33, 36, 46, 51, 69, 72, 73, 83, 85, 106, 107, 109, 113, 118, 137, 151, 162, 165, 170, 175, 185, 186, 190, 192, 200, 204, 211, 230, 231, 245, 256, 257, 258, 265, 273, 277, 282, 283, 292, 309, 317, 326, 343, 345, 351, 354, 355, 367, 378, 380, 384, 407, 411, 417, 420]
435: [3, 4, 6, 7, 10, 12, 17, 26, 33, 37, 46, 47, 48, 53, 57, 67, 74, 80, 81, 82, 102, 108, 109, 115, 116, 127, 128, 131, 133, 134, 141, 142, 152, 158, 172, 179, 189, 193, 200, 206, 218, 224, 229, 232, 247, 250, 263, 268, 296, 308, 332, 334, 349, 351, 361, 380, 383, 384, 386, 401, 414, 428, 430]
436: [6, 7, 9, 11, 17, 30, 32, 37, 38, 47, 48, 57, 63, 64, 68, 77, 80, 82, 89, 99, 112, 133, 135, 137, 142, 145, 146, 147, 148, 168, 173, 174, 178, 179, 180, 184, 185, 186, 198, 200, 201, 206, 209, 210, 217, 219, 229, 237, 239, 244, 248, 250, 252, 261, 263, 265, 268, 294, 295, 305, 306, 327, 336, 340, 363, 371, 373, 384, 386, 389, 394, 405, 409, 410, 417, 425, 431, 435]
437: [36, 45, 55, 73, 82, 87, 88, 103, 129, 149, 156, 159, 170, 178, 191, 252, 268, 284, 289, 293, 300, 318, 331, 338, 341, 346, 358, 363, 367, 381, 389, 400, 408, 410, 424]
438: [2, 7, 9, 10, 11, 13, 24, 29, 30, 31, 32, 35, 39, 41, 55, 61, 64, 65, 66, 68, 72, 76, 80, 81, 84, 87, 92, 96, 100, 106, 107, 110, 112, 119, 126, 127, 130, 133, 134, 137, 139, 143, 145, 147, 159, 163, 170, 176, 178, 180, 186, 188, 190, 193, 196, 197, 209, 212, 216, 220, 222, 225, 232, 241, 242, 246, 257, 261, 263, 264, 270, 275, 282, 298, 299, 302, 304, 319, 324, 327, 330, 331, 332, 335, 336, 337, 340, 349, 350, 352, 355, 369, 373, 377, 383, 387, 389, 390, 396, 398, 399, 400, 401, 402, 406, 410, 411, 426, 430, 431, 432, 436]
439: [2, 7, 9, 10, 11, 17, 28, 31, 32, 33, 35, 36, 37, 41, 51, 56, 59, 60, 62, 63, 65, 70, 81, 83, 89, 91, 96, 97, 101, 103, 106, 107, 112, 118, 126, 136, 142, 145, 147, 148, 150, 153, 156, 161, 162, 164, 167, 175, 178, 179, 181, 186, 187, 188, 190, 191, 194, 198, 202, 203, 205, 215, 219, 221, 223, 227, 230, 231, 232, 236, 237, 240, 245, 249, 251, 257, 258, 262, 275, 281, 282, 283, 286, 292, 297, 298, 299, 301, 308, 312, 317, 318, 322, 324, 325, 326, 330, 331, 337, 340, 344, 347, 350, 351, 363, 367, 372, 377, 378, 382, 384, 389, 399, 402, 411, 412, 413, 415, 418, 420, 423, 425, 428, 430, 431, 432, 434]
440: [1, 4, 12, 13, 14, 15, 17, 37, 39, 43, 45, 47, 54, 63, 72, 73, 74, 75, 78, 79, 87, 88, 89, 91, 98, 103, 109, 113, 122, 132, 147, 148, 159, 160, 168, 172, 179, 181, 182, 183, 190, 191, 201, 205, 228, 231, 232, 238, 242, 251, 254, 258, 261, 262, 264, 266, 267, 269, 271, 272, 279, 281, 284, 288, 289, 291, 312, 317, 321, 322, 325, 336, 340, 342, 343, 347, 355, 357, 361, 378, 379, 390, 393, 396, 400, 403, 404, 407, 413, 415, 416, 432, 433]
441: [7, 13, 19, 32, 50, 52, 57, 59, 83, 90, 93, 95, 101, 115, 116, 119, 122, 123, 129, 130, 161, 164, 179, 198, 211, 212, 213, 218, 233, 235, 237, 248, 254, 258, 264, 266, 267, 274, 283, 285, 292, 294, 300, 302, 316, 340, 349, 350, 360, 361, 374, 392, 393, 394, 403]
442: [15, 23, 27, 34, 40, 42, 45, 46, 60, 63, 65, 75, 79, 83, 86, 87, 94, 98, 111, 124, 153, 156, 158, 162, 173, 181, 182, 190, 191, 196, 205, 206, 223, 224, 229, 230, 234, 237, 240, 241, 249, 254, 259, 274, 275, 284, 285, 298, 310, 311, 313, 317, 320, 321, 325, 328, 331, 333, 339, 344, 347, 374, 380, 392, 396, 399, 413, 416, 423, 424, 429, 431]
443: [4, 10, 11, 17, 32, 57, 71, 81, 86, 89, 94, 112, 136, 150, 162, 168, 178, 180, 184, 201, 219, 247, 265, 267, 268, 274, 275, 281, 282, 285, 294, 305, 310, 321, 329, 337, 363, 364, 374, 387, 392, 401, 405, 423, 436, 442]
444: [10, 13, 16, 23, 34, 35, 45, 52, 57, 62, 67, 72, 75, 79, 81, 91, 100, 101, 105, 106, 109, 118, 119, 123, 125, 130, 133, 134, 141, 142, 157, 161, 164, 182, 205, 210, 213, 215, 226, 233, 235, 238, 254, 261, 263, 273, 276, 281, 296, 308, 327, 334, 336, 342, 343, 344, 347, 358, 367, 377, 378, 394, 395, 398, 401, 407, 417, 421]
445: [7, 9, 24, 28, 30, 34, 46, 50, 56, 64, 66, 67, 68, 72, 76, 77, 80, 84, 89, 92, 107, 120, 124, 137, 143, 146, 147, 155, 156, 159, 170, 173, 187, 192, 194, 195, 197, 203, 206, 209, 213, 226, 237, 241, 246, 247, 251, 257, 267, 273, 274, 279, 288, 290, 298, 303, 307, 309, 312, 314, 317, 318, 334, 336, 339, 343, 345, 347, 368, 373, 375, 377, 380, 388, 393, 397, 401, 402, 408, 410, 419, 421, 426, 431, 434, 436, 438]
446: [1, 2, 4, 7, 8, 13, 14, 23, 25, 34, 42, 49, 51, 59, 60, 65, 72, 73, 76, 83, 85, 95, 97, 98, 107, 109, 111, 118, 121, 124, 133, 134, 138, 140, 141, 144, 154, 160, 162, 165, 166, 173, 174, 181, 187, 190, 200, 205, 208, 212, 216, 223, 227, 228, 229, 249, 254, 263, 270, 272, 276, 277, 278, 285, 289, 293, 309, 310, 312, 321, 329, 331, 334, 339, 348, 353, 354, 365, 367, 368, 378, 387, 390, 391, 392, 394, 400, 402, 408, 410, 411, 414, 422, 425, 433, 434, 439]
447: [9, 11, 13, 16, 21, 30, 38, 45, 49, 50, 52, 71, 73, 75, 78, 80, 100, 103, 104, 112, 121, 123, 125, 128, 130, 133, 136, 138, 139, 144, 148, 155, 169, 170, 182, 199, 219, 223, 224, 232, 238, 239, 241, 242, 245, 249, 251, 253, 254, 264, 266, 270, 275, 276, 279, 281, 289, 300, 302, 305, 307, 308, 313, 320, 334, 339, 341, 346, 354, 358, 361, 366, 370, 378, 385, 390, 398, 399, 410, 418, 426, 427, 444]
448: [12, 15, 16, 18, 50, 51, 52, 63, 64, 66, 69, 76, 77, 80, 87, 89, 91, 92, 94, 110, 111, 115, 121, 123, 136, 139, 142, 146, 147, 150, 151, 155, 156, 157, 159, 161, 170, 172, 173, 196, 197, 209, 210, 212, 226, 239, 241, 249, 252, 259, 260, 261, 266, 267, 269, 274, 280, 290, 293, 302, 317, 323, 329, 331, 334, 335, 339, 342, 345, 346, 347, 350, 357, 376, 383, 386, 390, 393, 397, 401, 402, 413, 415, 416, 417, 428, 429, 437, 438, 440, 445]
449: [2, 9, 10, 12, 38, 48, 63, 66, 71, 88, 100, 110, 111, 112, 128, 137, 140, 147, 148, 150, 157, 165, 168, 190, 195, 196, 197, 203, 212, 222, 231, 242, 246, 264, 271, 273, 280, 288, 292, 296, 301, 317, 319, 332, 336, 338, 341, 343, 349, 356, 366, 370, 375, 379, 393, 407, 411, 414, 426, 440]
450: [3, 8, 18, 19, 23, 41, 52, 65, 87, 115, 122, 124, 131, 133, 136, 139, 142, 145, 157, 166, 170, 174, 185, 190, 196, 207, 221, 223, 224, 239, 241, 247, 249, 257, 261, 262, 263, 267, 268, 269, 275, 276, 283, 294, 311, 321, 323, 335, 337, 338, 347, 349, 357, 364, 383, 384, 393, 401, 412, 417, 428, 442, 443, 448]