[METADATA]
File: le450_25b.col
Description: SOURCE: Craig Morgenstern (morgenst@riogrande.cs.tcu.edu)  DESCRIPTION: This is a Leighton graph as described in F.T. Leighton. Journal of Research of the National Bureau of Standards, vol. 84, no. 6,  Nov-Dec 1979, pp 489-505.   Leighton graph data structure     : sparse graph gen seed     : 358531 number of vertices : 450 max number of edges: 50000 number of classes  : 25 a c m              : 8401 6859 420175 clique vector      :     clique sz     num cliques ---------     ----------- 2          1336 7            40 16            27 25            13 Leighton's proof : 25 coloring  Graph Stats number of vertices  : 450 nonisolated vertices: 450 number of edges     : 8263 edge density        : 0.081792 max degree          : 111 avg degree          : 36.72 min degree          : 2

[GCP_DATA_INFO]
Type: GCP, Graph Coloring Problem
Node: 450
Edge: 8263

[ADJACENCY_List]
7: [2]
8: [4]
10: [5]
11: [5]
12: [3]
15: [6, 10]
18: [5, 9, 11]
20: [17]
21: [12]
23: [2, 5, 10, 12, 22]
24: [15]
25: [9]
27: [5, 10, 18, 23]
30: [1, 4, 8, 18, 27]
31: [10, 15, 18]
32: [3, 5, 12]
33: [2, 23, 24]
34: [14, 18, 31]
35: [3, 12, 32]
36: [2, 7, 21, 22, 23]
37: [2, 5, 11, 18, 21, 23, 33]
40: [18, 24, 27, 30, 38]
41: [3, 8, 11, 12, 32, 35]
42: [3, 12, 18, 27, 30, 32, 33, 35, 40, 41]
43: [5, 10, 11, 23, 27, 41]
44: [3, 30]
45: [2, 7, 36]
46: [4, 8, 30]
47: [29]
48: [9, 39, 41]
50: [9, 14, 18, 27, 30, 40, 42, 48]
51: [42, 45]
52: [4, 8, 9, 13, 17, 20, 22, 23, 30, 36, 46, 48, 50]
53: [4, 8, 30, 46, 51, 52]
54: [18, 27, 30, 40, 42, 50, 51, 53]
56: [1, 15, 30]
57: [25, 27, 43, 48]
58: [15, 42, 56]
59: [5, 11, 18, 37, 51, 53, 54]
60: [5, 11, 18, 31, 34, 37, 59]
61: [2, 23, 33, 37, 45, 51]
62: [1, 6, 10, 15, 21, 30, 31, 36, 44, 48, 56]
63: [49]
64: [5, 30, 32, 48, 51, 53, 54, 59]
65: [2, 24, 29, 47, 52]
67: [4, 8, 30, 37, 45, 46, 51, 52, 53, 54, 59, 61, 64]
68: [48, 62]
69: [6, 46, 62]
70: [2, 5, 11, 18, 23, 33, 36, 37, 51, 53, 54, 59, 60, 61, 64, 67]
71: [18, 27, 30, 40, 42, 45, 50, 51, 54, 61, 67]
72: [2, 3, 7, 12, 32, 35, 36, 41, 42, 45, 65]
73: [14, 25, 50, 57]
74: [2, 23, 33, 35, 37, 51, 53, 54, 59, 61, 64, 67, 70]
75: [18, 45, 51, 60, 61, 67, 71]
76: [18, 27, 30, 40, 42, 50, 54, 60, 67, 71]
78: [1, 18, 27, 31, 34, 43, 57, 60, 67]
79: [20, 63, 70]
80: [42, 62]
81: [17, 20, 49, 52, 63]
82: [18, 48, 66]
83: [42]
84: [5, 17, 20, 32, 52, 64, 81]
85: [51, 69]
86: [3, 12, 32, 35, 41, 42, 72]
87: [17, 20, 52, 81, 84]
88: [2, 4, 8, 15, 18, 23, 30, 31, 33, 34, 37, 42, 46, 52, 53, 54, 56, 58, 60, 61, 67, 70, 72, 74, 78, 80]
89: [6, 41, 48, 53, 62, 69]
91: [4, 8, 30, 46, 52, 53, 67, 75, 88]
92: [10, 15, 27, 29, 31, 47, 51, 52, 62, 65, 71, 81]
93: [2, 7, 27, 29, 36, 45, 47, 65, 72, 92]
94: [1, 5, 10, 11, 18, 35, 37, 59, 60, 70, 78]
95: [2, 6, 48, 54, 62, 65, 68, 72]
96: [5]
97: [38, 49, 63, 81, 88]
98: [6, 10, 57, 95]
100: [11, 16, 41, 43, 48, 89, 91]
101: [18, 22, 31, 34, 53, 60, 78, 88]
102: [21, 36, 62]
103: [69, 94]
104: [49, 63, 81, 97]
105: [39]
106: [2, 7, 22, 36, 45, 72, 90, 93]
107: [105]
108: [6, 63, 95, 97, 98, 104]
109: [2, 25, 45, 50, 51, 57, 61, 65, 67, 71, 72, 73, 75, 95, 100]
110: [2, 7, 15, 36, 45, 56, 58, 69, 72, 88, 93, 106]
111: [5, 32, 45, 64, 84]
112: [3, 18, 28, 31, 34, 60, 78, 88, 94, 101, 103]
113: [2, 7, 36, 45, 51, 61, 67, 71, 72, 75, 93, 95, 106, 109, 110]
114: [2, 7, 17, 20, 28, 36, 45, 52, 72, 81, 84, 87, 93, 106, 110, 112, 113]
115: [1, 18, 30, 31, 34, 52, 56, 60, 62, 78, 88, 101, 112]
116: [5, 10, 18, 23, 27, 43, 45, 51, 61, 67, 71, 75, 100, 109, 113]
117: [51]
118: [5, 27, 32, 45, 51, 61, 64, 67, 71, 75, 84, 109, 111, 113, 116]
119: [1, 17, 20, 30, 52, 56, 62, 67, 78, 81, 84, 87, 114, 115]
120: [18, 27, 30, 40, 42, 47, 50, 54, 71, 76, 81]
121: [10, 15, 18, 28, 30, 31, 44, 60, 62, 75, 87, 92, 98, 112, 114]
122: [5, 11, 18, 37, 59, 60, 70, 81, 92, 94]
123: [4, 8, 30, 43, 46, 52, 53, 57, 67, 78, 88, 91, 116, 119]
124: [8, 18, 27, 30, 40, 41, 42, 50, 54, 65, 71, 76, 90, 115, 120]
125: [5, 11, 18, 32, 48, 62, 64, 68, 82, 84, 95, 109, 111, 118]
126: [5, 11, 18, 37, 46, 59, 60, 69, 70, 75, 94, 121, 122]
127: [5, 11, 18, 36, 37, 41, 43, 59, 60, 63, 70, 93, 94, 97, 100, 104, 108, 116, 118, 122, 123, 126]
128: [19, 22, 101]
129: [1, 18, 21, 30, 36, 56, 60, 62, 75, 93, 102, 115, 119, 121, 126, 127]
130: [10, 14, 45, 46, 51, 61, 67, 69, 71, 75, 98, 109, 113, 116, 118, 121, 126]
131: [35, 51, 52, 53, 54, 59, 64, 67, 70, 74, 115]
132: [2, 18, 27, 30, 40, 42, 45, 50, 51, 54, 61, 65, 66, 67, 71, 72, 75, 76, 95, 109, 113, 116, 118, 120, 124, 130]
133: [3, 12, 18, 27, 30, 32, 35, 40, 41, 42, 50, 54, 71, 72, 74, 76, 80, 86, 88, 120, 124, 132]
134: [2, 4, 7, 8, 30, 36, 45, 46, 52, 53, 67, 72, 88, 91, 93, 106, 110, 113, 114, 123]
135: [2, 23, 33, 37, 42, 61, 67, 70, 74, 80, 88, 105, 107, 133]
136: [102, 127]
137: [2, 3, 7, 10, 36, 45, 72, 93, 96, 98, 106, 110, 113, 114, 121, 130, 134]
138: [3, 6, 12, 32, 35, 41, 42, 52, 65, 72, 86, 92, 95, 98, 108, 133]
139: [45, 48, 51, 61, 62, 67, 68, 71, 75, 95, 109, 113, 116, 118, 125, 130, 132]
140: [37, 67, 124]
141: [18, 42, 52, 60, 75, 80, 88, 115, 121, 126, 129, 131, 133, 135]
142: [27, 41, 43, 48, 51, 57, 78, 89, 100, 108, 133]
143: [2, 3, 9, 12, 23, 32, 33, 34, 35, 37, 41, 42, 61, 70, 72, 74, 86, 88, 127, 133, 135, 138]
144: [8, 41, 48, 78, 89, 100, 124, 142]
145: [136]
146: [5, 11, 12, 18, 37, 53, 59, 60, 70, 89, 94, 122, 126, 127]
147: [81, 90, 120]
148: [27, 43, 53, 57, 78, 89, 142, 146]
149: [4, 8, 15, 22, 30, 42, 46, 52, 53, 63, 67, 80, 88, 91, 97, 101, 104, 108, 123, 127, 128, 133, 134, 135, 141]
150: [15, 17, 20, 21, 36, 52, 56, 58, 62, 81, 84, 87, 88, 102, 110, 114, 119, 129]
151: [8, 41, 92, 124, 142, 144]
152: [11, 18, 43, 60, 75, 111, 121, 125, 126, 129, 141]
154: [22, 23, 36, 47, 52, 95, 120, 140]
155: [8, 21, 36, 41, 62, 67, 78, 102, 119, 123, 124, 129, 144, 150, 151]
156: [4, 8, 30, 46, 52, 53, 67, 78, 88, 90, 91, 119, 123, 134, 149, 155]
157: [5, 11, 18, 37, 59, 60, 66, 70, 94, 122, 126, 127, 146, 148]
158: [26, 41, 48, 49, 63, 81, 89, 97, 100, 104, 142, 144]
160: [6, 62, 69, 81, 89, 92, 122]
161: [2, 4, 8, 15, 17, 20, 27, 30, 46, 52, 53, 56, 58, 65, 67, 81, 84, 87, 88, 91, 92, 110, 114, 119, 120, 122, 123, 134, 138, 145, 149, 150, 156, 160]
162: [18, 60, 75, 96, 121, 126, 129, 141, 152]
163: [2, 17, 20, 21, 36, 52, 62, 65, 72, 81, 84, 87, 95, 102, 109, 114, 115, 119, 129, 131, 132, 141, 150, 154, 155, 161]
164: [4, 5, 8, 10, 23, 27, 30, 43, 46, 52, 53, 55, 67, 80, 88, 91, 116, 123, 134, 148, 149, 156, 161]
165: [97, 99]
166: [5, 11, 18, 37, 52, 59, 60, 65, 70, 75, 92, 94, 122, 126, 127, 132, 138, 146, 157, 161]
167: [8, 26, 33, 41, 58, 83, 124, 144, 151, 155]
168: [2, 22, 63, 97, 101, 102, 104, 108, 127, 128, 149]
169: [2, 23, 27, 33, 37, 43, 45, 51, 57, 61, 67, 70, 71, 74, 75, 78, 88, 92, 109, 113, 116, 118, 130, 132, 135, 139, 142, 143, 148]
170: [3, 12, 22, 23, 32, 35, 36, 41, 42, 52, 54, 72, 86, 111, 133, 138, 140, 143, 154]
171: [5, 41, 48, 89, 100, 105, 107, 135, 142, 144, 158]
172: [17, 20, 52, 81, 84, 87, 114, 119, 138, 150, 161, 163]
173: [3, 5, 12, 25, 32, 35, 41, 42, 57, 64, 72, 84, 86, 109, 111, 114, 118, 125, 133, 138, 143, 170]
174: [3, 8, 12, 32, 35, 41, 42, 72, 86, 108, 133, 138, 143, 170, 173]
175: [10, 42, 80, 88, 98, 116, 121, 130, 133, 135, 137, 141, 149]
176: [3, 12, 27, 32, 35, 41, 42, 72, 81, 86, 92, 117, 122, 133, 138, 143, 160, 161, 170, 173, 174]
177: [30, 44, 62, 121, 136]
178: [8, 41, 124, 144, 151, 155, 167]
179: [2, 20, 38, 65, 70, 72, 95, 109, 132, 163]
180: [2, 7, 14, 36, 45, 48, 50, 62, 68, 72, 73, 93, 95, 106, 110, 113, 114, 125, 134, 137, 139]
181: [42, 80, 88, 90, 133, 135, 141, 147, 149, 172, 175]
182: [41, 48, 66, 89, 100, 142, 144, 158, 171]
183: [1, 5, 11, 18, 30, 37, 56, 59, 60, 62, 70, 90, 94, 115, 119, 122, 126, 127, 129, 146, 147, 157, 166, 181]
184: [22, 23, 29, 36, 47, 52, 65, 92, 93, 154, 170, 175]
185: [22, 44, 45, 46, 51, 53, 61, 67, 69, 71, 75, 92, 101, 109, 113, 116, 118, 126, 128, 130, 132, 139, 149, 168, 169]
186: [145]
187: [8, 41, 124, 144, 151, 155, 167, 178]
188: [1, 18, 29, 30, 47, 56, 60, 62, 65, 75, 92, 93, 104, 115, 119, 121, 126, 129, 141, 152, 162, 172, 183, 184]
189: [5, 23, 27, 43, 57, 78, 123, 142, 148, 169]
190: [41, 48, 67, 78, 89, 100, 119, 122, 123, 126, 142, 144, 155, 156, 158, 171, 182]
191: [18, 27, 30, 32, 40, 42, 50, 54, 57, 71, 76, 82, 107, 120, 124, 132, 133]
192: [97, 126, 165]
193: [102, 184]
194: [18, 31, 34, 35, 60, 75, 78, 85, 88, 101, 110, 112, 115, 121, 126, 129, 141, 152, 162, 188]
195: [22, 29, 47, 65, 92, 93, 101, 128, 129, 149, 154, 168, 184, 185, 188]
196: [5, 10, 23, 27, 32, 43, 64, 84, 111, 116, 118, 125, 164, 173, 187]
197: [38, 42, 63, 80, 88, 133, 135, 141, 149, 175, 181]
198: [2, 5, 11, 18, 37, 59, 60, 65, 70, 72, 94, 95, 109, 122, 126, 127, 132, 146, 157, 163, 166, 179, 183]
199: [6, 30, 44, 62, 95, 98, 108, 121, 138, 177]
200: [3, 12, 18, 32, 35, 41, 42, 43, 59, 66, 72, 86, 116, 123, 127, 133, 138, 143, 170, 173, 174, 176]
201: [35, 74, 131, 160]
203: [17, 20, 52, 81, 84, 87, 94, 114, 119, 144, 150, 161, 163, 172, 187]
204: [17, 20, 38, 52, 81, 84, 87, 114, 115, 119, 131, 141, 150, 161, 163, 172, 203]
205: [14, 17, 20, 22, 23, 36, 52, 81, 84, 87, 114, 115, 119, 131, 139, 141, 150, 154, 161, 163, 170, 172, 184, 203, 204]
206: [29, 47, 63, 65, 92, 93, 97, 104, 108, 122, 126, 127, 149, 168, 184, 188, 190, 195]
207: [2, 8, 21, 22, 23, 33, 36, 37, 41, 52, 61, 62, 70, 74, 88, 102, 115, 124, 129, 131, 135, 141, 143, 144, 150, 151, 154, 155, 163, 167, 169, 170, 178, 184, 187, 204, 205]
208: [17, 20, 52, 81, 84, 87, 114, 119, 142, 150, 161, 163, 172, 203, 204, 205]
209: [50, 90, 93, 147, 175, 181, 183]
210: [30, 37, 44, 62, 67, 69, 121, 140, 169, 177, 199]
211: [10, 18, 42, 80, 88, 98, 121, 130, 133, 135, 137, 141, 149, 175, 181, 197]
212: [5, 27, 32, 43, 51, 53, 54, 57, 59, 64, 67, 70, 71, 74, 78, 84, 103, 111, 118, 119, 123, 125, 131, 142, 148, 153, 155, 156, 169, 173, 189, 190, 196]
213: [29]
214: [2, 12, 23, 33, 37, 61, 70, 74, 88, 123, 135, 143, 169, 207]
215: [99, 156, 181, 206]
216: [9, 10, 14, 30, 44, 48, 50, 52, 62, 73, 98, 121, 130, 137, 175, 177, 180, 199, 210, 211]
217: [26, 122, 126, 190, 206]
218: [2, 65, 72, 90, 95, 102, 109, 132, 134, 147, 163, 179, 181, 183, 184, 198, 202, 209]
219: [5, 10, 15, 18, 23, 27, 30, 31, 35, 40, 42, 43, 50, 54, 62, 71, 76, 92, 116, 120, 121, 124, 132, 133, 164, 178, 191, 196]
220: [1, 30, 56, 62, 115, 119, 129, 183, 188]
221: [94, 103, 112, 137]
223: [18, 31, 34, 60, 78, 88, 101, 112, 115, 194]
224: [18, 31, 34, 60, 78, 88, 101, 112, 115, 190, 194, 215, 223]
225: [27, 41, 43, 57, 59, 78, 142, 148, 169, 189, 212]
226: [2, 6, 23, 33, 35, 37, 61, 62, 69, 70, 74, 88, 89, 135, 143, 160, 169, 207, 214]
227: [5, 32, 64, 84, 90, 93, 111, 118, 125, 143, 147, 168, 173, 181, 183, 196, 209, 212, 218]
228: [30, 44, 62, 81, 92, 121, 122, 160, 161, 176, 177, 199, 210, 216]
229: [10, 11, 15, 31, 62, 81, 92, 121, 122, 125, 138, 152, 160, 161, 163, 176, 219, 220, 228]
230: [14, 28, 96, 112, 114, 121, 146, 196, 214, 221]
231: [22, 23, 36, 47, 52, 65, 92, 120, 138, 154, 161, 166, 170, 184, 205, 207]
232: [11, 41, 43, 100, 127, 141]
233: [17, 22, 30, 44, 62, 101, 117, 121, 128, 149, 168, 174, 177, 185, 195, 199, 210, 216, 228]
234: [25, 93, 95, 113, 129]
235: [27, 41, 43, 48, 57, 78, 89, 90, 100, 142, 144, 147, 148, 158, 169, 171, 181, 182, 183, 189, 190, 209, 212, 218, 225, 227]
236: [18, 20, 30, 44, 47, 60, 62, 75, 90, 120, 121, 126, 129, 141, 147, 152, 154, 162, 177, 181, 183, 188, 194, 199, 202, 209, 210, 216, 218, 220, 227, 228, 231, 233, 235]
237: [53, 96, 196]
238: [67, 78, 90, 119, 123, 147, 149, 155, 156, 172, 181, 183, 190, 209, 212, 218, 227, 235, 236]
239: [8, 21, 22, 23, 36, 41, 52, 62, 67, 78, 102, 119, 123, 124, 129, 144, 150, 151, 154, 155, 156, 163, 167, 170, 178, 184, 187, 190, 205, 207, 212, 231, 238]
240: [6, 31, 60, 62, 69, 81, 89, 95, 98, 99, 101, 108, 138, 160, 199, 226]
241: [18, 31, 34, 60, 63, 78, 88, 97, 101, 104, 108, 112, 115, 127, 149, 150, 168, 175, 194, 206, 223, 224]
242: [1, 5, 11, 18, 30, 37, 44, 59, 60, 62, 70, 94, 121, 122, 126, 127, 146, 157, 166, 177, 183, 198, 199, 210, 216, 228, 233, 236]
243: [9, 34, 77, 202]
244: [4, 8, 30, 46, 51, 52, 53, 54, 59, 62, 64, 67, 70, 74, 80, 88, 91, 123, 131, 134, 149, 156, 161, 164, 178, 212]
245: [4, 8, 18, 30, 46, 52, 53, 60, 65, 67, 75, 81, 88, 91, 92, 121, 122, 123, 126, 129, 134, 138, 141, 149, 152, 156, 160, 161, 162, 164, 166, 176, 186, 188, 194, 211, 228, 229, 231, 236, 244]
246: [6, 17, 20, 37, 52, 62, 67, 69, 81, 84, 87, 89, 114, 119, 140, 150, 160, 161, 163, 172, 203, 204, 205, 208, 210, 226, 240]
247: [30, 44, 56, 62, 120, 121, 140, 154, 170, 177, 199, 210, 216, 228, 233, 236, 242]
248: [2, 7, 36, 45, 72, 93, 106, 110, 113, 114, 132, 134, 137, 164, 180, 214, 239]
249: [2, 7, 36, 45, 65, 72, 90, 93, 95, 106, 109, 110, 113, 114, 132, 134, 137, 163, 179, 180, 198, 208, 218, 248]
250: [2, 6, 18, 22, 23, 29, 33, 36, 37, 47, 51, 52, 53, 54, 59, 61, 64, 65, 67, 70, 74, 88, 92, 93, 95, 98, 108, 131, 135, 138, 143, 154, 169, 170, 184, 188, 195, 199, 205, 206, 207, 211, 212, 214, 226, 231, 239, 240, 244]
251: [35, 41, 48, 89, 100, 142, 144, 158, 167, 171, 182, 190, 192, 217, 235, 242]
252: [18, 29, 47, 48, 62, 65, 68, 92, 93, 95, 125, 139, 180, 184, 188, 195, 206, 211, 250]
253: [18, 21, 26, 36, 48, 62, 68, 95, 102, 116, 125, 129, 139, 150, 155, 158, 163, 180, 200, 207, 239, 252]
254: [3, 12, 32, 35, 41, 42, 52, 65, 72, 86, 92, 133, 138, 143, 145, 161, 166, 170, 173, 174, 176, 195, 200, 231, 238, 245]
255: [10, 15, 18, 21, 25, 31, 46, 60, 62, 75, 92, 96, 109, 121, 126, 129, 141, 152, 162, 173, 188, 194, 219, 229, 236, 245]
256: [65, 90]
257: [18, 31, 34, 60, 78, 88, 101, 112, 115, 194, 198, 223, 224, 241]
258: [24, 74, 92, 124, 217]
259: [8, 41, 68, 124, 144, 151, 155, 167, 178, 187, 193, 207, 239]
260: [144, 201, 226, 251]
261: [5, 10, 20, 23, 27, 43, 63, 77, 97, 104, 108, 116, 120, 127, 149, 154, 164, 168, 196, 206, 219, 241, 247]
262: [18, 27, 30, 40, 42, 50, 51, 54, 71, 76, 92, 120, 124, 132, 133, 169, 185, 191, 219]
263: [10, 15, 31, 62, 92, 121, 219, 229, 254, 255]
264: [23, 62, 80, 130, 244]
265: [2, 5, 11, 18, 23, 27, 33, 37, 59, 60, 61, 67, 70, 74, 76, 88, 92, 94, 122, 126, 127, 135, 143, 146, 157, 161, 166, 169, 174, 176, 183, 198, 207, 214, 226, 242, 250]
266: [21, 36, 62, 102, 129, 150, 155, 157, 163, 182, 207, 239, 253, 257]
267: [1, 26, 108, 126, 158, 253]
268: [6, 21, 36, 62, 77, 95, 98, 102, 108, 129, 138, 150, 155, 163, 199, 202, 207, 239, 240, 250, 253, 266]
269: [27, 37, 53, 67, 76, 92, 140, 153, 161, 176, 210, 246, 265]
270: [5, 21, 32, 36, 61, 62, 64, 84, 102, 111, 118, 125, 129, 150, 155, 163, 173, 196, 207, 212, 227, 239, 253, 266, 268]
271: [1, 22, 23, 36, 42, 52, 78, 80, 88, 94, 133, 135, 141, 149, 154, 170, 175, 181, 184, 197, 205, 207, 211, 231, 239, 250]
272: [56, 67, 78, 119, 123, 155, 156, 188, 190, 212, 238, 239]
273: [45, 51, 61, 64, 67, 71, 75, 109, 113, 116, 118, 130, 132, 139, 169, 185, 232]
274: [83, 208]
275: [63, 97, 104, 108, 127, 149, 168, 206, 241, 261]
276: [10, 15, 31, 52, 62, 65, 67, 78, 92, 105, 107, 117, 119, 121, 123, 135, 138, 142, 155, 156, 161, 166, 171, 190, 212, 219, 229, 231, 235, 238, 239, 245, 254, 255, 263, 272]
277: [10, 18, 42, 80, 88, 98, 121, 130, 133, 135, 137, 141, 149, 175, 181, 197, 211, 216, 271]
278: [10, 15, 27, 31, 62, 67, 80, 92, 121, 135, 161, 162, 176, 219, 229, 244, 255, 263, 264, 265, 269, 276]
279: [6, 38, 45, 48, 62, 68, 70, 95, 98, 108, 125, 138, 139, 145, 180, 199, 238, 240, 250, 252, 253, 268]
280: [2, 18, 23, 31, 33, 34, 37, 60, 61, 70, 74, 78, 88, 89, 101, 112, 115, 116, 135, 143, 169, 178, 194, 200, 207, 214, 219, 223, 224, 226, 241, 250, 253, 257, 265]
281: [30, 44, 62, 65, 120, 121, 154, 177, 190, 199, 210, 216, 228, 233, 236, 242, 247, 261, 272]
282: [6, 29, 41, 47, 48, 65, 73, 92, 93, 95, 98, 108, 138, 184, 188, 195, 199, 206, 240, 241, 250, 252, 268, 279]
283: [10, 15, 27, 31, 52, 62, 65, 81, 92, 117, 121, 122, 138, 160, 161, 166, 176, 219, 228, 229, 231, 245, 254, 255, 263, 265, 269, 276, 278]
284: [30, 44, 62, 68, 121, 177, 199, 200, 210, 216, 228, 233, 236, 242, 247, 281]
285: [8, 19, 27, 41, 76, 92, 124, 144, 151, 155, 161, 167, 176, 178, 187, 207, 239, 244, 259, 265, 269, 278, 283]
286: [18, 27, 30, 40, 42, 50, 54, 71, 76, 95, 105, 107, 113, 120, 124, 132, 133, 135, 171, 191, 219, 220, 234, 262, 276]
287: [5, 10, 18, 23, 26, 27, 43, 45, 51, 61, 67, 71, 75, 81, 92, 109, 113, 116, 118, 122, 130, 132, 135, 139, 158, 160, 161, 164, 169, 171, 176, 185, 196, 200, 219, 228, 229, 245, 253, 261, 267, 273, 278, 280, 283]
288: [36, 47, 54, 79, 93, 120, 127, 129, 154, 231, 236, 247, 272]
289: [5, 30, 123, 141]
290: [30, 44, 62, 121, 174, 177, 199, 210, 216, 228, 231, 233, 236, 242, 247, 256, 281, 284]
291: [2, 23, 25, 33, 37, 50, 61, 70, 74, 88, 105, 107, 132, 135, 143, 150, 169, 171, 207, 214, 226, 250, 265, 275, 276, 280, 286]
292: [2, 6, 8, 18, 23, 31, 33, 34, 37, 53, 60, 61, 62, 69, 70, 74, 78, 88, 89, 101, 112, 115, 135, 143, 160, 169, 185, 194, 207, 214, 223, 224, 226, 240, 241, 246, 250, 257, 265, 280, 291]
293: [77, 129, 202, 234, 259]
294: [48, 53, 62, 67, 68, 95, 101, 105, 107, 125, 135, 139, 153, 171, 180, 185, 252, 253, 276, 278, 279, 286, 287, 291, 292]
295: [4, 11, 36, 93, 125, 127, 129, 152, 229, 234, 288, 293]
296: [14, 50, 73, 80, 81, 92, 122, 160, 161, 176, 180, 212, 216, 228, 229, 245, 262, 283, 287]
297: [1, 2, 18, 23, 30, 31, 33, 34, 37, 56, 60, 61, 62, 70, 74, 75, 78, 88, 101, 112, 113, 115, 119, 121, 126, 129, 135, 138, 141, 143, 152, 156, 162, 163, 169, 183, 188, 194, 207, 214, 220, 223, 224, 226, 236, 241, 245, 250, 255, 257, 265, 280, 291, 292]
298: [30, 44, 62, 64, 107, 121, 132, 177, 199, 210, 216, 228, 233, 236, 242, 247, 281, 284, 290]
299: [17, 20, 31, 52, 60, 67, 76, 81, 83, 84, 87, 101, 114, 119, 150, 161, 163, 172, 203, 204, 205, 208, 240, 246, 265, 269, 292]
300: [5, 11, 18, 30, 37, 44, 59, 60, 62, 70, 94, 121, 122, 126, 127, 141, 146, 157, 159, 166, 177, 183, 191, 198, 199, 210, 216, 228, 233, 236, 242, 247, 259, 265, 281, 284, 290, 298]
301: [4, 8, 10, 17, 20, 30, 42, 46, 52, 53, 67, 80, 81, 84, 87, 88, 91, 110, 114, 119, 123, 133, 134, 135, 141, 149, 150, 156, 161, 163, 164, 172, 175, 181, 197, 203, 204, 205, 208, 211, 244, 245, 246, 271, 277, 278, 287, 294, 299]
302: [86, 129, 211, 218, 234, 268, 293, 295]
303: [1, 5, 10, 18, 23, 27, 30, 43, 45, 51, 56, 60, 61, 62, 67, 71, 75, 109, 113, 115, 116, 118, 119, 121, 126, 129, 130, 132, 139, 141, 152, 162, 164, 169, 183, 185, 188, 194, 196, 219, 220, 236, 245, 255, 261, 262, 273, 287, 297]
304: [13, 20, 30, 44, 52, 62, 121, 138, 149, 177, 199, 210, 216, 228, 233, 236, 238, 242, 247, 281, 284, 290, 298, 300]
305: [3, 6, 12, 23, 32, 35, 41, 42, 62, 69, 72, 86, 89, 114, 133, 138, 143, 160, 170, 173, 174, 176, 200, 214, 226, 240, 246, 254, 292, 296]
306: [40, 65, 97, 147, 165, 172, 197, 222, 265, 290]
307: [16, 37, 48, 62, 67, 68, 95, 125, 139, 140, 141, 180, 210, 241, 246, 252, 253, 269, 279, 289, 294]
308: [2, 7, 29, 36, 45, 47, 65, 72, 92, 93, 106, 110, 113, 114, 122, 126, 134, 137, 180, 184, 188, 190, 195, 206, 217, 248, 249, 250, 252, 282, 299]
309: [42, 48, 62, 68, 80, 88, 95, 125, 133, 135, 139, 141, 149, 150, 175, 180, 181, 197, 200, 211, 252, 253, 271, 277, 279, 293, 294, 301, 307]
310: [1, 19, 30, 51, 53, 54, 56, 59, 62, 64, 67, 70, 74, 76, 115, 119, 129, 131, 183, 188, 212, 220, 244, 250, 265, 269, 297, 299, 303]
311: [6, 18, 31, 34, 60, 78, 82, 88, 95, 98, 101, 108, 112, 115, 125, 138, 194, 199, 220, 223, 224, 240, 241, 250, 257, 268, 277, 279, 280, 282, 292, 297]
312: [71, 171, 178, 203]
313: [27, 29, 54, 92, 147, 161, 176, 247, 265, 269, 278, 283, 285]
314: [18, 31, 34, 37, 60, 67, 78, 88, 98, 101, 112, 115, 140, 194, 198, 210, 223, 224, 241, 246, 255, 257, 269, 280, 292, 297, 307, 311]
315: [35, 51, 53, 54, 59, 64, 67, 70, 74, 131, 201, 212, 244, 250, 310]
316: [2, 7, 17, 20, 25, 32, 36, 45, 52, 57, 72, 73, 81, 84, 87, 93, 106, 109, 110, 113, 114, 119, 134, 137, 150, 161, 163, 172, 180, 203, 204, 205, 208, 246, 248, 249, 250, 299, 301, 308]
317: [1, 2, 7, 18, 36, 38, 40, 45, 60, 72, 75, 93, 106, 110, 113, 114, 121, 126, 129, 134, 137, 141, 152, 162, 180, 188, 194, 226, 236, 245, 248, 249, 255, 297, 303, 308, 316]
318: [109, 134, 159, 177]
319: [10, 28, 35, 98, 121, 130, 137, 175, 211, 216, 277, 278]
320: [4, 204, 311]
321: [2, 7, 27, 36, 43, 45, 55, 57, 72, 78, 80, 93, 106, 110, 113, 114, 134, 137, 142, 148, 162, 169, 180, 189, 212, 225, 235, 248, 249, 262, 305, 308, 316, 317]
322: [4, 8, 13, 15, 30, 45, 46, 51, 52, 53, 56, 58, 61, 67, 71, 75, 88, 91, 109, 110, 113, 116, 118, 123, 130, 132, 134, 139, 149, 150, 156, 161, 164, 169, 185, 244, 245, 256, 273, 287, 301, 303, 304]
323: [7, 18, 27, 30, 40, 42, 50, 54, 71, 76, 80, 88, 105, 107, 116, 120, 124, 132, 133, 135, 141, 149, 171, 175, 178, 181, 191, 197, 200, 211, 219, 232, 253, 262, 271, 276, 277, 280, 286, 287, 291, 294, 301, 309]
324: [6, 37, 62, 67, 69, 78, 89, 119, 122, 123, 126, 140, 155, 156, 160, 165, 183, 190, 206, 210, 212, 215, 217, 226, 238, 239, 240, 246, 269, 272, 276, 292, 305, 307, 308, 314]
325: [8, 14, 34, 41, 124, 144, 151, 155, 159, 167, 178, 187, 207, 239, 259, 285]
326: [2, 7, 36, 45, 63, 72, 90, 93, 97, 104, 106, 108, 110, 113, 114, 127, 134, 137, 147, 149, 168, 180, 181, 183, 206, 209, 218, 227, 235, 236, 238, 241, 248, 249, 261, 275, 292, 308, 316, 317, 321]
327: [3, 6, 12, 32, 35, 41, 42, 72, 86, 95, 98, 108, 133, 138, 143, 168, 170, 173, 174, 176, 199, 200, 211, 240, 243, 250, 254, 268, 279, 282, 305, 311]
328: [6, 19, 37, 46, 62, 69, 89, 126, 130, 160, 185, 226, 240, 246, 262, 292, 305, 324]
329: [90, 138, 147, 181, 183, 209, 218, 227, 235, 236, 238, 320, 326]
330: [37, 67, 89, 140, 171, 196, 210, 214, 221, 246, 269, 307, 314, 324]
331: [2, 3, 12, 18, 22, 27, 30, 32, 35, 40, 41, 42, 50, 54, 65, 71, 72, 76, 86, 95, 97, 101, 109, 120, 124, 128, 132, 133, 138, 143, 149, 163, 165, 168, 170, 173, 174, 176, 179, 185, 191, 192, 195, 198, 200, 218, 219, 233, 249, 254, 262, 286, 305, 323, 327]
332: [6, 16, 18, 30, 42, 44, 62, 69, 80, 88, 89, 116, 121, 133, 135, 141, 149, 160, 175, 177, 181, 197, 199, 200, 210, 211, 216, 226, 228, 233, 236, 240, 241, 242, 246, 247, 253, 271, 277, 280, 281, 284, 287, 290, 292, 298, 300, 301, 304, 305, 309, 323, 324, 328]
333: [18, 92, 116, 149, 174, 200, 238, 253, 274, 280, 287, 304, 323, 332]
334: [11, 41, 43, 50, 68, 100, 125, 127, 152, 229, 232, 268, 293, 295]
335: [17, 18, 19, 20, 28, 52, 81, 84, 87, 112, 114, 116, 119, 121, 150, 161, 163, 172, 200, 203, 204, 205, 208, 230, 244, 246, 253, 280, 287, 299, 301, 316, 323, 326, 332, 333]
336: [29, 47, 48, 62, 65, 68, 92, 93, 95, 125, 139, 180, 184, 188, 195, 206, 250, 252, 253, 279, 282, 294, 307, 308, 309]
337: [3, 4, 8, 30, 46, 52, 53, 67, 71, 88, 91, 103, 123, 134, 149, 156, 161, 164, 244, 245, 296, 301, 322]
338: [5, 22, 32, 64, 81, 84, 101, 111, 118, 120, 122, 125, 128, 147, 149, 168, 173, 185, 195, 196, 212, 227, 233, 270, 331]
339: [10, 15, 18, 31, 60, 62, 75, 92, 116, 121, 126, 129, 141, 152, 162, 178, 188, 194, 200, 205, 219, 229, 236, 245, 253, 255, 263, 276, 278, 280, 283, 287, 297, 303, 317, 323, 332, 333, 335]
340: [17, 20, 52, 56, 81, 84, 87, 92, 114, 119, 122, 150, 160, 161, 163, 172, 176, 203, 204, 205, 208, 228, 229, 245, 246, 274, 283, 287, 296, 299, 301, 316, 335]
341: [18, 25, 48, 51, 53, 54, 59, 62, 64, 67, 68, 70, 74, 95, 109, 125, 131, 139, 150, 173, 180, 211, 212, 244, 250, 252, 253, 255, 279, 294, 307, 309, 310, 315, 336]
342: [1, 22, 30, 56, 62, 101, 115, 119, 128, 129, 149, 168, 183, 185, 188, 195, 220, 233, 297, 303, 310, 331, 338]
343: [13, 51, 52, 53, 54, 59, 64, 67, 70, 74, 131, 212, 244, 250, 304, 310, 315, 322, 341]
344: [26, 28, 128, 158, 253, 267, 287]
345: [4, 10, 15, 18, 27, 42, 56, 58, 63, 80, 88, 90, 92, 97, 98, 104, 108, 110, 121, 127, 130, 133, 135, 137, 141, 147, 149, 150, 161, 168, 175, 176, 181, 183, 186, 197, 206, 209, 211, 216, 218, 227, 235, 236, 238, 241, 250, 252, 261, 265, 269, 271, 275, 277, 278, 283, 285, 286, 301, 309, 313, 319, 322, 323, 326, 329, 332, 341]
346: [2, 18, 23, 31, 33, 34, 37, 48, 55, 60, 61, 62, 68, 70, 74, 78, 80, 88, 95, 101, 112, 115, 125, 135, 139, 143, 162, 169, 180, 194, 207, 214, 223, 224, 226, 241, 244, 250, 252, 253, 257, 264, 265, 278, 279, 280, 291, 292, 294, 297, 307, 309, 311, 314, 336, 341]
347: [5, 32, 51, 53, 54, 59, 64, 67, 70, 74, 84, 111, 118, 125, 131, 173, 196, 212, 227, 244, 250, 256, 270, 310, 315, 338, 341, 343]
348: [8, 21, 36, 41, 62, 102, 107, 124, 129, 144, 150, 151, 155, 163, 167, 178, 187, 189, 207, 239, 253, 259, 266, 268, 270, 285, 289, 325, 332]
349: [1, 10, 15, 29, 30, 31, 38, 40, 47, 52, 56, 62, 65, 83, 90, 92, 93, 115, 119, 121, 129, 138, 147, 161, 166, 181, 183, 184, 188, 195, 206, 209, 218, 219, 220, 227, 229, 231, 235, 236, 238, 245, 250, 252, 254, 255, 263, 276, 278, 282, 283, 297, 303, 308, 310, 317, 326, 329, 336, 339, 342, 345]
350: [34]
351: [10, 30, 44, 62, 97, 121, 165, 177, 192, 199, 210, 216, 228, 233, 236, 242, 247, 281, 284, 290, 292, 298, 300, 304, 331, 332]
352: [45, 51, 61, 67, 71, 75, 109, 113, 116, 118, 130, 132, 139, 169, 185, 186, 273, 287, 303, 311, 322]
353: [2, 7, 19, 36, 42, 45, 72, 80, 88, 93, 106, 110, 113, 114, 133, 134, 135, 137, 141, 149, 175, 180, 181, 197, 211, 248, 249, 271, 277, 301, 308, 309, 316, 317, 321, 323, 326, 332, 344, 345]
354: [5, 22, 32, 64, 84, 101, 111, 113, 118, 125, 128, 149, 168, 173, 185, 195, 196, 212, 220, 227, 233, 270, 331, 338, 342, 347]
355: [41, 48, 53, 89, 100, 121, 142, 144, 146, 148, 158, 171, 182, 190, 235, 251, 289, 314]
356: [27, 37, 38, 40, 67, 92, 140, 149, 161, 176, 210, 238, 246, 265, 269, 278, 283, 285, 304, 307, 313, 314, 317, 324, 330, 333, 345, 347, 349]
357: [223, 248, 298]
358: [35, 51, 53, 54, 59, 64, 67, 70, 74, 92, 131, 149, 201, 212, 244, 250, 310, 315, 317, 341, 343, 347]
359: [5, 10, 23, 27, 43, 52, 65, 92, 105, 107, 115, 116, 131, 135, 138, 141, 161, 163, 164, 166, 168, 171, 196, 204, 205, 207, 219, 231, 245, 254, 261, 276, 283, 286, 287, 291, 294, 303, 323, 349]
360: [4, 8, 19, 30, 46, 52, 53, 67, 78, 88, 91, 119, 123, 134, 149, 155, 156, 161, 164, 190, 201, 212, 238, 239, 244, 245, 272, 276, 301, 322, 324, 337, 344]
361: [13, 52, 77, 95, 127, 152, 177, 195, 304, 320, 322, 343]
362: [28, 41, 42, 48, 80, 88, 89, 100, 105, 107, 133, 135, 141, 142, 144, 149, 158, 171, 175, 181, 182, 190, 197, 211, 235, 251, 271, 276, 277, 286, 291, 294, 301, 309, 323, 332, 345, 353, 355, 359]
363: [30, 44, 62, 81, 92, 121, 122, 160, 161, 176, 177, 199, 210, 216, 228, 229, 233, 236, 242, 245, 247, 279, 281, 283, 284, 287, 290, 296, 298, 300, 304, 332, 340, 351]
364: [10, 42, 80, 88, 98, 121, 130, 133, 135, 137, 141, 149, 155, 175, 181, 197, 211, 216, 271, 277, 301, 309, 319, 323, 332, 345, 353, 362]
365: [6, 18, 45, 51, 60, 61, 67, 71, 75, 109, 113, 116, 118, 121, 126, 129, 130, 132, 139, 141, 149, 152, 162, 169, 185, 188, 194, 236, 238, 245, 255, 273, 287, 297, 303, 304, 317, 322, 333, 339, 352, 356]
366: [6, 29, 37, 47, 65, 67, 92, 93, 95, 98, 108, 138, 140, 184, 188, 195, 199, 206, 210, 240, 246, 250, 252, 268, 269, 279, 282, 307, 308, 311, 314, 324, 327, 330, 332, 336, 349, 356]
367: [1, 15, 56, 58, 63, 78, 88, 90, 94, 97, 101, 104, 108, 110, 127, 133, 147, 149, 150, 161, 168, 181, 183, 201, 206, 209, 218, 227, 235, 236, 238, 241, 261, 271, 275, 322, 326, 329, 345, 349]
368: [9, 10, 14, 15, 34, 48, 50, 52, 56, 58, 65, 88, 92, 98, 110, 115, 121, 130, 131, 137, 138, 141, 150, 152, 161, 163, 166, 175, 177, 204, 205, 207, 211, 216, 231, 245, 254, 276, 277, 283, 302, 319, 322, 325, 345, 349, 359, 364, 367]
369: [18, 28, 90, 112, 114, 116, 121, 128, 147, 181, 183, 200, 209, 210, 218, 227, 230, 235, 236, 238, 253, 280, 287, 310, 323, 326, 329, 332, 333, 335, 339, 345, 349, 353, 367]
370: [86, 104, 111, 136, 204]
371: [3, 12, 23, 32, 35, 41, 42, 55, 72, 86, 133, 138, 143, 170, 173, 174, 176, 178, 180, 200, 214, 219, 254, 280, 305, 323, 327, 331, 339]
372: [10, 15, 27, 31, 36, 62, 92, 93, 121, 127, 129, 131, 156, 161, 176, 219, 229, 255, 263, 265, 269, 276, 278, 283, 285, 288, 295, 313, 339, 345, 349, 356]
373: [6, 17, 20, 52, 62, 69, 81, 84, 87, 89, 107, 114, 119, 139, 150, 160, 161, 163, 164, 172, 203, 204, 205, 207, 208, 226, 240, 246, 292, 299, 301, 305, 316, 324, 328, 332, 335, 340]
374: [15, 56, 58, 65, 81, 83, 88, 110, 120, 147, 150, 161, 322, 338, 345, 367, 368]
375: [2, 7, 34, 36, 45, 72, 93, 105, 106, 107, 110, 113, 114, 134, 135, 137, 171, 180, 216, 248, 249, 266, 276, 286, 291, 294, 308, 316, 317, 321, 323, 326, 353, 359, 362]
376: [27, 43, 57, 78, 92, 117, 142, 148, 169, 189, 212, 225, 235, 321]
377: [18, 31, 34, 43, 60, 78, 82, 88, 95, 101, 112, 113, 115, 125, 194, 223, 224, 234, 241, 257, 280, 286, 292, 297, 311, 314, 346]
378: [10, 37, 67, 98, 105, 107, 121, 130, 135, 137, 140, 162, 171, 175, 210, 211, 216, 246, 269, 276, 277, 286, 291, 294, 307, 314, 319, 323, 324, 330, 345, 356, 359, 362, 364, 366, 368, 369, 375]
379: [13, 95, 113, 170, 213, 234, 286, 377]
380: [21, 51, 53, 54, 59, 64, 67, 70, 74, 131, 141, 189, 212, 244, 250, 289, 307, 310, 315, 341, 343, 347, 358]
381: [2, 18, 23, 33, 37, 45, 51, 60, 61, 67, 70, 71, 74, 75, 88, 109, 113, 116, 118, 121, 126, 129, 130, 132, 135, 139, 141, 143, 152, 162, 169, 185, 188, 194, 207, 214, 226, 236, 245, 250, 255, 265, 273, 280, 287, 291, 292, 297, 303, 317, 322, 339, 346, 352, 365]
382: [4, 8, 10, 16, 25, 30, 46, 52, 53, 67, 88, 89, 91, 98, 109, 121, 123, 130, 134, 137, 146, 148, 149, 156, 161, 164, 173, 175, 198, 211, 216, 241, 244, 245, 255, 277, 301, 319, 322, 337, 341, 345, 355, 360, 364, 368, 378]
383: [24, 97, 165, 192, 317, 331, 351]
384: [2, 6, 23, 33, 37, 61, 70, 74, 88, 95, 98, 108, 135, 138, 143, 169, 199, 207, 214, 226, 240, 250, 265, 268, 279, 280, 282, 291, 292, 297, 311, 325, 327, 346, 350, 366, 381]
385: [19, 62, 80, 151, 176, 219, 244, 264, 278, 344, 346]
386: [22, 27, 52, 101, 115, 128, 131, 141, 149, 163, 168, 185, 195, 204, 205, 207, 233, 295, 331, 338, 342, 354, 359, 368]
387: [46, 69, 126, 130, 146, 171, 185, 271, 278, 303, 328, 353]
388: [22, 23, 36, 52, 120, 154, 170, 184, 204, 205, 207, 222, 231, 239, 247, 250, 261, 271, 281, 347]
389: [2, 5, 11, 18, 25, 27, 30, 37, 40, 42, 44, 50, 54, 57, 59, 60, 62, 65, 70, 71, 72, 73, 76, 94, 95, 98, 105, 107, 109, 120, 121, 122, 124, 126, 127, 132, 133, 135, 146, 157, 163, 166, 171, 177, 179, 183, 191, 198, 199, 210, 216, 218, 219, 228, 233, 236, 242, 247, 249, 262, 265, 276, 281, 284, 286, 290, 291, 294, 298, 300, 304, 316, 323, 331, 332, 351, 359, 362, 363, 375, 378]
390: [3, 12, 22, 32, 35, 41, 42, 49, 72, 86, 101, 128, 133, 138, 143, 149, 168, 170, 173, 174, 176, 185, 195, 200, 233, 254, 281, 305, 327, 331, 338, 342, 354, 356, 371, 374, 386]
391: [2, 22, 23, 36, 52, 65, 72, 95, 109, 125, 132, 154, 163, 170, 179, 182, 184, 198, 205, 207, 218, 225, 231, 239, 249, 250, 271, 331, 350, 388, 389]
392: [8, 33, 201, 301]
393: [11, 30, 42, 44, 62, 80, 88, 105, 107, 121, 125, 133, 135, 141, 149, 152, 171, 175, 177, 181, 197, 199, 210, 211, 216, 228, 229, 233, 236, 242, 247, 271, 276, 277, 281, 284, 286, 290, 291, 294, 295, 298, 300, 301, 304, 309, 323, 332, 334, 345, 351, 353, 359, 362, 363, 364, 375, 378, 389]
394: [22, 28, 81, 92, 101, 122, 128, 135, 149, 160, 161, 168, 176, 185, 195, 228, 229, 233, 245, 283, 287, 296, 331, 338, 340, 342, 354, 363, 386, 390]
395: [11, 79, 104, 204]
396: [18, 116, 141, 155, 180, 200, 253, 280, 287, 289, 307, 312, 323, 332, 333, 335, 337, 339, 362, 369, 380]
397: [6, 31, 52, 62, 65, 69, 89, 92, 115, 131, 138, 141, 149, 160, 161, 163, 166, 204, 205, 207, 226, 231, 238, 240, 245, 246, 254, 263, 276, 283, 292, 304, 305, 324, 328, 332, 333, 349, 356, 359, 365, 368, 373, 386]
398: [14, 34, 51, 52, 53, 54, 59, 64, 67, 70, 74, 89, 107, 115, 131, 141, 163, 204, 205, 207, 212, 244, 250, 310, 315, 325, 332, 341, 343, 347, 358, 359, 368, 380, 386, 397]
399: [18, 45, 51, 53, 60, 61, 67, 71, 75, 81, 92, 101, 109, 113, 116, 118, 121, 122, 126, 129, 130, 132, 139, 141, 152, 160, 161, 162, 169, 176, 185, 188, 194, 228, 229, 236, 245, 255, 273, 283, 287, 292, 294, 296, 297, 303, 317, 322, 339, 340, 352, 363, 365, 381, 390, 394]
400: [18, 31, 34, 52, 60, 65, 78, 88, 92, 101, 112, 115, 131, 138, 141, 161, 163, 166, 191, 194, 204, 205, 207, 223, 224, 231, 234, 241, 245, 254, 257, 276, 280, 283, 292, 297, 311, 314, 346, 349, 359, 368, 377, 386, 397, 398]
401: [37, 67, 117, 140, 210, 246, 269, 307, 314, 324, 330, 335, 356, 366, 378]
402: [15, 51, 53, 54, 56, 58, 59, 64, 67, 70, 74, 88, 95, 105, 107, 110, 131, 135, 150, 161, 171, 186, 212, 244, 250, 276, 286, 291, 294, 310, 315, 318, 322, 323, 331, 341, 343, 345, 347, 358, 359, 362, 367, 368, 374, 375, 378, 380, 389, 393, 398]
403: [2, 18, 23, 27, 30, 33, 37, 40, 41, 42, 48, 50, 51, 54, 61, 70, 71, 74, 76, 88, 89, 92, 100, 120, 124, 132, 133, 135, 137, 142, 143, 144, 158, 169, 171, 182, 185, 190, 191, 207, 214, 219, 226, 235, 237, 250, 251, 262, 265, 280, 286, 291, 292, 297, 323, 331, 346, 355, 362, 381, 384, 389]
404: [2, 5, 7, 11, 18, 20, 23, 33, 36, 37, 45, 51, 59, 60, 61, 67, 70, 71, 72, 74, 75, 81, 88, 93, 94, 106, 109, 110, 113, 114, 116, 118, 120, 122, 126, 127, 130, 132, 134, 135, 137, 139, 143, 146, 147, 157, 166, 169, 180, 183, 185, 198, 207, 214, 226, 242, 248, 249, 250, 265, 273, 280, 287, 291, 292, 297, 300, 303, 308, 316, 317, 321, 322, 326, 338, 346, 352, 353, 365, 374, 375, 381, 384, 389, 399, 403]
405: [27, 43, 57, 64, 78, 142, 148, 169, 189, 212, 225, 235, 321, 346, 376]
406: [140, 154, 165, 170, 172, 222, 240, 247]
407: [5, 9, 10, 12, 14, 23, 27, 43, 48, 50, 52, 73, 91, 98, 116, 123, 127, 164, 180, 196, 200, 214, 216, 219, 261, 287, 296, 303, 305, 316, 359, 368, 371]
408: [18, 31, 37, 38, 40, 45, 51, 53, 60, 61, 67, 71, 75, 76, 101, 109, 113, 116, 118, 121, 126, 129, 130, 132, 135, 139, 140, 141, 152, 162, 169, 185, 188, 194, 210, 236, 240, 245, 246, 255, 265, 269, 273, 278, 287, 292, 294, 297, 299, 301, 303, 307, 310, 314, 317, 322, 324, 330, 339, 349, 352, 356, 365, 366, 378, 381, 392, 399, 401, 404]
409: [3, 10, 12, 18, 27, 32, 35, 41, 42, 43, 57, 63, 72, 78, 86, 97, 98, 104, 108, 116, 121, 123, 127, 130, 133, 137, 138, 142, 143, 148, 149, 150, 168, 169, 170, 173, 174, 175, 176, 189, 200, 206, 211, 212, 216, 225, 235, 241, 250, 252, 253, 254, 261, 275, 277, 280, 287, 305, 319, 321, 323, 326, 327, 331, 332, 333, 335, 339, 341, 345, 364, 367, 368, 369, 371, 376, 378, 382, 390, 396, 405, 407]
410: [18, 26, 27, 30, 40, 42, 50, 51, 54, 71, 76, 119, 120, 124, 132, 133, 191, 219, 262, 286, 323, 331, 389, 403]
411: [2, 51, 53, 54, 59, 64, 65, 67, 70, 72, 74, 95, 109, 129, 131, 132, 163, 179, 198, 212, 218, 234, 244, 249, 250, 293, 295, 302, 310, 315, 327, 331, 341, 343, 347, 358, 380, 389, 391, 398, 402]
412: [21, 27, 92, 161, 176, 228, 253, 265, 269, 271, 278, 283, 285, 313, 345, 356, 371, 372]
413: [18, 27, 30, 40, 42, 50, 51, 53, 54, 59, 64, 67, 70, 71, 74, 76, 79, 95, 97, 104, 120, 124, 129, 131, 132, 133, 140, 154, 170, 191, 212, 219, 234, 244, 247, 250, 262, 286, 293, 295, 302, 310, 315, 323, 331, 341, 343, 347, 358, 380, 389, 398, 402, 403, 406, 410, 411]
414: [94, 103, 112, 221, 298, 330, 380, 398]
415: [47, 63, 97, 104, 108, 120, 127, 149, 154, 168, 181, 206, 231, 236, 241, 247, 261, 275, 281, 288, 326, 345, 367, 374, 388, 409]
416: [5, 18, 27, 32, 43, 57, 64, 78, 82, 84, 111, 118, 125, 142, 148, 169, 173, 189, 196, 212, 225, 227, 235, 250, 270, 311, 321, 338, 347, 350, 354, 376, 377, 405, 409]
417: [35, 74, 131, 201, 301, 315, 333, 358, 383]
418: [95, 113, 234, 277, 286, 377, 379, 402]
419: [2, 3, 7, 36, 42, 45, 72, 80, 88, 93, 106, 110, 113, 114, 133, 134, 135, 137, 141, 149, 175, 180, 181, 197, 211, 228, 248, 249, 271, 277, 301, 308, 309, 316, 317, 321, 323, 326, 332, 345, 353, 362, 364, 375, 393, 404]
420: [11, 13, 52, 79, 115, 131, 141, 163, 204, 205, 207, 304, 322, 343, 359, 361, 368, 386, 397, 398, 400]
421: [51, 53, 54, 59, 64, 67, 70, 74, 78, 119, 123, 131, 155, 156, 190, 212, 238, 239, 244, 250, 262, 272, 276, 280, 310, 315, 324, 341, 343, 347, 358, 360, 380, 398, 402, 411, 413]
422: [6, 13, 38, 40, 63, 88, 95, 98, 108, 113, 131, 138, 199, 240, 250, 256, 268, 279, 282, 311, 317, 327, 349, 356, 366, 384, 408]
423: [18, 60, 75, 94, 103, 112, 121, 126, 129, 141, 152, 162, 188, 194, 221, 236, 245, 255, 297, 303, 317, 339, 364, 365, 381, 389, 399, 408, 414]
424: [5, 11, 18, 27, 37, 59, 60, 70, 92, 94, 122, 126, 127, 146, 157, 158, 161, 166, 176, 183, 190, 198, 242, 265, 269, 278, 283, 285, 300, 313, 345, 356, 372, 383, 389, 404, 412]
425: [4, 5, 8, 10, 23, 27, 30, 43, 46, 52, 53, 66, 67, 88, 91, 116, 123, 134, 141, 149, 156, 161, 164, 196, 219, 244, 245, 261, 287, 289, 301, 303, 307, 322, 337, 359, 360, 380, 382, 396, 407]
426: [15, 18, 56, 58, 88, 110, 116, 150, 161, 200, 210, 253, 280, 287, 322, 323, 332, 333, 335, 339, 345, 367, 368, 369, 374, 396, 402, 409, 417]
427: [22, 101, 128, 149, 168, 185, 193, 195, 233, 268, 293, 331, 338, 342, 354, 386, 390, 394]
428: [5, 11, 18, 37, 44, 59, 60, 70, 94, 119, 122, 126, 127, 144, 146, 157, 166, 183, 198, 237, 242, 265, 300, 362, 389, 404, 424]
429: [15, 18, 20, 27, 31, 34, 42, 56, 58, 60, 78, 80, 88, 92, 101, 110, 112, 113, 115, 133, 135, 141, 149, 150, 161, 175, 176, 181, 194, 197, 211, 223, 224, 241, 257, 265, 269, 271, 277, 278, 280, 283, 285, 292, 297, 301, 309, 311, 313, 314, 320, 322, 323, 332, 345, 346, 353, 356, 362, 364, 367, 368, 372, 374, 377, 393, 400, 402, 412, 419, 420, 424, 426]
430: [25, 57, 73, 94, 103, 109, 112, 164, 221, 246, 271, 289, 316, 389, 414, 423]
431: [5, 11, 15, 18, 37, 40, 59, 60, 70, 94, 97, 122, 126, 127, 140, 146, 157, 166, 183, 198, 242, 265, 300, 389, 404, 424, 428]
432: [14, 17, 18, 20, 34, 51, 52, 53, 54, 59, 60, 64, 67, 70, 74, 75, 81, 84, 87, 91, 114, 116, 119, 121, 126, 129, 131, 141, 150, 152, 161, 162, 163, 172, 188, 194, 203, 204, 205, 208, 212, 236, 244, 245, 246, 250, 255, 297, 299, 301, 303, 310, 315, 316, 317, 325, 335, 339, 340, 341, 343, 347, 348, 358, 365, 368, 373, 380, 381, 398, 399, 402, 408, 411, 413, 421, 423]
433: [6, 18, 31, 34, 60, 62, 67, 69, 78, 88, 89, 101, 112, 115, 119, 123, 155, 156, 160, 190, 194, 212, 223, 224, 226, 238, 239, 240, 241, 246, 249, 257, 272, 276, 280, 292, 297, 305, 311, 314, 324, 328, 332, 346, 360, 373, 377, 392, 397, 400, 417, 421, 429]
434: [15, 18, 21, 27, 30, 36, 40, 42, 43, 50, 54, 56, 58, 60, 62, 71, 75, 76, 82, 88, 100, 102, 110, 120, 121, 124, 125, 126, 129, 132, 133, 141, 150, 152, 155, 161, 162, 163, 175, 188, 191, 194, 207, 219, 236, 239, 245, 253, 255, 262, 266, 268, 270, 286, 297, 303, 311, 317, 322, 323, 331, 339, 345, 348, 365, 367, 368, 374, 377, 381, 389, 399, 402, 403, 408, 410, 413, 416, 423, 426, 429, 432]
435: [1, 26, 78, 94, 158, 253, 267, 271, 287, 344, 367, 376, 401, 426]
436: [170, 195, 202, 227, 252, 327, 395]
437: [1, 21, 53, 78, 89, 94, 103, 128, 146, 148, 178, 219, 246, 271, 280, 323, 339, 355, 367, 371, 382, 435]
438: [4, 5, 11, 18, 37, 59, 60, 70, 94, 122, 126, 127, 146, 157, 166, 183, 198, 242, 265, 300, 322, 354, 389, 404, 424, 428, 431]
439: [3, 12, 25, 32, 35, 41, 42, 52, 72, 73, 86, 109, 115, 131, 133, 138, 141, 143, 163, 170, 173, 174, 176, 200, 204, 205, 207, 254, 255, 305, 327, 331, 341, 355, 359, 368, 371, 382, 386, 390, 397, 398, 400, 409, 420]
440: [2, 4, 7, 8, 24, 30, 36, 42, 45, 46, 49, 52, 53, 56, 63, 67, 72, 80, 81, 88, 91, 93, 97, 104, 106, 110, 113, 114, 120, 123, 133, 134, 135, 137, 141, 147, 149, 156, 158, 161, 164, 175, 180, 181, 197, 211, 244, 245, 248, 249, 271, 274, 277, 301, 308, 309, 316, 317, 321, 322, 323, 326, 332, 337, 338, 345, 353, 360, 362, 364, 374, 375, 382, 393, 404, 419, 425, 429]
441: [7, 12, 14, 23, 34, 214, 305, 325, 350, 368, 371, 398, 407, 432]
442: [18, 76, 116, 200, 201, 253, 258, 280, 287, 308, 323, 332, 333, 335, 339, 369, 396, 409, 426]
443: [4, 8, 17, 20, 22, 23, 30, 36, 46, 52, 53, 67, 81, 84, 87, 88, 91, 114, 119, 123, 134, 149, 150, 154, 156, 161, 163, 164, 170, 172, 184, 203, 204, 205, 207, 208, 231, 239, 244, 245, 246, 250, 271, 299, 301, 316, 322, 335, 337, 340, 360, 373, 382, 388, 391, 425, 432, 440]
444: [3, 10, 12, 32, 35, 41, 42, 72, 86, 103, 133, 138, 143, 170, 173, 174, 176, 200, 254, 305, 327, 331, 360, 371, 390, 409, 410, 435, 439]
445: [5, 10, 18, 23, 27, 30, 31, 34, 43, 44, 60, 62, 78, 79, 88, 101, 112, 115, 116, 121, 164, 177, 194, 196, 199, 210, 211, 216, 219, 223, 224, 228, 233, 236, 241, 242, 247, 257, 261, 280, 281, 284, 286, 287, 290, 292, 297, 298, 300, 303, 304, 311, 314, 332, 346, 351, 359, 363, 377, 389, 393, 400, 407, 425, 429, 433]
446: [1, 8, 30, 41, 55, 56, 62, 115, 119, 124, 129, 137, 144, 151, 155, 167, 178, 183, 187, 188, 207, 220, 239, 255, 259, 285, 297, 303, 310, 325, 342, 348, 349]
447: [18, 27, 30, 40, 42, 50, 54, 71, 76, 95, 106, 120, 124, 131, 132, 133, 191, 219, 231, 262, 286, 323, 331, 389, 402, 403, 410, 413, 434]
448: [37, 67, 140, 141, 182, 207, 210, 246, 269, 289, 307, 314, 324, 330, 356, 364, 366, 378, 380, 396, 401, 408, 425]
449: [41, 48, 58, 89, 97, 100, 115, 140, 142, 144, 154, 158, 165, 170, 171, 182, 190, 192, 235, 247, 251, 283, 331, 351, 355, 362, 383, 403, 406, 413]
450: [2, 16, 41, 65, 66, 72, 95, 109, 132, 163, 179, 198, 218, 249, 331, 334, 389, 391, 411, 416, 441]