[METADATA]
File: le450_15d.col
Description: SOURCE: Craig Morgenstern (morgenst@riogrande.cs.tcu.edu)  DESCRIPTION: This is a Leighton graph as described in F.T. Leighton. Journal of Research of the National Bureau of Standards, vol. 84, no. 6,  Nov-Dec 1979, pp 489-505.   Leighton graph data structure     : sparse graph gen seed     : 160056 number of vertices : 450 max number of edges: 50000 number of classes  : 15 a c m              : 8401 6859 252105 clique vector      :     clique sz     num cliques ---------     ----------- 2          3118 5           252 10           157 15            94 Leighton's proof : 15 coloring  Graph Stats number of vertices  : 450 nonisolated vertices: 450 number of edges     : 16750 edge density        : 0.165801 max degree          : 138 avg degree          : 74.44 min degree          : 18

[GCP_DATA_INFO]
Type: GCP, Graph Coloring Problem
Node: 450
Edge: 16750

[ADJACENCY_List]
3: [1, 2]
6: [3]
7: [5]
8: [3]
9: [2, 3]
10: [3, 7]
13: [1, 2, 3, 6]
14: [6]
16: [5, 7, 8]
17: [10]
18: [1, 9, 10]
19: [5, 8, 16]
20: [3, 6, 13]
21: [3, 16]
22: [3, 6, 8, 9, 10, 21]
24: [1, 3, 11, 16, 21]
25: [3, 6, 8, 14, 18, 20, 22]
26: [1, 5, 7, 12, 16, 17, 19]
27: [17, 26]
28: [4, 5, 9, 15, 17]
29: [6, 7, 12, 22]
30: [17, 24, 28]
31: [6, 11, 13, 20, 25]
32: [5, 8, 14, 16]
33: [5, 9, 15, 21, 28, 32]
34: [15, 23]
35: [3, 12, 26]
36: [11, 14, 18]
37: [10, 18, 20, 25, 26, 29, 31]
38: [5, 7, 16, 26, 29]
39: [7, 10, 15, 17, 29, 33, 38]
40: [1, 3, 6, 16, 19, 21, 24, 29, 38]
41: [5, 8, 12, 16, 29, 33, 37]
42: [15, 34, 37]
43: [5, 9, 14, 16, 21, 24, 32, 33, 34, 40]
44: [1, 2, 3, 4, 6, 9, 24, 40]
46: [9, 27, 28, 35]
47: [4, 6, 7, 14, 25, 34, 35, 43]
48: [1, 2, 11, 15, 16, 19, 24, 26, 36]
49: [1, 15, 24, 30, 31, 38, 39, 40]
50: [4, 9, 28, 30, 33, 44, 46]
51: [2, 3, 7, 9, 15, 33, 34, 39, 43, 44, 45]
52: [5, 15, 23, 29, 34, 38, 39, 41, 42]
53: [5, 6, 12, 14, 15, 25, 45, 49, 51]
54: [5, 6, 16, 19, 48, 53]
55: [5, 7, 16, 21, 26, 33, 36, 38]
56: [3, 5, 8, 15, 22, 25, 28, 33, 34, 35, 38, 40, 42, 49, 52]
57: [17, 24, 30, 49]
58: [4, 5, 7, 20, 24, 30, 47]
59: [6, 7, 18, 30, 50, 54, 55]
60: [5, 16, 23, 32, 38, 40, 44, 52]
61: [6, 8, 14, 27, 32, 43, 50, 52, 54]
62: [1, 9, 15, 18, 20, 21, 31, 36, 49, 56, 57, 58, 61]
63: [23, 24, 26, 34, 38, 40, 49, 54, 56]
64: [10, 22, 26, 29, 30, 35, 37, 47, 57, 58]
65: [12, 17, 19, 24, 28, 30, 32, 36, 41, 48, 61]
66: [1, 2, 3, 5, 12, 22, 27, 29, 33, 37, 41, 63]
67: [12, 29, 33, 34, 39, 43, 51, 56, 66]
68: [15, 18, 27, 29, 30, 41, 48, 59, 64, 66]
69: [5, 6, 7, 16, 25, 26, 31, 32, 38, 41, 49, 55, 56, 62]
70: [7, 11, 15, 19, 31, 36, 48, 56, 59, 65]
71: [4, 7, 10, 14, 17, 23, 30, 34, 36, 39, 44, 45, 49, 50, 57, 58, 64, 67]
72: [1, 3, 4, 5, 8, 11, 13, 14, 32, 44, 50, 60, 69, 71]
73: [7, 10, 11, 15, 18, 26, 36, 37, 39, 49, 59, 70, 71]
74: [7, 16, 19, 21, 33, 37, 41, 43, 48, 54, 65, 66, 70]
75: [4, 11, 18, 24, 36, 59, 62, 68, 70, 73]
76: [4, 28, 37, 42, 62, 69]
77: [1, 4, 5, 10, 11, 18, 36, 37, 70, 71, 72, 73, 75, 76]
78: [7, 9, 14, 16, 17, 19, 20, 31, 32, 40, 41, 43, 49, 51, 56, 60, 61, 62, 64, 68, 69, 72]
79: [3, 12, 13, 20, 29, 41, 45, 54, 78]
80: [13, 18, 23, 25, 26, 39, 51, 54, 64, 73, 76]
81: [5, 9, 10, 11, 16, 17, 18, 24, 41, 48, 52, 61, 69]
82: [4, 6, 12, 15, 25, 36, 41, 44, 47, 48, 65, 68]
83: [1, 20, 25, 26, 31, 37, 48, 57, 62, 79]
84: [1, 3, 13, 20, 62, 66, 76, 78, 79]
85: [1, 15, 18, 39, 45, 48, 49, 51, 53, 62, 65, 68, 71, 80, 82]
86: [4, 10, 27, 39, 60, 61, 64, 82]
87: [14, 16, 23, 26, 29, 33, 36, 39, 54, 56, 67, 69, 71, 79, 80, 86]
88: [4, 15, 37, 41, 44, 48, 50, 53, 54, 63, 65, 66, 71, 72, 74]
89: [11, 34, 39, 43, 48, 49, 51, 52, 63, 66, 67, 71, 75, 80, 85]
90: [5, 7, 10, 14, 16, 19, 26, 38, 55, 69, 74, 87]
91: [17, 18, 26, 41, 57, 59, 68, 75, 78, 88]
92: [1, 5, 16, 20, 25, 31, 33, 35, 37, 41, 45, 46, 51, 53, 66, 83, 84, 85, 88]
93: [6, 13, 15, 16, 22, 29, 32, 39, 43, 49, 51, 64, 68, 73]
94: [1, 6, 10, 12, 13, 18, 41, 52, 60, 61, 63, 65, 71, 72, 81, 82, 86]
95: [1, 6, 32, 33, 60, 69, 86, 91, 94]
96: [5, 16, 20, 25, 32, 33, 38, 40, 48, 49, 56, 60, 63, 69, 71, 74, 78, 79, 84, 94]
97: [6, 20, 24, 40, 54, 61, 63, 74, 80]
98: [1, 4, 6, 13, 32, 44, 50, 52, 61, 71, 72, 75, 76, 77, 81, 88, 94]
99: [1, 4, 7, 8, 14, 18, 28, 29, 35, 43, 62, 72, 76, 78, 85, 89]
100: [3, 5, 22, 41, 52, 64, 66, 68, 78]
101: [2, 4, 5, 7, 8, 12, 16, 24, 32, 48, 60, 61, 75, 79, 96, 97, 98]
102: [26, 31, 34, 38, 41, 49, 56, 74, 89]
103: [1, 2, 26, 35, 40, 63, 64, 69, 76, 80, 87, 90, 97]
104: [6, 7, 9, 10, 23, 24, 41, 51, 52, 60, 61, 62, 64, 65, 68, 75, 78, 100]
105: [5, 16, 17, 20, 34, 37, 41, 42, 47, 48, 50, 54, 57, 58, 62, 69, 74, 76, 78, 81, 87, 88, 89, 92, 100, 102, 104]
106: [5, 6, 10, 14, 24, 25, 28, 32, 33, 39, 43, 47, 53, 54, 56, 63, 67, 68, 69, 72, 82, 90, 97]
107: [3, 5, 12, 13, 16, 19, 20, 26, 35, 39, 50, 57, 63, 69, 79, 80, 81, 84, 91, 103]
108: [4, 26, 36, 37, 42, 44, 50, 51, 52, 64, 65, 70, 71, 72, 73, 76, 85, 88, 98, 105]
109: [5, 7, 8, 10, 11, 14, 27, 28, 39, 41, 48, 52, 56, 57, 62, 66, 71, 73, 75, 87, 88, 91, 92, 96, 99, 100, 104, 106, 107]
110: [1, 14, 16, 19, 40, 84, 90, 93, 103, 106]
111: [5, 7, 14, 16, 19, 20, 26, 33, 38, 40, 47, 52, 55, 69, 73, 78, 79, 89, 90, 108, 109]
112: [11, 12, 14, 26, 32, 35, 43, 44, 60, 61, 72, 78, 107]
113: [2, 4, 5, 7, 10, 15, 18, 19, 25, 39, 40, 48, 52, 56, 62, 70, 71, 73, 78, 80, 82, 86, 87, 100, 101, 109, 111]
114: [12, 26, 35, 43, 50, 58, 105, 107, 112]
115: [5, 14, 16, 41, 54, 63, 69, 72, 78, 81, 88, 90, 99, 105, 106, 110]
116: [1, 13, 22, 50, 52, 66, 72, 84, 90, 92, 94, 98, 107]
117: [4, 6, 11, 15, 19, 20, 24, 26, 46, 47, 48, 53, 58, 61, 66, 79, 81, 88, 90, 92, 104, 109, 111]
118: [1, 3, 6, 17, 18, 20, 26, 35, 48, 56, 59, 61, 65, 68, 75, 78, 79, 83, 84, 85, 91, 96, 104, 108, 117]
119: [1, 7, 10, 15, 20, 39, 47, 49, 54, 61, 66, 73, 79, 84, 92, 93, 97, 100, 111, 116, 117]
120: [8, 16, 17, 27, 31, 32, 38, 40, 49, 56, 57, 62, 63, 64, 69, 78, 83, 96, 102, 118]
121: [14, 20, 24, 36, 39, 64, 67, 68, 71, 78, 79, 84, 87, 88, 96, 118]
122: [4, 13, 15, 20, 24, 28, 30, 33, 50, 59, 71, 76, 78, 79, 84, 95, 96, 99, 103, 118, 121]
123: [5, 6, 16, 32, 40, 44, 51, 52, 60, 70, 96, 100, 101, 109, 113]
124: [5, 10, 22, 23, 33, 41, 62, 66, 75, 80, 87, 90, 92, 106]
125: [8, 10, 16, 17, 26, 31, 32, 37, 47, 60, 73, 74, 78, 88, 90, 99, 103, 106, 109, 120, 121, 124]
126: [7, 9, 11, 19, 31, 43, 47, 48, 62, 63, 65, 70, 74, 78, 89, 99, 104, 112, 119]
127: [3, 5, 6, 16, 20, 26, 27, 29, 30, 31, 38, 39, 40, 41, 44, 49, 50, 59, 60, 62, 64, 66, 68, 69, 78, 79, 81, 84, 93, 96, 100, 104, 105, 115, 118, 120, 121, 122]
128: [5, 10, 11, 14, 16, 17, 19, 22, 26, 34, 41, 48, 54, 65, 70, 74, 75, 89, 90, 91, 102, 105, 106, 107, 109, 110, 111, 117, 124, 125, 126]
129: [10, 14, 18, 30, 32, 36, 37, 50, 51, 59, 64, 68, 71, 72, 73, 77, 78, 85, 87, 98, 108, 121, 122, 127]
130: [6, 9, 18, 20, 28, 29, 33, 38, 39, 41, 44, 50, 52, 54, 56, 63, 67, 79, 81, 87, 93, 97, 127]
131: [8, 9, 16, 17, 20, 24, 27, 32, 34, 44, 48, 50, 54, 57, 62, 64, 65, 66, 68, 74, 87, 89, 94, 98, 102, 104, 105, 112, 118, 120, 123, 125, 127, 128]
132: [4, 21, 28, 30, 33, 35, 40, 43, 44, 45, 47, 49, 51, 53, 60, 64, 65, 68, 71, 74, 76, 85, 89, 92, 94, 96, 99, 116, 118, 122, 123, 126, 131]
133: [3, 5, 8, 12, 16, 19, 26, 27, 32, 41, 44, 47, 60, 61, 65, 72, 82, 84, 86, 90, 94, 96, 101, 117, 120, 123, 125, 131]
134: [3, 6, 8, 22, 25, 47, 56, 82, 106, 108, 115]
135: [3, 8, 10, 13, 20, 22, 25, 29, 38, 39, 52, 54, 56, 57, 73, 78, 79, 84, 87, 88, 96, 107, 108, 111, 117, 118, 119, 121, 122, 127, 130, 134]
136: [3, 4, 9, 12, 17, 26, 28, 29, 33, 35, 38, 39, 41, 50, 52, 56, 71, 75, 87, 94, 98, 101, 102, 107, 109, 112, 114, 118, 128, 130, 131, 135]
137: [6, 9, 28, 33, 50, 61, 65, 104, 111, 117, 118, 126, 130, 131, 132, 136]
138: [2, 4, 5, 10, 28, 56, 59, 66, 82, 86, 90, 106, 109, 113, 124, 125, 128]
139: [5, 7, 14, 16, 17, 26, 38, 51, 53, 55, 57, 69, 87, 90, 102, 103, 105, 106, 110, 111, 115, 125, 131, 132]
140: [6, 7, 8, 9, 13, 18, 19, 22, 26, 31, 47, 51, 52, 58, 66, 81, 85, 88, 90, 92, 94, 108, 109, 114, 116, 117, 119, 126, 129, 130, 133]
141: [1, 18, 23, 34, 37, 41, 42, 57, 62, 63, 65, 68, 76, 78, 83, 85, 91, 99, 105, 108, 118, 131]
142: [1, 3, 13, 14, 16, 19, 20, 21, 24, 35, 40, 41, 43, 44, 47, 51, 56, 59, 65, 74, 79, 84, 90, 93, 104, 107, 118, 131, 134, 135, 136]
143: [12, 21, 26, 33, 34, 35, 43, 65, 74, 81, 107, 112, 114, 117, 118, 124, 131, 132, 136, 137]
144: [2, 10, 15, 17, 32, 36, 40, 48, 53, 65, 66, 67, 71, 77, 81, 88, 97, 101, 108, 113, 121, 135, 138]
145: [1, 3, 5, 6, 24, 44, 52, 54, 59, 69, 72, 77, 80, 82, 96, 97, 103, 106, 108, 109, 142]
146: [5, 15, 29, 33, 39, 49, 51, 52, 54, 62, 68, 73, 79, 87, 93, 94, 100, 109, 113, 119, 120, 123, 124, 127, 130, 135]
147: [5, 9, 15, 18, 19, 24, 28, 30, 33, 34, 39, 41, 48, 49, 59, 64, 66, 67, 68, 71, 73, 74, 75, 78, 81, 82, 85, 88, 89, 90, 91, 92, 93, 101, 105, 108, 118, 119, 122, 124, 130, 135, 137, 140, 141, 142, 144, 146]
148: [1, 4, 9, 14, 15, 18, 47, 52, 56, 62, 70, 75, 78, 81, 85, 98, 99, 101, 104, 125, 126, 130, 136, 140, 141, 142, 147]
149: [9, 18, 36, 40, 73, 77, 81, 112, 123, 126, 130, 138, 140, 142, 147, 148]
150: [42, 47, 63, 71, 83, 94, 96, 125, 132, 143]
151: [3, 6, 7, 12, 22, 23, 29, 32, 36, 41, 43, 50, 52, 58, 60, 65, 68, 82, 88, 93, 94, 102, 104, 108, 127, 133, 144, 146]
152: [16, 21, 24, 33, 40, 41, 43, 61, 68, 69, 71, 74, 78, 89, 91, 99, 126, 127, 132, 133, 141, 142, 143, 147, 150]
153: [6, 13, 20, 21, 25, 40, 41, 55, 74, 84, 88, 92, 96, 97, 105, 130, 144, 147]
154: [2, 5, 14, 15, 16, 17, 20, 36, 37, 39, 41, 42, 48, 50, 53, 56, 57, 58, 62, 66, 68, 69, 70, 71, 76, 81, 82, 85, 87, 88, 105, 108, 114, 115, 121, 127, 129, 131, 136, 138, 141, 144, 147, 148]
155: [2, 4, 6, 15, 24, 28, 29, 41, 46, 48, 53, 66, 71, 75, 77, 88, 93, 98, 101, 109, 113, 127, 128, 130, 136, 138, 144, 148, 154]
156: [1, 12, 15, 19, 20, 26, 41, 44, 49, 53, 60, 65, 72, 74, 77, 82, 88, 90, 94, 100, 104, 112, 115, 117, 131, 133, 138, 140, 142, 144, 149, 151, 154, 155]
157: [1, 6, 10, 14, 18, 21, 25, 29, 36, 40, 45, 49, 51, 53, 54, 57, 62, 65, 70, 71, 73, 77, 83, 85, 88, 89, 92, 94, 103, 108, 110, 118, 129, 132, 135, 140, 141, 144, 147, 149]
158: [1, 15, 26, 27, 31, 39, 40, 42, 44, 49, 60, 62, 69, 73, 75, 78, 88, 93, 108, 119, 120, 123, 127, 132, 135, 139, 144, 146, 147, 150, 156, 157]
159: [6, 15, 18, 21, 25, 29, 38, 56, 59, 61, 62, 68, 74, 75, 80, 91, 93, 97, 102, 103, 104, 113, 117, 118, 127, 137, 139, 145, 146, 147, 151]
160: [5, 15, 16, 21, 28, 33, 41, 43, 48, 56, 62, 74, 92, 102, 106, 109, 132, 138, 143, 146, 152, 159]
161: [2, 9, 22, 27, 30, 34, 42, 45, 50, 51, 52, 53, 59, 63, 64, 66, 68, 94, 109, 122, 127, 129, 132, 135, 138, 139, 140, 142, 144, 147, 150, 154, 155, 158]
162: [1, 3, 5, 10, 18, 22, 25, 26, 28, 44, 45, 48, 56, 69, 83, 94, 96, 106, 109, 118, 120, 123, 131, 135, 138, 157, 160]
163: [1, 3, 4, 11, 16, 20, 23, 24, 26, 37, 42, 44, 46, 48, 63, 75, 76, 77, 79, 80, 81, 87, 93, 97, 98, 101, 105, 106, 108, 110, 111, 114, 117, 119, 124, 135, 141, 142, 145, 147, 154, 158]
164: [5, 7, 16, 21, 26, 33, 38, 48, 52, 54, 55, 65, 69, 90, 94, 95, 111, 116, 118, 122, 131, 132, 137, 138, 139, 140, 141, 143, 145, 153, 156, 157]
165: [4, 8, 14, 27, 28, 68, 76, 77, 82, 86, 98, 99, 109, 111, 113, 122, 125, 128, 132, 138, 163]
166: [4, 8, 13, 18, 25, 27, 39, 41, 43, 47, 51, 58, 71, 80, 85, 89, 113, 114, 117, 150, 152, 159]
167: [30, 36, 51, 58, 64, 71, 148, 156]
168: [4, 12, 26, 35, 76, 77, 89, 98, 107, 112, 114, 136, 143, 163, 165]
169: [1, 26, 29, 30, 39, 48, 50, 57, 59, 62, 66, 83, 84, 86, 87, 92, 116, 118, 119, 120, 122, 127, 129, 132, 141, 157, 161, 162]
170: [6, 7, 15, 21, 23, 29, 30, 32, 43, 52, 54, 56, 58, 60, 61, 62, 64, 68, 70, 71, 74, 81, 93, 94, 97, 98, 104, 105, 113, 117, 118, 119, 127, 131, 137, 141, 146, 148, 151, 154, 157, 159, 160, 164, 167]
171: [2, 3, 7, 10, 16, 22, 26, 27, 33, 39, 48, 56, 67, 71, 73, 74, 87, 93, 97, 109, 110, 112, 113, 127, 130, 135, 153, 162, 163, 168]
172: [5, 14, 29, 30, 36, 40, 44, 60, 69, 71, 72, 86, 87, 106, 122, 123, 132, 145, 158, 169]
173: [5, 15, 16, 22, 29, 37, 41, 42, 56, 57, 64, 69, 70, 71, 76, 81, 93, 103, 105, 108, 115, 127, 141, 148, 154, 163, 170]
174: [5, 13, 16, 27, 32, 60, 61, 77, 86, 94, 95, 96, 101, 123, 130, 133, 149, 167]
175: [7, 36, 39, 43, 48, 58, 63, 73, 89, 99, 102, 126, 132, 135, 146, 151, 152, 170]
176: [4, 19, 21, 28, 33, 40, 43, 45, 48, 49, 53, 57, 60, 62, 64, 65, 67, 70, 74, 76, 78, 83, 99, 111, 113, 122, 126, 128, 132, 141, 143, 152, 157, 160, 165, 169]
177: [4, 6, 8, 15, 16, 17, 20, 26, 28, 32, 34, 37, 39, 40, 43, 44, 51, 60, 62, 64, 67, 71, 75, 78, 79, 84, 94, 96, 98, 101, 105, 108, 118, 120, 121, 122, 123, 125, 127, 131, 133, 135, 136, 141, 146, 148, 154, 155, 160, 170, 176]
178: [6, 10, 18, 20, 39, 45, 51, 53, 80, 85, 89, 92, 94, 97, 121, 127, 129, 130, 132, 136, 153, 157, 162, 166]
179: [4, 11, 15, 21, 24, 48, 62, 64, 68, 70, 76, 77, 81, 98, 112, 117, 132, 144, 147, 154, 160, 163, 165, 168, 171, 176]
180: [3, 5, 11, 19, 23, 44, 53, 54, 69, 72, 80, 87, 101, 106, 110, 124, 132, 133, 139, 145, 163, 172]
181: [6, 19, 32, 43, 54, 63, 69, 84, 88, 89, 95, 99, 115, 126, 128, 132, 152, 175]
182: [3, 7, 8, 10, 15, 16, 22, 25, 39, 46, 49, 51, 56, 60, 66, 68, 71, 73, 86, 93, 94, 95, 99, 106, 109, 110, 113, 119, 134, 135, 146, 147, 158, 163, 171, 174, 181]
183: [9, 14, 22, 24, 26, 27, 39, 40, 47, 62, 65, 75, 94, 98, 100, 104, 109, 111, 121, 124, 127, 128, 131, 136, 140, 142, 148, 156, 161, 165, 171, 177, 178]
184: [9, 18, 25, 26, 39, 45, 50, 52, 73, 74, 80, 102, 113, 116, 117, 131, 135, 146, 156, 159, 161, 162, 166, 175, 176]
185: [4, 12, 19, 26, 29, 43, 47, 53, 54, 58, 62, 66, 67, 69, 73, 75, 76, 77, 87, 90, 98, 103, 104, 109, 117, 139, 154, 163, 165, 166, 168, 174, 179, 180, 182, 183]
186: [1, 3, 5, 17, 24, 29, 39, 40, 41, 44, 69, 71, 72, 74, 79, 106, 130, 136, 142, 145, 153, 154, 163, 172, 177, 180]
187: [1, 10, 19, 26, 45, 48, 51, 83, 90, 96, 101, 106, 116, 117, 118, 123, 124, 125, 128, 133, 138, 140, 156, 160, 162, 164, 169, 179]
188: [3, 5, 6, 11, 15, 20, 28, 40, 44, 45, 47, 51, 57, 60, 62, 64, 69, 71, 72, 78, 79, 84, 96, 105, 106, 112, 118, 121, 122, 123, 125, 127, 131, 133, 135, 136, 141, 145, 146, 150, 152, 155, 156, 160, 166, 169, 170, 172, 176, 177, 180, 186, 187]
189: [1, 2, 3, 6, 20, 22, 28, 30, 43, 46, 71, 77, 122, 133, 148, 151, 166, 172, 181, 182, 185]
190: [7, 17, 23, 24, 27, 28, 30, 33, 34, 36, 47, 51, 52, 53, 57, 60, 62, 63, 65, 67, 78, 83, 104, 108, 119, 120, 121, 126, 131, 132, 139, 140, 141, 142, 144, 151, 157, 161, 169, 170, 176, 183]
191: [18, 25, 53, 64, 67, 73, 75, 79, 80, 82, 92, 108, 111, 113, 139, 144, 147, 157, 159, 166, 177, 179, 180, 184]
192: [3, 4, 7, 10, 19, 23, 26, 31, 34, 35, 40, 52, 56, 58, 60, 63, 64, 71, 78, 80, 94, 98, 104, 111, 113, 118, 120, 131, 136, 141, 142, 151, 170, 175, 176, 188, 190]
193: [2, 5, 6, 14, 39, 48, 50, 51, 53, 54, 59, 66, 79, 85, 87, 90, 101, 106, 107, 108, 110, 113, 115, 116, 129, 130, 135, 138, 139, 140, 144, 145, 146, 147, 154, 155, 157, 161, 179, 191]
194: [9, 15, 17, 19, 20, 26, 39, 41, 50, 56, 64, 68, 70, 78, 79, 82, 84, 85, 86, 90, 91, 96, 117, 118, 121, 122, 125, 127, 129, 131, 133, 135, 140, 141, 146, 147, 148, 152, 154, 156, 157, 160, 170, 173, 175, 177, 178, 183, 184, 187, 188]
195: [2, 11, 12, 16, 23, 26, 29, 34, 43, 48, 49, 51, 53, 57, 63, 66, 67, 81, 92, 101, 110, 113, 117, 128, 141, 144, 154, 155, 177, 185, 190, 191, 192, 193]
196: [5, 15, 21, 24, 28, 33, 40, 41, 42, 43, 52, 57, 66, 74, 75, 88, 92, 97, 100, 101, 105, 109, 113, 122, 123, 124, 132, 143, 144, 146, 147, 152, 153, 160, 163, 176, 179, 191, 193]
197: [5, 9, 11, 16, 22, 23, 24, 26, 38, 41, 48, 65, 69, 73, 80, 81, 87, 88, 102, 104, 105, 115, 117, 124, 127, 131, 139, 140, 142, 144, 154, 158, 159, 161, 163, 173, 179, 180, 183, 186, 190]
198: [6, 14, 15, 16, 23, 25, 29, 34, 37, 42, 52, 53, 56, 60, 66, 92, 104, 130, 145, 148, 151, 157, 160, 170, 190, 192, 194]
199: [3, 8, 11, 22, 24, 25, 40, 41, 44, 45, 48, 56, 57, 60, 61, 81, 101, 113, 116, 117, 128, 132, 134, 135, 150, 162, 163, 166, 179, 182, 186, 197]
200: [1, 8, 18, 30, 36, 41, 59, 62, 66, 71, 73, 76, 77, 84, 91, 92, 108, 111, 116, 119, 122, 149, 157, 166, 169, 172, 181, 182, 189, 191, 199]
201: [8, 15, 40, 55, 74, 99, 107, 109, 125, 127, 146, 160, 165, 177, 183, 188, 194]
202: [9, 10, 16, 21, 26, 36, 48, 50, 63, 64, 66, 81, 88, 89, 103, 107, 109, 116, 120, 130, 131, 149, 153, 160, 174, 175, 184, 192, 194, 195]
203: [1, 3, 10, 13, 15, 20, 29, 30, 35, 39, 41, 51, 54, 56, 66, 71, 77, 79, 84, 86, 87, 92, 94, 107, 116, 118, 119, 130, 131, 135, 136, 142, 144, 146, 155, 156, 161, 169, 186, 191, 192, 193, 200]
204: [14, 16, 20, 26, 32, 34, 35, 37, 42, 43, 46, 51, 58, 61, 62, 67, 76, 78, 79, 81, 92, 93, 105, 107, 108, 110, 111, 112, 117, 119, 135, 141, 143, 151, 154, 158, 163, 171, 173, 177, 182, 195, 197, 200]
205: [1, 13, 14, 47, 51, 54, 61, 66, 84, 92, 97, 116, 119, 134, 142, 148, 153, 169, 170, 183, 200, 203]
206: [5, 8, 16, 29, 34, 38, 43, 51, 53, 54, 64, 67, 68, 78, 79, 81, 82, 83, 90, 106, 121, 124, 129, 143, 147, 169, 172, 177, 193, 194, 195, 202, 204]
207: [4, 15, 18, 23, 25, 30, 38, 54, 56, 61, 80, 82, 86, 97, 113, 119, 138, 159, 161, 165, 166, 169, 170, 184, 191, 203, 205]
208: [10, 17, 19, 26, 27, 36, 54, 61, 65, 81, 97, 102, 108, 119, 120, 122, 128, 137, 144, 147, 151, 159, 166, 170, 181, 184, 190, 205, 207]
209: [10, 16, 32, 51, 81, 82, 85, 93, 107, 110, 143, 163, 171, 181, 182, 195, 202, 204, 206]
210: [1, 8, 12, 17, 26, 27, 29, 35, 37, 41, 47, 48, 49, 51, 52, 64, 66, 68, 73, 78, 80, 83, 84, 91, 92, 103, 107, 108, 112, 114, 116, 118, 119, 121, 127, 128, 129, 131, 132, 136, 143, 147, 162, 168, 169, 171, 172, 173, 177, 183, 185, 187, 192, 194, 200, 203, 205, 206]
211: [6, 9, 15, 18, 20, 22, 24, 30, 39, 49, 52, 54, 57, 58, 59, 62, 69, 72, 73, 81, 83, 93, 94, 97, 99, 103, 107, 114, 116, 119, 125, 130, 140, 141, 145, 146, 147, 148, 149, 153, 157, 158, 164, 167, 169, 174, 176, 178, 182, 190, 193]
212: [5, 26, 29, 37, 41, 52, 64, 68, 74, 80, 84, 88, 91, 93, 96, 100, 109, 113, 123, 125, 127, 128, 136, 140, 146, 151, 155, 159, 170, 181, 192, 196, 200, 201, 210, 211]
213: [11, 12, 17, 29, 31, 32, 34, 38, 39, 43, 51, 52, 62, 66, 67, 70, 71, 81, 87, 96, 105, 107, 109, 119, 126, 130, 131, 135, 136, 141, 143, 154, 169, 170, 172, 177, 181, 185, 186, 188, 195, 204, 206, 209, 210]
214: [16, 23, 52, 60, 78, 81, 104, 107, 125, 128, 131, 143, 147, 150, 151, 170, 177, 190, 192, 198, 204, 209, 213]
215: [1, 7, 17, 18, 26, 29, 34, 43, 48, 51, 62, 67, 73, 83, 85, 88, 89, 91, 99, 102, 118, 126, 128, 132, 141, 148, 152, 162, 169, 175, 177, 181, 184, 187, 195, 197, 204, 206, 208, 210, 213]
216: [3, 7, 14, 16, 29, 30, 32, 39, 43, 52, 58, 59, 61, 64, 68, 70, 71, 73, 78, 93, 112, 120, 122, 125, 127, 131, 134, 135, 138, 142, 146, 148, 151, 157, 159, 170, 172, 175, 184, 189, 192, 198, 200, 202, 204, 212]
217: [2, 8, 13, 14, 15, 26, 63, 84, 85, 90, 99, 106, 109, 110, 115, 125, 139, 146, 153, 160, 165, 177, 188, 189, 193, 194, 201, 205]
218: [4, 9, 16, 26, 45, 48, 50, 54, 74, 82, 86, 92, 102, 105, 117, 131, 135, 176, 184, 191, 194, 195, 202, 208, 215]
219: [8, 16, 17, 26, 32, 35, 58, 61, 73, 78, 91, 101, 125, 128, 178, 194, 199, 210, 215, 216]
220: [1, 5, 7, 12, 22, 26, 29, 33, 35, 37, 41, 44, 48, 49, 66, 67, 83, 88, 92, 99, 103, 109, 118, 124, 128, 142, 147, 149, 156, 158, 162, 169, 183, 185, 187, 195, 196, 198, 202, 210, 213, 215]
221: [7, 10, 18, 19, 20, 28, 37, 42, 50, 54, 57, 58, 62, 64, 76, 94, 105, 108, 114, 120, 128, 136, 141, 154, 155, 157, 162, 163, 173, 177, 178, 181, 188, 192, 204, 208]
222: [19, 38, 48, 54, 60, 61, 65, 70, 74, 92, 105, 126, 127, 128, 176, 181, 191, 195, 208, 218, 221]
223: [5, 6, 7, 8, 16, 25, 32, 33, 41, 47, 50, 68, 69, 71, 72, 76, 78, 81, 82, 91, 95, 96, 106, 119, 126, 127, 134, 140, 141, 145, 147, 150, 151, 152, 159, 166, 170, 172, 180, 181, 186, 188, 190, 194, 195, 202, 206, 209, 213]
224: [3, 6, 7, 10, 17, 22, 36, 39, 64, 65, 66, 71, 73, 81, 86, 100, 108, 109, 111, 113, 135, 141, 144, 151, 157, 162, 171, 182, 186, 189, 190, 191, 200, 208]
225: [9, 29, 41, 44, 50, 65, 68, 74, 79, 106, 118, 123, 130, 131, 132, 137, 143, 156, 162, 164, 182, 184, 186, 188, 192, 194, 199, 202, 203, 218, 221]
226: [2, 4, 7, 10, 11, 15, 17, 25, 35, 36, 39, 44, 50, 53, 56, 69, 70, 71, 72, 73, 75, 77, 78, 88, 96, 98, 108, 109, 113, 118, 120, 130, 135, 144, 146, 149, 154, 155, 156, 162, 167, 171, 174, 175, 182, 184, 189, 202, 208, 216, 217, 223, 224]
227: [5, 6, 13, 22, 26, 31, 35, 53, 54, 59, 69, 84, 87, 90, 93, 103, 106, 126, 139, 140, 145, 153, 185, 193, 205, 206, 211, 217, 220]
228: [6, 10, 17, 25, 44, 47, 66, 81, 82, 88, 92, 106, 109, 117, 134, 140, 144, 145, 187, 190, 202, 208, 223, 224]
229: [7, 11, 24, 26, 36, 53, 58, 63, 65, 70, 73, 75, 77, 103, 104, 107, 131, 142, 151, 158, 165, 170, 175, 183, 190, 192, 197, 202, 216, 226]
230: [16, 41, 88, 92, 105, 106, 114, 129, 147, 153, 196]
231: [4, 13, 14, 15, 16, 22, 29, 44, 47, 48, 49, 50, 54, 68, 71, 72, 74, 82, 85, 87, 88, 89, 93, 94, 98, 105, 108, 131, 136, 142, 147, 148, 154, 157, 172, 177, 183, 190, 205, 209, 211, 213, 218, 224, 226, 227, 228]
232: [4, 14, 17, 29, 39, 41, 51, 54, 56, 64, 68, 72, 73, 74, 76, 77, 78, 79, 87, 98, 99, 100, 102, 104, 105, 115, 118, 120, 121, 125, 129, 130, 135, 141, 146, 160, 161, 163, 164, 165, 168, 175, 179, 184, 185, 186, 193, 194, 203, 206, 210, 216, 219, 225, 226]
233: [3, 11, 12, 19, 24, 26, 40, 41, 44, 48, 54, 66, 81, 88, 90, 92, 96, 109, 116, 117, 132, 133, 140, 156, 163, 179, 180, 185, 186, 187, 194, 197, 199, 202, 213, 220, 225, 228]
234: [1, 4, 41, 44, 49, 50, 66, 71, 72, 88, 91, 92, 98, 105, 107, 108, 109, 116, 117, 140, 147, 153, 156, 158, 193, 196, 208, 212, 220, 226, 228, 230, 231, 233]
235: [18, 26, 27, 31, 33, 49, 52, 56, 59, 61, 62, 69, 73, 78, 81, 94, 95, 98, 112, 118, 120, 122, 127, 142, 158, 164, 168, 170, 171, 183, 200, 210, 226, 232]
236: [3, 10, 15, 20, 22, 28, 31, 38, 49, 53, 62, 69, 72, 78, 79, 84, 87, 88, 96, 98, 102, 106, 109, 112, 113, 117, 118, 120, 121, 122, 124, 127, 128, 135, 139, 144, 147, 154, 155, 156, 158, 162, 171, 177, 183, 188, 194, 196, 214, 220, 224, 226, 235]
237: [4, 14, 19, 30, 47, 48, 50, 52, 53, 54, 59, 81, 88, 91, 94, 107, 109, 116, 122, 124, 127, 129, 139, 140, 142, 143, 148, 154, 161, 164, 169, 180, 183, 185, 191, 195, 196, 202, 204, 205, 206, 209, 211, 213, 214, 220, 231, 233]
238: [23, 52, 60, 61, 62, 76, 81, 84, 94, 98, 104, 105, 116, 131, 140, 141, 151, 164, 167, 170, 174, 177, 188, 190, 192, 198, 200, 211, 213, 214, 235, 237]
239: [5, 16, 18, 25, 32, 41, 69, 80, 81, 105, 113, 115, 125, 127, 154, 159, 166, 173, 184, 191, 197, 205, 207, 216, 219]
240: [6, 8, 10, 52, 53, 56, 61, 81, 87, 94, 98, 106, 146, 147, 170, 177, 192, 199, 203, 214, 235, 236, 238]
241: [15, 24, 26, 54, 56, 62, 63, 65, 70, 79, 84, 85, 87, 99, 103, 104, 105, 107, 108, 118, 122, 124, 130, 131, 135, 141, 142, 146, 148, 154, 157, 170, 173, 177, 182, 183, 186, 188, 190, 193, 194, 197, 202, 203, 208, 212, 213, 224, 229, 232, 238]
242: [1, 8, 19, 21, 26, 28, 36, 41, 48, 54, 56, 61, 65, 78, 83, 85, 97, 100, 101, 104, 105, 108, 118, 119, 120, 128, 141, 144, 151, 157, 162, 169, 170, 181, 187, 190, 199, 205, 207, 208, 210, 215, 219, 220, 221, 222, 224, 226, 232, 235, 241]
243: [10, 16, 17, 28, 30, 32, 36, 51, 53, 59, 65, 94, 97, 125, 130, 132, 139, 149, 161, 174, 175, 190, 192, 202, 203, 216, 217, 219, 226, 239, 240]
244: [3, 6, 41, 44, 61, 68, 72, 74, 78, 87, 90, 91, 102, 104, 117, 118, 133, 137, 141, 147, 152, 159, 160, 170, 173, 175, 180, 188, 192, 194, 221, 223, 232]
245: [10, 11, 14, 17, 24, 30, 31, 36, 48, 49, 57, 62, 64, 67, 68, 70, 71, 78, 81, 83, 87, 117, 121, 122, 126, 129, 141, 144, 154, 157, 163, 169, 176, 179, 190, 194, 197, 199, 206, 208, 210, 211, 213, 224, 228, 232, 233]
246: [1, 7, 9, 11, 22, 26, 29, 33, 39, 41, 48, 50, 52, 54, 61, 62, 64, 68, 69, 75, 78, 83, 88, 89, 97, 99, 100, 104, 105, 109, 112, 115, 118, 119, 121, 124, 127, 128, 131, 135, 152, 161, 162, 164, 168, 169, 170, 178, 179, 183, 184, 187, 194, 202, 205, 207, 208, 210, 215, 218, 220, 223, 225, 232, 233, 236, 237, 242]
247: [3, 6, 32, 40, 43, 44, 54, 56, 59, 64, 71, 72, 93, 94, 98, 100, 104, 131, 132, 133, 136, 145, 156, 170, 176, 177, 179, 180, 183, 186, 188, 193, 199, 211, 227, 231, 233, 244]
248: [5, 26, 27, 33, 34, 41, 43, 47, 61, 66, 67, 71, 86, 89, 92, 99, 105, 124, 126, 127, 132, 133, 137, 144, 147, 152, 171, 174, 175, 179, 181, 183, 191, 193, 196, 208, 210, 214, 215, 220, 235, 240]
249: [6, 16, 19, 25, 31, 40, 41, 47, 48, 57, 62, 65, 68, 70, 74, 78, 81, 82, 83, 91, 92, 103, 106, 109, 118, 126, 128, 131, 132, 134, 136, 137, 141, 143, 147, 152, 155, 157, 160, 164, 169, 176, 190, 194, 195, 196, 198, 202, 206, 208, 209, 211, 212, 222, 223, 225, 228, 244, 245]
250: [2, 5, 6, 13, 16, 17, 31, 32, 39, 48, 60, 71, 74, 96, 101, 109, 123, 133, 136, 140, 153, 154, 174, 177, 179, 186, 189, 213, 217, 226, 227, 233]
251: [17, 28, 30, 34, 37, 45, 65, 96, 102, 109, 127, 128, 150, 190, 213, 217, 233, 243, 250]
252: [1, 11, 15, 49, 56, 64, 68, 74, 78, 100, 104, 106, 109, 118, 120, 127, 131, 145, 154, 156, 158, 179, 182, 184, 199, 220, 225, 226, 232, 234, 235, 240, 242, 246, 248]
253: [1, 3, 6, 8, 9, 22, 25, 46, 50, 53, 56, 77, 99, 106, 109, 125, 134, 135, 151, 165, 181, 182, 189, 199, 200, 201, 211, 217, 224, 236, 240, 241]
254: [5, 6, 9, 15, 16, 20, 21, 24, 28, 33, 36, 40, 41, 43, 48, 50, 51, 54, 56, 66, 67, 79, 82, 87, 88, 92, 97, 109, 124, 130, 135, 136, 137, 142, 144, 146, 147, 152, 153, 157, 171, 178, 193, 196, 202, 203, 210, 211, 220, 232, 233, 237, 241, 246, 248]
255: [4, 7, 10, 27, 39, 44, 47, 50, 54, 57, 58, 61, 71, 72, 73, 77, 88, 91, 96, 97, 98, 107, 108, 109, 113, 117, 119, 144, 155, 161, 166, 170, 171, 173, 182, 185, 192, 203, 205, 207, 208, 213, 224, 226, 229, 231, 233, 234, 242, 246, 250, 251]
256: [3, 8, 10, 12, 18, 22, 25, 26, 29, 36, 37, 56, 62, 64, 66, 67, 73, 75, 77, 80, 103, 104, 107, 109, 129, 134, 135, 144, 149, 157, 158, 163, 173, 182, 183, 185, 192, 195, 197, 199, 200, 204, 210, 212, 213, 220, 221, 234, 244, 253]
257: [1, 12, 19, 26, 27, 34, 36, 40, 41, 43, 49, 51, 61, 65, 67, 76, 82, 86, 90, 94, 97, 114, 117, 133, 140, 144, 151, 153, 156, 158, 166, 174, 177, 187, 194, 195, 196, 204, 206, 213, 215, 220, 223, 233, 234, 248, 252, 254]
258: [5, 7, 16, 25, 26, 38, 41, 51, 54, 55, 56, 58, 69, 74, 79, 87, 90, 96, 102, 111, 112, 127, 130, 135, 139, 141, 146, 151, 156, 160, 162, 164, 170, 175, 184, 192, 193, 203, 210, 216, 225, 226, 229, 232, 241, 244, 252, 254]
259: [6, 12, 14, 15, 16, 29, 33, 40, 41, 44, 47, 51, 56, 62, 66, 67, 81, 83, 88, 92, 105, 117, 123, 131, 141, 142, 146, 147, 148, 153, 160, 170, 176, 177, 183, 185, 188, 194, 195, 196, 201, 202, 203, 205, 206, 207, 209, 213, 217, 220, 223, 230, 231, 234, 237, 238, 241, 249, 254, 256]
260: [7, 10, 14, 17, 29, 38, 39, 46, 47, 52, 54, 56, 57, 71, 73, 78, 105, 107, 109, 113, 118, 120, 130, 131, 135, 136, 139, 142, 146, 148, 154, 171, 175, 177, 182, 183, 184, 186, 205, 213, 216, 224, 226, 231, 232, 235, 237, 242, 250, 252, 255, 259]
261: [4, 10, 18, 37, 54, 64, 73, 76, 77, 79, 82, 86, 87, 88, 94, 98, 108, 115, 129, 130, 132, 135, 144, 146, 147, 157, 158, 162, 163, 165, 167, 168, 176, 178, 179, 185, 193, 198, 203, 209, 221, 224, 232, 235, 241, 242, 247, 254, 256, 257, 258]
262: [1, 2, 3, 6, 9, 15, 16, 18, 44, 51, 62, 65, 68, 74, 85, 86, 92, 94, 98, 99, 102, 108, 118, 131, 132, 137, 141, 143, 145, 148, 154, 160, 164, 175, 177, 179, 191, 198, 201, 206, 215, 225, 240, 244, 249, 252]
263: [3, 10, 11, 17, 22, 24, 26, 30, 31, 44, 49, 57, 60, 63, 65, 70, 103, 104, 105, 107, 123, 126, 131, 135, 139, 142, 162, 171, 183, 190, 197, 202, 211, 213, 221, 224, 225, 229, 236, 241, 245, 260]
264: [1, 11, 13, 23, 26, 31, 52, 56, 60, 61, 62, 64, 70, 72, 78, 80, 81, 94, 98, 104, 105, 116, 118, 120, 126, 131, 133, 141, 151, 152, 166, 170, 177, 188, 190, 192, 198, 210, 212, 213, 214, 226, 232, 235, 238, 240, 241, 242, 245, 252, 256, 259, 260, 263]
265: [3, 6, 8, 21, 22, 32, 33, 34, 35, 41, 52, 56, 64, 68, 78, 88, 89, 92, 96, 99, 102, 105, 109, 111, 118, 121, 125, 128, 129, 131, 136, 142, 147, 153, 165, 192, 194, 196, 201, 202, 203, 206, 210, 217, 223, 230, 232, 234, 245, 253, 259]
266: [4, 8, 16, 23, 37, 38, 42, 52, 60, 76, 77, 78, 98, 99, 104, 109, 124, 125, 127, 128, 142, 151, 163, 165, 168, 170, 177, 179, 185, 188, 190, 192, 198, 201, 214, 217, 222, 232, 238, 250, 253, 261, 264, 265]
267: [5, 15, 16, 22, 24, 26, 29, 41, 56, 62, 63, 64, 65, 69, 70, 73, 81, 93, 99, 103, 104, 105, 107, 115, 116, 124, 127, 131, 136, 142, 146, 148, 154, 170, 173, 182, 183, 184, 185, 190, 194, 197, 202, 210, 229, 239, 241, 253, 263]
268: [5, 9, 24, 33, 35, 41, 46, 65, 66, 80, 92, 94, 98, 104, 114, 124, 131, 136, 142, 147, 166, 177, 183, 190, 192, 196, 197, 204, 212, 220, 221, 229, 231, 241, 244, 247, 248, 254, 256, 263, 267]
269: [1, 5, 12, 26, 35, 38, 40, 45, 49, 51, 52, 55, 56, 61, 63, 69, 72, 81, 94, 96, 98, 103, 106, 107, 109, 110, 112, 114, 120, 127, 130, 136, 143, 145, 152, 157, 168, 170, 171, 172, 180, 186, 187, 188, 210, 223, 235, 238, 240, 246, 249, 252, 264]
270: [6, 19, 40, 48, 51, 53, 61, 65, 70, 71, 74, 78, 104, 111, 113, 117, 118, 124, 126, 128, 132, 137, 139, 159, 161, 170, 176, 188, 190, 192, 222, 243, 244, 249, 251, 266]
271: [7, 12, 26, 27, 29, 32, 38, 43, 69, 73, 88, 95, 99, 102, 108, 111, 117, 133, 139, 159, 184, 191, 192, 197, 200, 208, 215, 218, 219, 220, 223, 224, 246, 257]
272: [18, 25, 51, 58, 64, 66, 68, 76, 78, 80, 113, 121, 125, 129, 133, 159, 166, 170, 171, 184, 191, 194, 206, 207, 210, 223, 232, 234, 238, 239, 245, 256, 265, 271]
273: [6, 16, 19, 21, 22, 24, 40, 43, 64, 65, 69, 74, 90, 95, 118, 127, 131, 132, 137, 142, 143, 144, 147, 152, 159, 160, 164, 170, 176, 179, 181, 191, 193, 196, 211, 223, 225, 227, 231, 246, 247, 248, 249, 254, 261, 262, 269]
274: [15, 16, 17, 27, 30, 41, 42, 48, 51, 52, 54, 56, 62, 71, 74, 78, 82, 86, 92, 98, 99, 100, 104, 105, 113, 117, 118, 120, 122, 131, 159, 170, 172, 182, 189, 190, 191, 194, 195, 200, 203, 208, 210, 216, 218, 222, 226, 231, 232, 235, 236, 241, 242, 246, 252, 253, 254, 258, 260, 264, 266, 267]
275: [17, 21, 25, 27, 46, 54, 56, 61, 62, 69, 79, 86, 87, 94, 96, 98, 127, 130, 131, 133, 135, 136, 146, 149, 151, 152, 160, 162, 174, 177, 179, 183, 193, 202, 203, 208, 223, 226, 231, 232, 241, 243, 246, 247, 248, 254, 257, 258, 261, 268, 269, 273]
276: [2, 3, 8, 18, 20, 22, 25, 29, 31, 37, 38, 39, 40, 44, 48, 52, 56, 60, 72, 77, 80, 83, 92, 108, 113, 123, 130, 132, 134, 135, 136, 145, 158, 159, 166, 167, 168, 172, 179, 182, 183, 184, 189, 191, 198, 199, 207, 213, 217, 226, 239, 250, 253, 256, 257, 260, 262, 272]
277: [4, 18, 21, 33, 39, 43, 44, 50, 51, 55, 62, 71, 72, 73, 80, 85, 88, 89, 98, 99, 101, 105, 108, 109, 111, 116, 123, 126, 130, 131, 132, 141, 145, 152, 160, 164, 166, 170, 175, 177, 178, 179, 181, 188, 191, 198, 200, 213, 215, 221, 224, 226, 231, 234, 238, 241, 248, 252, 255, 259, 261, 264, 269, 271, 275]
278: [17, 20, 26, 37, 39, 49, 57, 58, 60, 62, 64, 71, 72, 105, 108, 120, 136, 154, 177, 186, 191, 195, 204, 210, 213, 221, 244, 250, 260]
279: [5, 14, 15, 28, 47, 52, 56, 57, 70, 80, 91, 95, 106, 107, 109, 138, 142, 148, 154, 160, 162, 170, 173, 182, 183, 194, 198, 205, 211, 216, 231, 237, 241, 253, 255, 259, 260, 267]
280: [9, 20, 21, 62, 67, 73, 78, 79, 104, 108, 111, 117, 119, 126, 135, 138, 148, 163, 191, 200, 204, 209, 216, 224, 271, 277]
281: [5, 10, 17, 18, 19, 23, 52, 53, 59, 68, 69, 72, 75, 80, 81, 87, 91, 106, 110, 118, 124, 132, 139, 142, 144, 145, 147, 154, 159, 163, 172, 180, 185, 186, 188, 195, 197, 208, 223, 224, 228, 232, 237, 245, 269]
282: [3, 8, 11, 20, 22, 25, 31, 37, 46, 56, 60, 62, 64, 70, 75, 83, 92, 94, 103, 104, 109, 126, 134, 135, 146, 150, 151, 173, 182, 183, 185, 199, 210, 213, 240, 245, 253, 256, 263, 264, 271, 276, 278]
283: [2, 5, 12, 14, 16, 19, 22, 24, 26, 33, 35, 36, 39, 52, 71, 80, 81, 87, 95, 100, 107, 109, 112, 113, 114, 121, 122, 123, 128, 129, 136, 143, 146, 154, 164, 168, 196, 204, 209, 210, 211, 212, 213, 214, 226, 227, 231, 235, 237, 245, 256, 260, 269, 273]
284: [11, 12, 15, 16, 26, 27, 31, 34, 36, 41, 42, 49, 52, 56, 60, 62, 65, 69, 70, 72, 73, 75, 77, 78, 82, 94, 118, 120, 125, 127, 133, 145, 151, 156, 157, 158, 160, 171, 177, 183, 198, 202, 210, 214, 226, 229, 232, 235, 236, 242, 248, 250, 252, 257, 260, 264, 266, 274, 276]
285: [1, 8, 14, 42, 47, 49, 53, 82, 86, 99, 132, 140, 142, 148, 154, 156, 158, 176, 177, 182, 183, 188, 194, 205, 218, 220, 223, 231, 234, 237, 241, 252, 253, 257, 259, 260, 266, 267, 274, 279]
286: [5, 17, 40, 44, 58, 60, 73, 77, 78, 110, 117, 123, 125, 132, 158, 172, 174, 194, 207, 219, 232, 276]
287: [1, 3, 9, 15, 18, 23, 24, 33, 39, 44, 52, 56, 58, 60, 61, 67, 70, 73, 81, 94, 98, 104, 106, 114, 130, 140, 142, 145, 147, 148, 149, 151, 154, 163, 170, 173, 186, 190, 192, 194, 198, 201, 211, 214, 235, 238, 240, 241, 264, 266, 267, 269, 279]
288: [1, 15, 20, 21, 25, 31, 37, 39, 40, 49, 51, 52, 57, 61, 62, 68, 71, 80, 81, 83, 85, 89, 92, 94, 98, 103, 109, 110, 111, 141, 145, 154, 157, 160, 166, 169, 170, 176, 178, 179, 190, 211, 231, 235, 238, 240, 245, 249, 252, 262, 264, 265, 269, 275, 276, 277, 282, 287]
289: [8, 11, 16, 32, 70, 113, 120, 123, 125, 128, 131, 133, 177, 206, 210, 233, 252]
290: [3, 6, 10, 18, 22, 26, 45, 51, 53, 61, 63, 84, 85, 92, 94, 103, 107, 132, 133, 151, 152, 157, 162, 178, 186, 189, 202, 204, 212, 221, 223, 224, 229, 241, 253, 257, 261, 263, 267]
291: [2, 3, 5, 16, 28, 34, 35, 40, 41, 48, 56, 64, 68, 78, 88, 89, 92, 102, 105, 106, 109, 118, 121, 128, 129, 131, 136, 138, 142, 147, 153, 160, 162, 179, 182, 187, 192, 194, 196, 198, 202, 203, 206, 210, 230, 232, 234, 245, 249, 259, 262, 265, 272, 279, 280, 284]
292: [1, 5, 6, 11, 14, 16, 32, 33, 34, 36, 40, 41, 44, 49, 51, 60, 66, 70, 72, 74, 75, 77, 89, 92, 96, 101, 102, 105, 113, 116, 123, 124, 128, 131, 133, 145, 147, 156, 158, 162, 164, 174, 177, 181, 188, 196, 209, 213, 220, 223, 225, 234, 246, 248, 250, 252, 254, 257, 259, 263, 265, 268, 269, 276, 284, 285, 289, 291]
293: [2, 10, 14, 26, 29, 30, 33, 36, 54, 56, 58, 61, 64, 66, 67, 69, 71, 80, 86, 87, 97, 105, 119, 120, 121, 127, 129, 130, 131, 135, 138, 144, 152, 154, 155, 161, 167, 170, 171, 172, 192, 193, 202, 205, 207, 208, 210, 212, 213, 216, 221, 223, 224, 231, 236, 242, 244, 245, 246, 254, 255, 256, 261, 264, 268, 269, 273, 275, 283]
294: [4, 5, 12, 16, 19, 22, 29, 32, 33, 41, 43, 58, 66, 67, 76, 77, 92, 94, 95, 98, 106, 107, 122, 124, 128, 131, 136, 147, 163, 164, 165, 168, 177, 179, 182, 183, 185, 195, 196, 211, 213, 220, 227, 231, 232, 235, 247, 248, 254, 256, 259, 261, 266, 268, 273, 275, 283, 286, 292]
295: [3, 14, 15, 16, 30, 32, 33, 36, 39, 43, 49, 61, 63, 67, 71, 73, 78, 87, 93, 94, 106, 112, 119, 121, 122, 125, 126, 129, 134, 142, 146, 147, 150, 154, 158, 161, 172, 182, 189, 200, 204, 211, 216, 219, 239, 243, 245, 274, 283, 287, 292, 293]
296: [3, 4, 6, 10, 14, 25, 35, 40, 44, 47, 48, 53, 64, 67, 88, 90, 103, 106, 109, 124, 125, 128, 132, 138, 157, 173, 186, 187, 195, 198, 199, 202, 210, 220, 233, 237, 246, 247, 254, 256, 282]
297: [8, 10, 17, 26, 34, 41, 52, 61, 71, 73, 81, 94, 98, 101, 108, 111, 140, 144, 150, 152, 161, 166, 170, 188, 191, 199, 200, 208, 210, 219, 223, 224, 228, 235, 238, 240, 242, 245, 264, 266, 269, 270, 271, 277, 278, 280, 281, 285, 287, 288]
298: [8, 17, 19, 26, 29, 30, 38, 39, 41, 50, 52, 53, 59, 61, 71, 78, 86, 87, 91, 100, 101, 104, 105, 110, 122, 125, 127, 128, 129, 130, 135, 136, 137, 154, 161, 169, 177, 180, 185, 186, 194, 195, 199, 203, 210, 213, 215, 219, 232, 237, 242, 246, 250, 260, 274, 276, 278, 281, 286, 297]
299: [11, 16, 17, 31, 32, 34, 38, 39, 43, 51, 60, 67, 70, 71, 92, 93, 96, 109, 126, 127, 136, 142, 154, 160, 170, 177, 186, 195, 198, 204, 206, 213, 215, 222, 232, 233, 245, 247, 249, 250, 251, 255, 257, 260, 262, 263, 264, 266, 278, 282, 291, 298]
300: [11, 31, 49, 64, 68, 70, 72, 73, 77, 78, 100, 101, 104, 108, 111, 126, 127, 144, 145, 147, 169, 179, 191, 193, 196, 200, 213, 224, 245, 246, 248, 252, 263, 264, 271, 273, 276, 277, 280, 281, 282, 284, 289, 292, 297, 299]
301: [3, 8, 13, 20, 26, 37, 47, 51, 58, 62, 74, 79, 84, 85, 88, 90, 99, 103, 105, 107, 108, 109, 125, 129, 131, 135, 139, 140, 142, 150, 154, 156, 157, 165, 174, 188, 193, 201, 203, 204, 212, 217, 221, 222, 238, 245, 253, 265, 266, 272, 278]
302: [8, 16, 18, 24, 26, 39, 59, 60, 73, 75, 78, 96, 99, 101, 109, 125, 130, 135, 144, 146, 147, 149, 155, 163, 165, 174, 175, 177, 184, 185, 196, 200, 201, 202, 210, 214, 215, 216, 217, 219, 226, 232, 235, 243, 245, 253, 260, 265, 266, 267, 271, 275, 284, 301]
303: [1, 14, 36, 41, 49, 52, 67, 71, 72, 77, 87, 104, 121, 129, 145, 154, 156, 158, 172, 194, 210, 220, 231, 234, 245, 252, 257, 274, 276, 283, 284, 285, 292, 293, 295, 300]
304: [10, 14, 17, 23, 43, 45, 50, 65, 72, 78, 81, 89, 99, 107, 115, 116, 118, 126, 131, 132, 135, 137, 143, 144, 152, 164, 175, 181, 193, 208, 215, 224, 225, 228, 232, 234, 245, 248, 249, 262, 273, 277, 281, 297]
305: [4, 14, 26, 28, 37, 42, 48, 72, 76, 78, 88, 99, 105, 108, 109, 115, 122, 132, 137, 141, 147, 154, 158, 163, 165, 166, 173, 176, 197, 202, 204, 208, 220, 221, 232, 233, 237, 246, 248, 254, 256, 296, 302, 304]
306: [15, 17, 22, 29, 33, 39, 44, 48, 56, 63, 64, 67, 70, 93, 94, 102, 106, 108, 123, 131, 148, 149, 150, 154, 157, 161, 162, 170, 173, 175, 194, 197, 225, 241, 243, 244, 262, 263, 267, 279, 280, 287, 292, 295]
307: [2, 5, 10, 19, 26, 28, 48, 56, 65, 66, 70, 74, 81, 101, 106, 109, 113, 126, 128, 134, 138, 144, 154, 155, 160, 161, 162, 176, 179, 190, 193, 195, 216, 222, 224, 228, 231, 249, 250, 251, 270, 276, 279, 280, 291, 293]
308: [16, 29, 60, 79, 81, 102, 169, 172, 195, 202, 206, 209, 210, 213, 222, 223, 249, 250, 259, 266, 299]
309: [6, 10, 11, 18, 19, 20, 36, 45, 51, 53, 58, 59, 61, 70, 73, 75, 77, 85, 92, 94, 97, 108, 110, 111, 130, 132, 136, 149, 152, 153, 157, 162, 178, 180, 186, 191, 200, 211, 221, 224, 226, 229, 235, 241, 254, 256, 261, 271, 277, 280, 281, 284, 290, 297, 298, 300, 302]
310: [3, 9, 15, 22, 26, 29, 33, 44, 51, 63, 72, 87, 94, 98, 103, 107, 123, 131, 133, 136, 140, 141, 146, 149, 161, 172, 177, 180, 183, 188, 197, 202, 203, 210, 211, 213, 227, 229, 231, 232, 241, 244, 247, 254, 258, 259, 263, 267, 268, 273, 274, 275, 283, 290, 292, 293, 294, 303]
311: [20, 25, 31, 34, 37, 47, 68, 74, 82, 83, 87, 92, 102, 105, 106, 156, 162, 172, 175, 182, 184, 210, 218, 222, 225, 244, 248, 252, 258, 262, 274, 276, 282, 288, 293, 306]
312: [2, 3, 13, 20, 26, 30, 48, 51, 61, 64, 71, 76, 77, 79, 84, 90, 101, 103, 107, 113, 125, 131, 135, 139, 142, 144, 155, 156, 161, 181, 191, 193, 195, 203, 210, 232, 254, 255, 258, 274, 293, 301, 307, 310]
313: [1, 32, 40, 47, 49, 50, 65, 67, 97, 121, 125, 137, 144, 150, 151, 152, 153, 156, 158, 188, 190, 196, 220, 234, 245, 252, 254, 257, 272, 285, 292, 301, 303]
314: [3, 8, 13, 15, 20, 21, 22, 35, 51, 53, 56, 65, 66, 79, 84, 85, 88, 92, 99, 107, 108, 109, 117, 118, 123, 125, 129, 135, 136, 140, 141, 142, 144, 154, 155, 156, 157, 165, 175, 192, 193, 201, 202, 203, 217, 226, 228, 233, 234, 236, 241, 242, 253, 265, 266, 291, 301, 302, 312]
315: [3, 14, 26, 38, 40, 43, 44, 50, 69, 72, 78, 79, 83, 89, 99, 102, 107, 115, 116, 126, 127, 132, 152, 175, 181, 184, 186, 193, 199, 206, 208, 215, 218, 223, 232, 233, 234, 246, 247, 248, 267, 269, 271, 273, 275, 277, 293, 296, 304, 305, 308]
316: [2, 6, 13, 14, 17, 24, 29, 30, 35, 39, 47, 50, 57, 59, 66, 69, 81, 84, 93, 105, 107, 122, 127, 129, 130, 131, 138, 139, 142, 143, 144, 147, 148, 152, 153, 154, 155, 161, 169, 183, 193, 204, 205, 209, 213, 214, 217, 223, 227, 231, 234, 237, 246, 259, 260, 263, 269, 273, 275, 279, 283, 285, 293, 298, 302, 307, 313, 315]
317: [4, 5, 6, 7, 11, 16, 19, 20, 26, 31, 38, 44, 48, 50, 55, 65, 69, 70, 71, 72, 74, 88, 90, 94, 95, 97, 98, 108, 111, 126, 128, 130, 131, 136, 139, 144, 151, 153, 164, 176, 177, 178, 181, 183, 211, 213, 222, 226, 231, 234, 245, 247, 249, 254, 255, 258, 263, 264, 268, 270, 273, 275, 277, 282, 294, 299, 300, 307, 309, 310]
318: [1, 16, 29, 60, 66, 81, 82, 84, 85, 92, 116, 119, 169, 195, 200, 202, 203, 205, 206, 209, 210, 223, 231, 249, 250, 259, 261, 266, 299, 308]
319: [26, 38, 40, 42, 44, 53, 56, 60, 87, 123, 127, 132, 150, 158, 161, 163, 172, 197, 204, 206, 221, 222, 240, 256, 263, 266, 276, 278, 286, 296, 299, 305]
320: [1, 2, 3, 9, 13, 32, 33, 44, 49, 51, 88, 91, 96, 103, 114, 129, 133, 156, 158, 181, 209, 212, 213, 220, 223, 234, 252, 257, 262, 265, 271, 272, 285, 292, 303, 313]
321: [4, 16, 18, 30, 32, 38, 43, 50, 52, 59, 60, 78, 82, 85, 86, 93, 94, 104, 113, 116, 122, 125, 127, 129, 138, 140, 142, 161, 164, 165, 169, 170, 177, 183, 190, 205, 207, 211, 214, 217, 222, 237, 238, 247, 262, 266, 284, 298, 299, 302, 310, 314, 316, 319]
322: [15, 16, 17, 21, 23, 25, 28, 30, 32, 34, 41, 51, 53, 54, 55, 63, 65, 74, 88, 89, 92, 94, 96, 105, 115, 125, 126, 132, 139, 141, 144, 147, 150, 153, 154, 155, 156, 161, 164, 175, 181, 186, 190, 192, 195, 196, 216, 219, 226, 230, 234, 236, 239, 243, 250, 251, 259, 265, 266, 270, 291, 295, 306, 314]
323: [4, 12, 15, 28, 30, 39, 41, 47, 52, 58, 60, 63, 65, 71, 73, 76, 82, 86, 94, 95, 99, 116, 117, 122, 132, 133, 135, 140, 146, 150, 151, 156, 161, 164, 165, 166, 172, 174, 175, 176, 182, 184, 185, 189, 200, 210, 211, 216, 226, 232, 236, 237, 238, 255, 257, 260, 274, 284, 295, 296, 302, 303, 305, 306, 321, 322]
324: [10, 26, 35, 37, 47, 48, 64, 74, 88, 90, 102, 106, 109, 121, 124, 125, 128, 132, 137, 138, 147, 150, 166, 184, 187, 188, 193, 197, 202, 208, 210, 212, 215, 218, 220, 233, 237, 246, 248, 254, 271, 272, 296, 301, 305, 313, 315]
325: [33, 44, 54, 59, 60, 65, 69, 72, 112, 118, 127, 131, 132, 137, 138, 143, 152, 156, 157, 164, 170, 187, 188, 198, 223, 225, 246, 249, 262, 269, 273, 275, 284, 292, 293, 304, 315, 316]
326: [3, 7, 13, 15, 20, 29, 32, 38, 39, 52, 58, 61, 72, 79, 81, 83, 84, 94, 98, 107, 109, 117, 120, 129, 130, 135, 136, 142, 145, 147, 151, 162, 169, 170, 175, 184, 187, 192, 203, 213, 214, 216, 218, 229, 235, 238, 240, 248, 252, 258, 260, 264, 269, 276, 277, 287, 288, 297, 298, 301, 312, 314]
327: [9, 17, 22, 26, 38, 40, 45, 49, 50, 56, 63, 91, 96, 105, 114, 120, 124, 128, 131, 154, 176, 183, 184, 194, 196, 202, 206, 210, 215, 218, 219, 220, 221, 225, 236, 246, 266, 269, 270, 298, 308, 315]
328: [15, 18, 25, 31, 34, 47, 56, 57, 62, 69, 76, 80, 83, 96, 105, 113, 124, 125, 141, 146, 157, 159, 162, 166, 167, 169, 170, 176, 184, 190, 191, 207, 211, 226, 239, 241, 245, 248, 249, 258, 267, 272, 274, 275, 276, 287, 288, 311]
329: [5, 10, 17, 18, 28, 30, 37, 51, 52, 53, 65, 73, 77, 90, 94, 100, 106, 109, 113, 123, 124, 125, 128, 129, 132, 138, 139, 146, 157, 161, 162, 178, 187, 190, 192, 196, 203, 212, 216, 221, 240, 243, 251, 256, 261, 270, 280, 283, 290, 296, 307, 309, 322, 324]
330: [8, 9, 10, 12, 18, 20, 25, 28, 31, 33, 37, 41, 50, 65, 82, 83, 92, 94, 98, 130, 131, 133, 136, 137, 151, 156, 157, 162, 166, 177, 178, 183, 199, 200, 214, 221, 231, 247, 254, 257, 261, 263, 268, 275, 276, 282, 284, 288, 290, 294, 297, 309, 310, 311, 317, 319, 323, 329]
331: [10, 15, 18, 21, 32, 43, 50, 54, 56, 62, 65, 72, 77, 93, 94, 113, 145, 157, 159, 160, 162, 164, 170, 178, 179, 193, 221, 223, 247, 252, 257, 261, 272, 274, 275, 276, 277, 284, 288, 290, 292, 299, 300, 303, 309, 321, 324, 325, 328, 329, 330]
332: [1, 9, 13, 14, 21, 36, 40, 50, 54, 69, 72, 76, 78, 79, 80, 87, 90, 94, 97, 98, 99, 103, 106, 110, 115, 116, 130, 131, 135, 139, 141, 144, 145, 146, 147, 157, 159, 179, 184, 185, 191, 193, 194, 196, 202, 203, 217, 218, 225, 232, 241, 246, 248, 254, 258, 261, 264, 269, 273, 275, 283, 288, 300, 304, 305, 315, 320, 324, 327, 331]
333: [2, 6, 8, 10, 13, 15, 21, 31, 44, 53, 64, 66, 85, 86, 88, 97, 99, 109, 125, 134, 140, 144, 154, 155, 156, 165, 186, 189, 201, 202, 217, 224, 226, 227, 236, 241, 250, 253, 261, 265, 266, 276, 290, 293, 301, 302, 309, 314, 321, 322]
334: [6, 14, 18, 25, 27, 29, 33, 53, 54, 56, 57, 59, 61, 66, 67, 68, 71, 75, 87, 91, 93, 97, 118, 119, 127, 130, 131, 146, 147, 151, 157, 159, 165, 170, 171, 172, 173, 188, 198, 205, 207, 208, 212, 213, 216, 231, 242, 246, 254, 255, 281, 293, 296, 310]
335: [6, 15, 16, 21, 24, 25, 28, 33, 39, 40, 43, 44, 47, 53, 60, 63, 67, 68, 75, 81, 82, 92, 97, 101, 106, 118, 122, 123, 132, 134, 137, 142, 144, 147, 152, 153, 158, 160, 163, 172, 179, 182, 191, 193, 195, 196, 198, 202, 206, 209, 212, 223, 225, 228, 236, 240, 248, 249, 252, 253, 254, 257, 259, 262, 269, 273, 276, 286, 287, 288, 291, 295, 299, 300, 302, 306, 308, 311, 313, 318, 319, 332]
336: [7, 13, 35, 54, 65, 74, 84, 103, 118, 131, 132, 137, 143, 153, 157, 164, 170, 205, 217, 220, 225, 227, 249, 258, 262, 273, 304, 316, 317, 325, 331]
337: [9, 16, 19, 20, 25, 40, 41, 51, 56, 60, 62, 68, 69, 71, 78, 79, 85, 91, 94, 96, 104, 111, 113, 117, 119, 125, 126, 132, 135, 141, 147, 148, 150, 152, 162, 163, 168, 176, 177, 192, 194, 204, 209, 214, 223, 226, 244, 249, 258, 266, 270, 275, 276, 280, 281, 284, 302, 321, 328]
338: [11, 15, 19, 27, 28, 42, 74, 75, 90, 109, 110, 116, 120, 122, 131, 142, 145, 147, 161, 180, 184, 196, 199, 236, 240, 252, 255, 267, 269, 273, 277, 281, 288, 289, 298, 300, 309, 315, 326, 335]
339: [7, 8, 32, 33, 34, 47, 50, 64, 71, 76, 96, 103, 105, 119, 126, 140, 150, 151, 152, 166, 173, 181, 188, 190, 209, 210, 213, 223, 248, 256, 257, 265, 272, 282, 285, 292, 296, 297, 302, 305, 311, 320, 328, 332]
340: [2, 4, 7, 11, 24, 26, 27, 33, 37, 48, 64, 66, 68, 74, 76, 77, 81, 88, 97, 98, 108, 117, 125, 127, 131, 132, 135, 138, 144, 147, 153, 154, 155, 156, 157, 158, 161, 163, 165, 168, 171, 176, 177, 179, 184, 185, 191, 193, 196, 197, 199, 210, 212, 225, 232, 233, 245, 247, 248, 252, 258, 261, 266, 273, 278, 284, 292, 293, 294, 299, 300, 301, 307, 311, 316, 324, 332, 334, 335, 336]
341: [6, 7, 22, 24, 30, 40, 44, 45, 49, 51, 57, 83, 112, 123, 132, 143, 150, 169, 177, 187, 188, 211, 214, 245, 255, 259, 263, 269, 270, 292]
342: [1, 3, 5, 6, 14, 15, 25, 29, 39, 40, 41, 44, 52, 53, 54, 73, 79, 88, 106, 135, 143, 144, 146, 150, 154, 155, 156, 157, 169, 172, 175, 184, 186, 193, 198, 199, 206, 210, 213, 214, 216, 225, 226, 227, 232, 233, 236, 240, 247, 253, 260, 274, 296, 302, 303, 308, 314, 315, 322, 323, 331, 333, 334, 335, 341]
343: [5, 6, 8, 16, 29, 40, 41, 60, 68, 69, 72, 77, 78, 81, 84, 86, 93, 94, 95, 105, 106, 115, 125, 127, 130, 145, 149, 154, 155, 166, 173, 174, 177, 182, 197, 199, 200, 202, 214, 225, 226, 239, 243, 245, 249, 252, 264, 266, 267, 269, 275, 276, 284, 286, 288, 292, 297, 300, 301, 302, 303, 305, 311, 316, 321, 323, 330, 331, 335, 337, 339]
344: [6, 13, 25, 33, 39, 56, 67, 69, 84, 94, 95, 96, 98, 106, 153, 162, 177, 181, 205, 217, 226, 227, 240, 258, 262, 273, 275, 280, 287, 295, 306, 316, 317, 322, 328, 335, 336, 337]
345: [4, 5, 7, 20, 24, 28, 29, 33, 41, 52, 56, 58, 65, 67, 68, 87, 93, 100, 104, 106, 109, 113, 123, 127, 130, 131, 138, 142, 145, 146, 151, 156, 159, 160, 162, 170, 171, 172, 175, 183, 190, 192, 196, 197, 203, 212, 213, 216, 229, 231, 236, 237, 241, 252, 254, 258, 263, 267, 268, 269, 277, 279, 283, 288, 291, 293, 301, 307, 310, 312, 323, 326, 329, 334, 338]
346: [9, 14, 23, 26, 34, 47, 62, 69, 72, 73, 78, 80, 87, 90, 99, 103, 104, 105, 115, 124, 126, 139, 148, 163, 180, 182, 185, 197, 210, 227, 232, 248, 249, 252, 267, 280, 281, 294, 302, 304, 305, 311, 315, 328, 332, 337, 339]
347: [13, 20, 26, 28, 36, 40, 44, 51, 60, 64, 69, 80, 85, 90, 103, 108, 118, 123, 125, 129, 132, 136, 139, 140, 155, 156, 157, 158, 166, 172, 173, 177, 185, 188, 193, 204, 208, 210, 221, 226, 249, 256, 260, 264, 276, 282, 283, 286, 296, 298, 301, 312, 314, 319, 335, 339, 346]
348: [7, 10, 39, 44, 59, 70, 71, 73, 94, 96, 109, 112, 113, 126, 127, 130, 132, 135, 146, 149, 150, 171, 175, 182, 184, 216, 224, 226, 232, 239, 255, 260, 302, 323, 329, 336, 337, 342]
349: [5, 9, 11, 18, 20, 24, 28, 57, 69, 71, 72, 75, 77, 81, 83, 89, 101, 106, 130, 131, 136, 140, 142, 144, 145, 147, 148, 149, 155, 156, 163, 172, 177, 180, 186, 188, 196, 203, 211, 221, 223, 246, 255, 266, 269, 270, 281, 287, 292, 297, 301, 302, 312, 335, 341, 345, 347]
350: [15, 16, 21, 31, 33, 39, 43, 48, 49, 52, 54, 73, 74, 93, 105, 106, 119, 121, 127, 131, 132, 143, 146, 147, 148, 152, 158, 159, 160, 176, 178, 182, 183, 194, 196, 198, 211, 216, 218, 231, 246, 257, 264, 274, 279, 295, 343]
351: [9, 10, 14, 28, 31, 33, 47, 49, 50, 54, 56, 62, 63, 69, 72, 78, 88, 90, 99, 106, 110, 115, 118, 120, 127, 130, 136, 137, 139, 144, 147, 152, 158, 179, 181, 191, 193, 196, 202, 209, 217, 226, 232, 235, 236, 242, 248, 252, 254, 260, 264, 273, 274, 284, 300, 304, 305, 315, 317, 322, 330, 332, 335, 340, 346]
352: [74, 78, 144, 147, 156, 168, 179, 183, 184, 191, 193, 196, 206, 225, 248, 252, 258, 273, 300, 311, 332, 335, 336, 340, 348, 351]
353: [5, 9, 11, 15, 19, 22, 26, 28, 34, 42, 45, 52, 56, 57, 62, 73, 75, 91, 104, 106, 107, 109, 124, 135, 138, 140, 146, 160, 161, 162, 176, 183, 185, 197, 198, 199, 210, 214, 241, 255, 256, 267, 270, 279, 282, 284, 289, 291, 300, 302, 307, 310, 328, 345, 346]
354: [1, 3, 6, 13, 19, 26, 29, 31, 44, 52, 61, 62, 65, 68, 72, 85, 90, 93, 94, 106, 108, 116, 117, 118, 127, 130, 133, 137, 140, 141, 155, 156, 157, 164, 180, 182, 187, 188, 194, 211, 212, 225, 227, 233, 237, 238, 241, 242, 244, 245, 247, 250, 252, 257, 271, 272, 301, 302, 310, 311, 314, 316, 320, 321, 323, 332, 333, 335, 343]
355: [16, 20, 32, 71, 78, 79, 81, 82, 84, 86, 89, 93, 94, 96, 107, 110, 118, 121, 122, 127, 132, 135, 143, 150, 163, 171, 177, 181, 182, 187, 188, 194, 195, 202, 204, 206, 209, 213, 214, 218, 223, 236, 237, 249, 259, 261, 274, 276, 283, 285, 292, 308, 314, 316, 318, 320, 335, 337, 339, 348]
356: [6, 8, 14, 22, 29, 44, 45, 47, 51, 53, 60, 61, 64, 70, 72, 85, 92, 93, 104, 112, 113, 117, 118, 123, 132, 137, 140, 142, 147, 148, 156, 157, 159, 170, 173, 178, 183, 188, 205, 208, 217, 223, 231, 237, 244, 248, 259, 260, 267, 270, 278, 279, 282, 285, 289, 290, 292, 297, 305, 306, 309, 316, 324, 325, 339]
357: [9, 16, 28, 30, 33, 34, 47, 50, 53, 60, 63, 64, 68, 71, 78, 86, 94, 95, 96, 105, 109, 121, 122, 129, 130, 136, 137, 143, 150, 161, 172, 174, 182, 189, 194, 200, 206, 210, 213, 216, 232, 233, 241, 245, 248, 250, 251, 254, 255, 265, 272, 274, 291, 295, 299, 306, 311, 322, 323, 328, 330, 338, 339, 343, 346, 351]
358: [1, 7, 9, 11, 22, 26, 29, 31, 64, 66, 70, 80, 84, 92, 99, 116, 119, 126, 140, 161, 169, 174, 181, 183, 189, 192, 197, 200, 203, 205, 210, 211, 212, 213, 215, 220, 241, 245, 246, 256, 263, 264, 271, 282, 290, 293, 299, 300, 310, 317, 318, 353, 354]
359: [1, 2, 20, 22, 25, 26, 30, 31, 37, 48, 54, 63, 71, 83, 88, 92, 94, 101, 113, 115, 118, 122, 126, 144, 150, 155, 161, 162, 168, 169, 172, 181, 187, 189, 193, 195, 200, 205, 210, 211, 215, 216, 220, 227, 231, 242, 246, 273, 274, 276, 282, 283, 288, 294, 295, 306, 307, 310, 311, 312, 322, 323, 330, 351, 357]
360: [3, 5, 16, 19, 22, 25, 32, 35, 38, 56, 57, 62, 69, 72, 83, 96, 98, 102, 107, 118, 124, 128, 129, 136, 139, 142, 146, 147, 162, 183, 192, 203, 220, 226, 236, 241, 246, 248, 258, 265, 267, 275, 283, 291, 294, 314, 326, 327, 328, 337, 341, 344, 349, 353]
361: [2, 3, 9, 18, 30, 32, 33, 34, 39, 43, 44, 51, 59, 60, 67, 71, 73, 86, 87, 94, 95, 96, 103, 122, 133, 152, 159, 164, 169, 172, 174, 177, 182, 189, 195, 200, 203, 204, 206, 213, 215, 216, 223, 235, 249, 257, 262, 264, 265, 267, 274, 283, 294, 295, 298, 299, 302, 309, 320, 323, 332, 339, 343, 357, 359]
362: [3, 5, 12, 18, 19, 24, 26, 28, 29, 30, 35, 38, 39, 43, 46, 49, 50, 51, 52, 53, 56, 57, 59, 65, 66, 67, 68, 75, 86, 87, 91, 102, 105, 106, 109, 110, 114, 118, 130, 135, 136, 138, 142, 147, 151, 154, 155, 159, 160, 162, 166, 169, 171, 180, 184, 185, 189, 192, 195, 203, 204, 208, 211, 213, 215, 218, 220, 221, 237, 241, 245, 256, 259, 260, 263, 265, 271, 276, 279, 281, 291, 294, 298, 305, 307, 309, 314, 315, 316, 324, 326, 327, 334, 338, 341, 345, 353, 360, 361]
363: [5, 6, 16, 20, 22, 27, 30, 37, 41, 50, 54, 59, 66, 68, 69, 81, 105, 115, 122, 127, 129, 131, 142, 145, 149, 154, 156, 161, 169, 173, 193, 197, 203, 211, 220, 227, 235, 237, 239, 247, 267, 298, 301, 312, 316, 321, 329, 334, 340, 343, 345, 349, 352]
364: [3, 25, 32, 35, 56, 69, 72, 96, 98, 118, 129, 136, 142, 162, 180, 192, 203, 218, 226, 236, 258, 265, 270, 275, 291, 314, 323, 326, 328, 337, 338, 344, 360, 362]
365: [6, 17, 22, 27, 31, 41, 49, 54, 59, 62, 69, 78, 100, 103, 104, 105, 107, 120, 127, 145, 158, 167, 174, 182, 190, 193, 208, 211, 227, 231, 232, 235, 236, 238, 242, 246, 247, 253, 273, 274, 279, 283, 284, 294, 298, 301, 310, 351, 359, 363]
366: [1, 24, 25, 40, 60, 62, 63, 75, 80, 82, 86, 97, 103, 104, 106, 109, 110, 130, 145, 157, 159, 163, 183, 185, 194, 218, 242, 249, 250, 252, 256, 265, 266, 269, 274, 277, 282, 285, 288, 299, 308, 318, 326, 332, 335, 338, 343, 345, 353, 355]
367: [3, 6, 13, 14, 15, 16, 21, 39, 40, 49, 62, 69, 73, 74, 75, 93, 95, 100, 101, 104, 109, 110, 111, 119, 128, 146, 147, 158, 159, 160, 163, 165, 170, 171, 181, 182, 183, 185, 204, 209, 211, 227, 231, 246, 256, 273, 276, 282, 295, 317, 326, 341, 344, 350, 353, 355, 363, 366]
368: [10, 14, 16, 17, 26, 28, 30, 34, 43, 50, 51, 60, 65, 67, 72, 73, 77, 78, 81, 99, 107, 108, 111, 115, 116, 124, 125, 131, 144, 145, 161, 177, 190, 191, 192, 193, 195, 200, 204, 206, 208, 210, 213, 214, 215, 224, 228, 232, 234, 236, 240, 243, 245, 251, 257, 266, 271, 276, 277, 280, 281, 284, 292, 297, 299, 300, 302, 303, 304, 305, 309, 315, 321, 322, 329, 330, 331, 332, 337, 343, 346, 351, 361]
369: [3, 4, 8, 12, 15, 17, 22, 25, 28, 30, 40, 41, 44, 53, 56, 60, 65, 75, 82, 94, 98, 101, 106, 122, 123, 132, 133, 134, 135, 136, 147, 148, 151, 155, 156, 158, 172, 177, 182, 188, 190, 192, 196, 199, 221, 236, 240, 243, 244, 245, 251, 253, 256, 257, 268, 276, 282, 284, 286, 293, 319, 322, 323, 329, 330, 335, 338, 342, 347, 349, 368]
370: [3, 6, 22, 24, 48, 61, 62, 63, 69, 75, 94, 95, 96, 97, 98, 104, 106, 109, 117, 118, 137, 151, 159, 163, 168, 170, 177, 181, 183, 185, 186, 187, 189, 224, 240, 241, 244, 253, 256, 262, 270, 273, 276, 282, 290, 309, 317, 333, 335, 337, 344, 353, 356, 366, 367]
371: [3, 19, 37, 44, 54, 57, 60, 62, 64, 68, 72, 75, 77, 78, 81, 100, 104, 107, 109, 127, 133, 143, 145, 154, 158, 180, 183, 185, 188, 195, 204, 209, 213, 214, 217, 229, 233, 237, 244, 246, 247, 252, 256, 276, 278, 282, 283, 284, 292, 300, 303, 310, 316, 331, 338, 343, 353, 354, 355, 366, 367, 368, 370]
372: [11, 15, 19, 26, 29, 31, 33, 41, 46, 49, 51, 62, 68, 69, 75, 78, 89, 93, 105, 109, 110, 120, 127, 146, 151, 158, 159, 163, 170, 180, 197, 204, 212, 216, 229, 235, 236, 246, 248, 254, 256, 259, 271, 281, 284, 292, 298, 304, 305, 309, 310, 315, 319, 326, 334, 338, 345, 349, 351, 362, 365, 371]
373: [2, 3, 9, 14, 30, 40, 44, 50, 51, 57, 60, 71, 72, 78, 91, 99, 107, 109, 115, 122, 123, 131, 132, 158, 172, 184, 189, 194, 200, 202, 216, 217, 218, 225, 226, 227, 232, 246, 250, 255, 262, 274, 276, 279, 286, 295, 304, 305, 315, 319, 320, 323, 327, 332, 333, 335, 346, 347, 351, 353, 357, 359, 361, 368, 369]
374: [1, 9, 19, 22, 26, 35, 40, 41, 49, 52, 63, 64, 78, 94, 98, 103, 107, 111, 113, 120, 124, 127, 128, 130, 131, 136, 140, 148, 156, 158, 161, 172, 176, 177, 183, 192, 197, 198, 201, 202, 210, 216, 220, 227, 229, 231, 234, 236, 241, 246, 247, 252, 257, 261, 263, 267, 268, 270, 274, 275, 276, 277, 279, 285, 290, 292, 293, 294, 303, 310, 313, 317, 320, 323, 327, 330, 336, 337, 342, 350, 353, 358, 360, 367]
375: [2, 6, 9, 14, 17, 22, 23, 34, 36, 39, 40, 44, 49, 66, 67, 71, 85, 87, 89, 102, 121, 123, 128, 129, 136, 138, 140, 144, 147, 154, 155, 157, 161, 177, 183, 186, 188, 193, 197, 213, 231, 245, 248, 250, 251, 259, 260, 278, 283, 288, 292, 293, 295, 297, 298, 299, 303, 307, 310, 316, 340, 341, 353, 358, 368, 374]
376: [5, 12, 19, 40, 43, 52, 110, 118, 137, 148, 180, 192, 198, 216, 230, 249, 257, 269, 279, 281, 282, 288, 298, 309, 335, 338, 343, 350, 354, 362, 366, 372, 374]
377: [3, 5, 8, 16, 20, 43, 44, 50, 67, 69, 72, 81, 84, 106, 121, 133, 140, 144, 145, 151, 166, 172, 180, 185, 186, 188, 189, 190, 195, 202, 206, 209, 211, 223, 224, 226, 234, 241, 244, 245, 247, 249, 259, 269, 275, 281, 285, 290, 297, 306, 308, 309, 310, 313, 316, 318, 333, 335, 339, 349, 354, 355, 356, 370, 371]
378: [6, 17, 21, 37, 40, 45, 51, 52, 53, 54, 74, 85, 88, 92, 94, 98, 102, 116, 125, 132, 135, 140, 157, 160, 161, 164, 170, 175, 177, 178, 184, 201, 208, 211, 212, 226, 237, 238, 240, 244, 246, 254, 262, 275, 277, 290, 301, 306, 309, 311, 321, 323, 324, 325, 331, 336, 340, 344, 354, 356, 370]
379: [2, 8, 9, 15, 16, 22, 28, 48, 101, 105, 110, 113, 122, 128, 140, 144, 147, 155, 161, 183, 193, 195, 196, 197, 223, 233, 236, 285, 297, 307, 310, 312, 335, 338, 339, 353, 356, 358, 359, 369, 374, 375, 377]
380: [2, 11, 13, 28, 36, 46, 70, 73, 75, 77, 81, 84, 92, 107, 136, 143, 153, 163, 167, 178, 182, 189, 191, 195, 204, 205, 209, 213, 214, 217, 218, 222, 226, 227, 229, 237, 250, 274, 276, 283, 284, 309, 316, 333, 336, 344, 355, 362, 371, 373]
381: [40, 41, 55, 67, 74, 77, 97, 102, 134, 144, 153, 160, 167, 194, 196, 228, 232, 244, 254, 257, 258, 280, 307, 313, 335, 347]
382: [9, 11, 17, 18, 25, 36, 40, 59, 65, 68, 73, 75, 80, 81, 91, 104, 108, 113, 116, 118, 130, 131, 140, 144, 147, 148, 149, 151, 159, 166, 184, 190, 191, 198, 200, 207, 208, 211, 224, 226, 235, 236, 239, 242, 249, 269, 272, 275, 276, 281, 287, 288, 302, 309, 328, 334, 335, 343, 349, 361, 362, 366, 376, 378]
383: [7, 11, 14, 26, 36, 49, 56, 58, 69, 70, 71, 73, 75, 77, 85, 87, 89, 90, 103, 106, 110, 115, 125, 139, 151, 157, 170, 175, 185, 192, 193, 216, 217, 226, 227, 229, 231, 240, 258, 284, 288, 301, 309, 312, 319, 326, 332, 345, 346, 347, 351, 375, 380]
384: [7, 17, 21, 23, 30, 32, 33, 43, 57, 58, 64, 71, 74, 80, 87, 93, 105, 107, 124, 131, 132, 139, 143, 151, 152, 160, 163, 166, 167, 170, 175, 176, 180, 192, 196, 197, 216, 226, 229, 247, 256, 257, 258, 260, 263, 268, 271, 281, 283, 293, 299, 316, 321, 326, 331, 345, 346, 347, 350, 376, 383]
385: [14, 21, 109, 111, 128, 134, 165, 183, 201, 228, 239, 291, 307, 344, 367, 381]
386: [9, 12, 14, 16, 18, 19, 23, 29, 34, 43, 51, 63, 66, 67, 69, 72, 74, 78, 79, 81, 89, 90, 99, 106, 110, 115, 117, 126, 127, 128, 130, 132, 139, 140, 141, 142, 147, 148, 149, 152, 175, 181, 185, 190, 192, 193, 195, 203, 210, 211, 213, 215, 217, 220, 223, 232, 246, 248, 254, 256, 258, 259, 269, 273, 274, 275, 277, 287, 293, 294, 304, 305, 308, 310, 312, 315, 316, 322, 325, 332, 338, 342, 346, 349, 351, 362, 368, 372, 373, 379, 382, 383]
387: [9, 11, 19, 22, 41, 46, 52, 60, 78, 79, 83, 100, 104, 105, 135, 140, 161, 166, 173, 176, 183, 184, 197, 206, 221, 232, 242, 246, 263, 270, 271, 274, 289, 298, 300, 310, 315, 319, 330, 353, 358, 365, 374, 375, 378, 379]
388: [12, 17, 20, 24, 29, 30, 49, 50, 57, 65, 66, 67, 105, 114, 122, 131, 137, 139, 154, 155, 185, 195, 204, 211, 213, 220, 221, 241, 242, 245, 256, 259, 260, 263, 294, 301, 316, 327, 341, 347, 362, 384, 386]
389: [13, 80, 93, 97, 103, 145, 159, 198, 213, 227, 231, 235, 318, 325, 332, 366, 367]
390: [10, 21, 22, 27, 29, 33, 39, 43, 49, 57, 61, 62, 64, 70, 74, 83, 86, 87, 93, 113, 123, 132, 133, 137, 141, 143, 147, 152, 157, 160, 169, 173, 174, 176, 179, 190, 196, 203, 208, 211, 224, 245, 247, 248, 249, 257, 261, 266, 267, 273, 274, 275, 288, 289, 292, 293, 298, 305, 306, 324, 328, 333, 340, 350, 356, 361, 362, 384]
391: [7, 8, 9, 10, 11, 17, 19, 20, 22, 24, 26, 27, 41, 47, 48, 66, 78, 79, 81, 88, 90, 92, 100, 104, 105, 109, 111, 117, 119, 120, 126, 133, 135, 140, 144, 156, 161, 163, 179, 183, 187, 190, 194, 197, 199, 204, 207, 208, 223, 224, 228, 232, 233, 234, 238, 242, 245, 246, 257, 264, 274, 280, 281, 285, 297, 298, 304, 310, 314, 337, 339, 340, 343, 350, 353, 354, 356, 358, 365, 368, 374, 375, 377, 379, 387]
392: [4, 5, 7, 10, 19, 25, 31, 52, 54, 56, 58, 69, 75, 90, 94, 96, 98, 99, 101, 106, 116, 124, 125, 128, 136, 138, 140, 148, 151, 155, 162, 164, 170, 174, 175, 177, 180, 185, 187, 192, 198, 201, 211, 216, 226, 229, 233, 237, 238, 258, 275, 279, 286, 294, 296, 301, 321, 323, 324, 326, 328, 329, 337, 344, 345, 350, 354, 360, 364, 365, 369, 371, 374, 376, 378, 383, 384, 391]
393: [5, 11, 17, 27, 30, 34, 43, 45, 51, 52, 67, 69, 71, 72, 75, 89, 99, 102, 105, 106, 120, 121, 122, 126, 128, 131, 132, 144, 145, 147, 152, 172, 175, 179, 180, 181, 186, 187, 188, 189, 190, 200, 208, 215, 216, 223, 245, 246, 248, 265, 269, 274, 277, 280, 281, 291, 292, 295, 304, 313, 315, 323, 325, 341, 349, 357, 359, 361, 365, 372, 373, 375, 377, 381, 386, 391]
394: [11, 12, 17, 21, 23, 26, 27, 28, 30, 31, 33, 35, 38, 43, 61, 65, 70, 72, 73, 74, 77, 86, 91, 107, 108, 111, 112, 114, 120, 126, 127, 128, 132, 133, 136, 137, 143, 144, 145, 147, 152, 160, 168, 171, 174, 176, 179, 183, 185, 190, 191, 193, 196, 200, 208, 210, 213, 215, 219, 224, 235, 243, 245, 248, 251, 257, 263, 264, 267, 269, 271, 273, 275, 276, 277, 280, 282, 283, 284, 292, 297, 298, 299, 300, 302, 303, 305, 309, 317, 322, 324, 327, 329, 331, 332, 335, 340, 343, 346, 350, 351, 352, 353, 356, 358, 368, 369, 371, 384, 390]
395: [8, 13, 14, 32, 43, 61, 62, 72, 77, 78, 88, 93, 99, 101, 112, 114, 122, 124, 145, 146, 151, 182, 193, 199, 204, 208, 216, 219, 227, 231, 241, 242, 253, 267, 274, 276, 284, 285, 292, 295, 297, 298, 300, 303, 324, 328, 331, 332, 343, 353, 360, 362, 367, 368, 371, 389, 394]
396: [2, 15, 18, 29, 39, 41, 48, 49, 52, 55, 59, 68, 70, 73, 75, 91, 93, 101, 113, 118, 119, 123, 144, 146, 147, 155, 158, 159, 169, 172, 175, 182, 193, 195, 206, 210, 211, 213, 239, 243, 272, 274, 280, 281, 289, 292, 295, 303, 307, 308, 312, 323, 334, 342, 350, 356, 359, 362, 367, 374, 379, 382, 390]
397: [9, 14, 15, 17, 21, 26, 27, 28, 32, 33, 36, 39, 41, 43, 50, 51, 71, 74, 81, 87, 95, 96, 107, 109, 120, 121, 122, 129, 130, 131, 132, 136, 137, 143, 146, 152, 154, 160, 164, 176, 177, 186, 190, 196, 204, 208, 209, 213, 214, 223, 233, 235, 237, 245, 250, 251, 254, 255, 259, 260, 265, 274, 278, 283, 293, 294, 295, 298, 299, 303, 310, 316, 320, 330, 339, 350, 351, 355, 356, 357, 361, 365, 371, 372, 375, 380, 384, 390, 391, 393, 394]
398: [5, 6, 16, 32, 41, 50, 60, 61, 64, 74, 96, 101, 102, 104, 105, 114, 117, 118, 123, 133, 137, 154, 159, 160, 170, 174, 175, 221, 222, 232, 244, 250, 258, 262, 270, 292, 306, 311, 327, 334, 356, 362, 370, 378, 381, 388]
399: [4, 5, 21, 26, 41, 47, 52, 53, 58, 62, 73, 75, 78, 95, 100, 104, 105, 109, 113, 117, 123, 146, 154, 160, 166, 178, 179, 183, 185, 195, 196, 210, 212, 232, 237, 242, 246, 255, 256, 267, 274, 275, 277, 281, 282, 283, 288, 298, 302, 323, 329, 331, 345, 346, 353, 362, 365, 366, 367, 370, 371, 387, 391, 394]
400: [2, 18, 22, 29, 36, 41, 44, 48, 52, 64, 68, 73, 77, 82, 93, 101, 112, 113, 120, 123, 126, 127, 131, 134, 144, 146, 148, 149, 151, 155, 157, 159, 162, 169, 170, 172, 173, 192, 193, 195, 198, 200, 202, 206, 210, 212, 213, 216, 225, 243, 254, 256, 263, 267, 274, 279, 292, 293, 303, 306, 307, 308, 309, 312, 323, 334, 342, 345, 348, 350, 356, 359, 372, 374, 376, 379, 390, 392, 396]
401: [4, 9, 28, 33, 38, 50, 66, 67, 88, 92, 102, 105, 109, 117, 130, 136, 137, 139, 140, 157, 159, 188, 192, 197, 210, 225, 228, 233, 234, 237, 247, 254, 271, 314, 323, 330, 337, 345, 351, 357, 391, 397]
402: [4, 8, 17, 20, 28, 30, 47, 50, 58, 61, 62, 65, 76, 77, 98, 99, 105, 107, 109, 116, 125, 131, 150, 154, 163, 165, 168, 179, 181, 185, 188, 190, 193, 196, 201, 204, 206, 210, 214, 217, 221, 232, 234, 243, 251, 253, 261, 265, 266, 278, 286, 289, 294, 301, 302, 304, 313, 314, 315, 322, 324, 329, 330, 333, 340, 368, 369, 394]
403: [16, 20, 32, 47, 61, 64, 68, 72, 78, 98, 121, 125, 129, 152, 186, 194, 206, 210, 211, 216, 219, 224, 232, 239, 241, 243, 245, 265, 272, 290, 291, 295, 309, 322, 326, 333, 357, 360, 364, 370, 377, 399]
404: [2, 3, 5, 6, 13, 16, 26, 31, 32, 37, 42, 60, 62, 64, 70, 76, 88, 96, 101, 105, 108, 113, 123, 131, 133, 135, 140, 141, 144, 147, 154, 157, 158, 160, 163, 170, 173, 174, 177, 188, 189, 204, 210, 213, 217, 221, 226, 227, 238, 241, 250, 259, 261, 264, 276, 277, 278, 289, 292, 305, 306, 333, 336, 340, 348, 352, 354, 356, 373, 380, 390, 396, 398]
405: [8, 10, 11, 12, 17, 18, 24, 25, 48, 61, 64, 72, 79, 80, 81, 101, 113, 117, 144, 159, 163, 166, 177, 179, 184, 188, 191, 197, 199, 203, 207, 208, 219, 224, 228, 233, 239, 242, 245, 272, 276, 278, 281, 297, 298, 304, 312, 328, 340, 368, 371, 382, 391, 395]
406: [2, 35, 42, 47, 48, 50, 64, 71, 77, 92, 101, 103, 107, 113, 116, 132, 144, 155, 191, 193, 195, 203, 210, 218, 220, 222, 227, 234, 255, 260, 274, 296, 304, 307, 312, 315, 324, 336, 349, 359, 368, 374, 379, 380, 396, 400, 402]
407: [3, 6, 9, 16, 20, 22, 29, 39, 46, 48, 50, 53, 54, 69, 73, 74, 79, 80, 93, 95, 105, 106, 108, 111, 117, 119, 125, 126, 127, 130, 131, 135, 151, 155, 157, 163, 164, 170, 181, 185, 189, 191, 200, 204, 218, 219, 224, 231, 236, 240, 253, 264, 271, 274, 277, 280, 286, 290, 297, 300, 309, 316, 325, 331, 335, 336, 337, 342, 343, 350, 351, 354, 368, 369, 370, 378, 391, 394]
408: [6, 9, 11, 12, 14, 19, 26, 36, 41, 50, 61, 64, 65, 70, 73, 75, 77, 82, 86, 90, 94, 96, 104, 117, 118, 120, 131, 133, 137, 140, 151, 156, 159, 160, 170, 184, 187, 192, 194, 201, 202, 216, 218, 225, 226, 229, 233, 244, 246, 257, 265, 270, 274, 284, 285, 291, 293, 307, 309, 323, 327, 330, 332, 354, 355, 356, 366, 369, 370, 373, 374, 380, 383, 391, 398, 400]
409: [3, 10, 22, 26, 29, 38, 39, 44, 45, 51, 52, 53, 85, 88, 92, 108, 123, 130, 131, 132, 135, 136, 144, 147, 157, 158, 162, 171, 178, 206, 213, 224, 225, 236, 260, 261, 263, 276, 290, 292, 298, 306, 309, 315, 326, 327, 340, 356, 362, 378, 383, 400, 404]
410: [3, 9, 10, 13, 18, 32, 34, 37, 43, 44, 47, 61, 62, 64, 71, 72, 73, 76, 77, 78, 98, 103, 104, 105, 114, 126, 129, 133, 148, 150, 152, 166, 173, 180, 188, 210, 223, 227, 234, 238, 244, 247, 248, 256, 257, 261, 272, 280, 282, 296, 297, 310, 311, 326, 328, 329, 337, 339, 346, 347, 354, 357, 360, 364, 371, 377, 403]
411: [3, 9, 12, 15, 17, 19, 22, 23, 24, 26, 27, 28, 30, 33, 34, 35, 42, 44, 52, 56, 60, 63, 65, 67, 72, 74, 90, 92, 103, 104, 107, 112, 114, 120, 121, 131, 133, 136, 140, 142, 143, 144, 147, 151, 157, 161, 168, 170, 180, 183, 188, 190, 192, 194, 197, 198, 202, 205, 208, 210, 214, 229, 238, 241, 243, 244, 245, 247, 251, 258, 262, 263, 264, 266, 267, 268, 269, 273, 274, 283, 284, 287, 290, 299, 310, 313, 322, 329, 338, 345, 352, 353, 354, 358, 365, 368, 369, 371, 374, 375, 377, 379, 382, 386, 387, 391, 393, 394, 397, 402, 410]
412: [11, 24, 31, 41, 48, 60, 66, 70, 81, 85, 88, 92, 109, 117, 126, 140, 163, 171, 179, 194, 197, 199, 201, 209, 213, 228, 231, 233, 234, 245, 250, 263, 264, 265, 266, 281, 282, 299, 300, 308, 314, 317, 318, 340, 358, 366, 386, 391, 393, 394, 401, 405, 408]
413: [9, 12, 14, 20, 28, 29, 30, 33, 35, 47, 50, 59, 64, 66, 67, 79, 101, 111, 117, 119, 122, 127, 129, 130, 132, 135, 136, 137, 142, 148, 161, 163, 169, 176, 179, 183, 185, 195, 204, 205, 210, 213, 220, 231, 237, 247, 254, 256, 259, 260, 261, 273, 279, 280, 285, 294, 296, 298, 316, 321, 324, 330, 337, 340, 341, 342, 349, 351, 356, 357, 362, 363, 386, 388, 390, 391, 397, 401, 405, 406, 407]
414: [14, 17, 27, 90, 95, 106, 110, 115, 120, 139, 167, 181, 190, 193, 208, 217, 226, 274, 275, 290, 332, 351, 365, 378, 380, 382, 383, 386, 391, 393, 397, 407, 411]
415: [2, 3, 4, 9, 12, 13, 15, 16, 18, 26, 30, 34, 35, 42, 44, 45, 50, 51, 52, 56, 59, 60, 68, 71, 72, 75, 78, 88, 91, 93, 94, 98, 107, 108, 112, 114, 116, 118, 122, 125, 127, 129, 136, 140, 141, 143, 147, 159, 161, 164, 168, 169, 177, 187, 188, 198, 210, 211, 214, 226, 227, 231, 232, 234, 237, 238, 255, 258, 262, 266, 269, 277, 281, 283, 284, 298, 302, 316, 317, 320, 321, 323, 334, 337, 341, 343, 353, 354, 361, 362, 363, 367, 368, 373, 378, 382, 389, 392, 393, 394, 395, 396, 411, 413]
416: [5, 6, 8, 10, 15, 16, 17, 19, 20, 27, 29, 48, 49, 57, 68, 79, 82, 85, 87, 88, 94, 98, 107, 108, 111, 117, 119, 120, 128, 135, 144, 147, 154, 157, 158, 163, 172, 177, 179, 190, 192, 199, 203, 204, 208, 213, 231, 240, 243, 252, 261, 262, 274, 280, 283, 288, 293, 294, 297, 310, 329, 334, 337, 338, 340, 344, 345, 352, 353, 360, 365, 370, 372, 378, 391, 393, 397, 404, 407, 409, 411, 413, 414]
417: [2, 5, 10, 30, 45, 49, 51, 52, 58, 64, 66, 69, 70, 71, 85, 86, 89, 91, 100, 109, 113, 123, 127, 138, 144, 146, 152, 154, 155, 157, 161, 167, 170, 187, 188, 193, 196, 211, 212, 223, 224, 231, 246, 261, 269, 273, 275, 278, 283, 288, 289, 292, 293, 307, 315, 316, 325, 329, 333, 340, 341, 345, 356, 368, 375, 383, 384, 386, 390, 393, 396, 399, 404, 415]
418: [10, 19, 21, 33, 35, 39, 47, 54, 62, 64, 67, 75, 90, 104, 106, 109, 124, 125, 128, 132, 138, 144, 160, 167, 179, 180, 183, 185, 187, 210, 226, 233, 234, 237, 256, 272, 275, 277, 282, 287, 288, 295, 296, 301, 306, 324, 329, 331, 335, 344, 353, 366, 367, 370, 371, 380, 392, 399, 406, 410, 413, 414]
419: [1, 2, 4, 5, 18, 20, 27, 28, 36, 39, 56, 62, 66, 68, 71, 73, 82, 85, 86, 94, 96, 99, 106, 109, 113, 127, 131, 132, 135, 138, 141, 142, 144, 146, 148, 150, 154, 155, 156, 160, 161, 162, 165, 175, 184, 193, 202, 203, 207, 215, 216, 226, 232, 243, 260, 262, 265, 279, 291, 293, 301, 302, 307, 312, 316, 321, 323, 334, 337, 340, 342, 345, 348, 349, 353, 355, 362, 363, 375, 417]
420: [1, 5, 13, 26, 38, 52, 53, 54, 72, 81, 94, 98, 106, 107, 116, 132, 140, 143, 158, 163, 164, 193, 197, 199, 204, 206, 209, 211, 213, 214, 227, 233, 237, 238, 256, 264, 283, 296, 305, 316, 319, 321, 323, 332, 342, 354, 355, 371, 372, 378, 380, 386, 392, 397, 415]
421: [9, 13, 17, 19, 21, 28, 30, 45, 48, 50, 51, 53, 57, 58, 64, 65, 70, 71, 74, 84, 85, 88, 92, 93, 105, 114, 118, 126, 128, 131, 132, 133, 137, 143, 154, 157, 159, 160, 164, 167, 170, 176, 178, 184, 190, 194, 202, 218, 221, 222, 225, 227, 231, 237, 243, 246, 249, 251, 262, 270, 273, 290, 293, 304, 307, 309, 312, 317, 322, 324, 325, 327, 329, 332, 336, 354, 356, 362, 367, 368, 369, 373, 377, 378, 384, 388, 389, 394, 395, 398, 402, 408, 409, 410, 411, 415, 417]
422: [7, 8, 21, 24, 29, 31, 37, 39, 40, 41, 42, 48, 54, 63, 74, 76, 88, 97, 99, 105, 106, 108, 109, 115, 121, 127, 141, 154, 159, 160, 163, 166, 170, 173, 178, 181, 183, 194, 199, 200, 202, 204, 215, 220, 221, 233, 237, 245, 246, 249, 253, 254, 269, 271, 273, 288, 296, 297, 305, 322, 324, 330, 335, 343, 350, 351, 358, 359, 361, 366, 367, 370, 376, 382, 395, 404, 421]
423: [10, 14, 15, 29, 35, 54, 56, 61, 70, 80, 90, 97, 103, 104, 106, 110, 115, 119, 139, 145, 146, 148, 154, 159, 160, 170, 173, 177, 188, 193, 194, 201, 202, 205, 207, 208, 209, 217, 220, 227, 241, 242, 246, 255, 259, 267, 279, 287, 293, 306, 332, 334, 336, 351, 366, 374, 381, 383, 386, 389, 406, 414]
424: [5, 11, 16, 32, 45, 51, 53, 54, 60, 68, 69, 72, 87, 96, 101, 106, 123, 127, 133, 135, 150, 152, 174, 182, 187, 188, 192, 193, 206, 223, 225, 227, 236, 240, 246, 250, 252, 253, 269, 273, 275, 278, 282, 292, 293, 311, 315, 316, 325, 330, 335, 341, 342, 343, 354, 356, 369, 386, 393, 398, 401, 404, 405, 407, 415, 417, 420]
425: [1, 3, 8, 22, 24, 25, 41, 44, 56, 68, 76, 78, 88, 91, 103, 108, 129, 134, 135, 141, 142, 144, 145, 147, 152, 157, 158, 163, 181, 182, 186, 192, 194, 197, 199, 221, 223, 244, 249, 253, 256, 261, 264, 268, 271, 276, 282, 287, 293, 337, 340, 346, 347, 361, 369, 404, 409, 416, 422]
426: [3, 5, 13, 15, 17, 20, 22, 32, 34, 52, 67, 68, 71, 78, 79, 84, 89, 100, 107, 109, 113, 122, 123, 125, 135, 142, 146, 147, 154, 157, 179, 194, 196, 198, 203, 205, 208, 212, 219, 220, 224, 226, 232, 248, 252, 262, 269, 275, 283, 284, 286, 287, 288, 292, 298, 301, 312, 314, 325, 326, 329, 340, 345, 375, 378, 382, 392, 393, 399, 414, 416, 417]
427: [1, 6, 10, 11, 16, 17, 36, 38, 40, 48, 49, 54, 56, 61, 63, 66, 70, 71, 73, 74, 75, 77, 81, 84, 92, 96, 104, 105, 116, 117, 118, 119, 120, 130, 131, 137, 138, 144, 153, 159, 169, 170, 175, 176, 200, 203, 205, 208, 210, 218, 224, 226, 228, 229, 231, 243, 244, 245, 269, 270, 274, 281, 284, 296, 297, 304, 306, 309, 318, 327, 333, 350, 356, 358, 368, 370, 380, 383, 391, 398, 401, 405, 407, 408, 416, 423]
428: [4, 9, 11, 15, 17, 18, 24, 27, 33, 41, 51, 56, 71, 74, 75, 78, 79, 81, 88, 89, 92, 94, 96, 101, 105, 118, 120, 130, 132, 140, 146, 147, 148, 149, 150, 153, 156, 163, 184, 190, 196, 208, 211, 225, 226, 230, 232, 234, 235, 242, 246, 252, 254, 258, 259, 260, 264, 265, 274, 284, 287, 291, 292, 302, 310, 311, 322, 335, 337, 340, 348, 349, 351, 352, 355, 365, 372, 382, 386, 391, 393, 397, 411, 414, 416, 419]
429: [1, 8, 16, 20, 25, 26, 31, 35, 37, 40, 41, 62, 63, 83, 90, 92, 103, 107, 110, 122, 124, 125, 128, 131, 139, 142, 146, 156, 157, 166, 191, 195, 199, 200, 202, 203, 208, 218, 220, 222, 223, 227, 229, 241, 257, 263, 267, 269, 274, 276, 282, 288, 290, 297, 301, 310, 311, 312, 328, 330, 331, 332, 336, 343, 345, 347, 349, 353, 359, 360, 363, 366, 374, 379, 380, 383, 386, 392, 395, 406, 411, 419, 422, 423]
430: [4, 12, 15, 16, 19, 32, 34, 37, 38, 41, 42, 43, 48, 51, 54, 59, 60, 62, 65, 67, 68, 74, 76, 78, 82, 86, 90, 91, 93, 94, 105, 108, 112, 113, 127, 131, 133, 138, 141, 142, 147, 151, 152, 154, 156, 157, 163, 165, 168, 170, 173, 177, 179, 188, 194, 195, 198, 204, 206, 207, 213, 215, 218, 221, 222, 223, 231, 232, 238, 241, 244, 246, 247, 249, 252, 257, 258, 259, 262, 264, 266, 273, 274, 277, 284, 288, 299, 305, 319, 321, 323, 330, 331, 336, 337, 338, 348, 350, 352, 361, 368, 369, 384, 386, 404, 407, 408, 411, 416, 419, 422, 425, 426, 427]
431: [4, 30, 45, 47, 54, 57, 58, 61, 82, 83, 91, 97, 107, 109, 117, 119, 124, 125, 147, 150, 162, 166, 170, 172, 185, 188, 199, 205, 207, 208, 242, 246, 248, 255, 277, 279, 282, 293, 301, 313, 323, 324, 334, 353, 360, 373, 375, 399, 402, 423]
432: [1, 7, 10, 11, 14, 15, 23, 29, 34, 36, 38, 39, 41, 56, 62, 66, 70, 71, 73, 75, 77, 79, 84, 90, 92, 106, 109, 110, 113, 115, 116, 119, 121, 124, 125, 128, 130, 138, 139, 159, 169, 170, 171, 182, 186, 187, 193, 200, 203, 205, 210, 217, 218, 224, 225, 226, 229, 232, 255, 260, 274, 284, 293, 296, 308, 309, 318, 324, 328, 329, 331, 332, 346, 348, 351, 358, 375, 380, 383, 386, 392, 398, 408, 414, 418, 423, 427]
433: [16, 31, 48, 49, 54, 62, 69, 71, 74, 77, 78, 95, 105, 120, 127, 131, 144, 155, 157, 158, 164, 170, 181, 182, 185, 197, 203, 218, 231, 234, 235, 236, 255, 256, 274, 284, 302, 312, 316, 325, 331, 336, 349, 350, 351, 365, 372, 378, 406, 407, 414, 422, 425, 427, 430]
434: [7, 10, 15, 17, 32, 33, 41, 45, 48, 51, 52, 53, 58, 67, 68, 82, 85, 88, 92, 96, 102, 105, 132, 135, 147, 151, 153, 154, 157, 161, 170, 175, 178, 184, 190, 192, 196, 208, 216, 223, 226, 229, 230, 231, 234, 244, 246, 258, 259, 262, 265, 273, 275, 290, 291, 306, 309, 311, 320, 322, 326, 339, 345, 356, 361, 378, 382, 383, 384, 387, 392, 397, 398, 409, 411, 414, 416, 421, 426, 427, 428]
435: [4, 6, 9, 14, 18, 25, 26, 27, 41, 48, 53, 63, 66, 68, 81, 88, 92, 103, 107, 109, 116, 117, 124, 127, 128, 130, 131, 132, 136, 140, 143, 147, 148, 149, 155, 157, 198, 202, 206, 211, 212, 220, 228, 229, 233, 234, 237, 241, 246, 249, 254, 263, 267, 287, 290, 296, 305, 310, 314, 323, 324, 334, 340, 342, 349, 363, 374, 382, 386, 391, 401, 411, 412, 419, 422, 428, 429]
436: [3, 19, 32, 39, 44, 48, 53, 54, 69, 72, 73, 80, 88, 97, 98, 103, 108, 109, 129, 133, 135, 137, 144, 145, 147, 154, 157, 158, 159, 180, 185, 188, 195, 202, 208, 220, 233, 237, 244, 246, 247, 248, 252, 254, 261, 281, 296, 298, 302, 305, 310, 324, 326, 332, 339, 340, 343, 354, 356, 360, 362, 364, 366, 371, 377, 389, 390, 392, 394, 399, 403, 404, 407, 409, 410, 411, 416, 417, 418, 422, 423, 425, 433, 435]
437: [10, 14, 15, 16, 18, 20, 36, 39, 51, 53, 71, 80, 85, 87, 88, 89, 94, 103, 108, 110, 121, 125, 128, 129, 131, 135, 136, 142, 144, 147, 154, 155, 156, 157, 158, 159, 162, 166, 178, 192, 195, 203, 221, 226, 236, 244, 245, 256, 261, 268, 277, 283, 288, 290, 293, 295, 301, 303, 309, 312, 314, 322, 324, 329, 330, 331, 333, 340, 342, 345, 349, 358, 361, 363, 369, 375, 379, 380, 384, 386, 397, 404, 409, 416, 419, 425, 429, 436]
438: [7, 20, 29, 38, 41, 44, 47, 51, 60, 72, 79, 85, 99, 111, 112, 117, 119, 126, 127, 130, 135, 140, 156, 163, 186, 188, 190, 203, 204, 209, 215, 220, 222, 223, 225, 232, 246, 266, 271, 280, 299, 319, 321, 325, 337, 339, 352, 356, 358, 389, 391, 407, 413, 416, 422, 430, 432]
439: [9, 20, 25, 28, 31, 33, 37, 44, 47, 50, 60, 71, 72, 83, 92, 112, 125, 130, 136, 137, 150, 152, 156, 166, 188, 203, 223, 240, 250, 254, 266, 276, 282, 288, 297, 299, 301, 308, 311, 313, 318, 324, 325, 330, 339, 351, 356, 357, 359, 366, 397, 401, 402, 410, 412, 413, 420, 428, 429, 431, 438]
440: [1, 13, 18, 19, 38, 39, 43, 54, 57, 59, 63, 68, 72, 75, 86, 87, 88, 91, 94, 98, 102, 103, 107, 109, 115, 116, 118, 128, 133, 139, 147, 152, 159, 169, 181, 197, 203, 208, 221, 222, 242, 255, 257, 264, 271, 279, 281, 298, 322, 332, 334, 351, 353, 359, 361, 362, 373, 382, 384, 390, 396, 401, 415, 420, 422, 431, 437]
441: [10, 18, 26, 32, 33, 37, 44, 59, 63, 64, 73, 74, 88, 90, 94, 95, 106, 108, 115, 122, 124, 125, 127, 128, 130, 138, 142, 149, 164, 174, 177, 181, 187, 192, 200, 202, 203, 209, 210, 212, 213, 223, 226, 235, 240, 243, 269, 275, 278, 283, 292, 294, 296, 301, 302, 309, 320, 324, 329, 339, 340, 343, 348, 355, 361, 363, 378, 382, 392, 397, 404, 416, 418, 427, 432]
442: [6, 10, 13, 15, 31, 35, 56, 63, 64, 66, 70, 74, 86, 94, 96, 103, 126, 140, 148, 149, 153, 154, 160, 170, 173, 186, 191, 192, 194, 203, 220, 224, 227, 239, 240, 241, 243, 250, 261, 267, 279, 287, 290, 293, 295, 306, 309, 311, 314, 329, 333, 336, 354, 359, 370, 374, 377, 381, 390, 396, 400, 403, 404, 406, 416, 417, 423, 429, 431, 441]
443: [10, 18, 25, 41, 42, 52, 56, 57, 60, 69, 78, 94, 96, 99, 100, 104, 105, 135, 146, 157, 161, 162, 178, 182, 184, 221, 225, 226, 232, 240, 241, 242, 246, 253, 258, 261, 266, 267, 274, 275, 282, 285, 290, 298, 309, 311, 328, 329, 330, 331, 337, 344, 360, 364, 365, 378, 387, 391, 392, 395, 399, 434, 437]
444: [1, 3, 8, 13, 16, 26, 32, 35, 48, 56, 60, 72, 77, 78, 83, 93, 118, 120, 125, 131, 133, 136, 142, 145, 162, 169, 177, 187, 192, 203, 210, 214, 215, 220, 227, 231, 242, 246, 265, 266, 276, 284, 289, 291, 292, 300, 302, 303, 314, 321, 331, 337, 343, 358, 359, 360, 362, 364, 367, 368, 371, 389, 394, 395, 415, 421]
445: [3, 9, 11, 13, 15, 17, 19, 20, 26, 34, 39, 50, 52, 53, 63, 66, 67, 71, 75, 78, 79, 84, 88, 89, 90, 92, 107, 109, 117, 121, 125, 127, 131, 133, 135, 140, 142, 144, 147, 154, 155, 156, 161, 178, 183, 184, 187, 194, 202, 203, 208, 218, 219, 225, 226, 228, 232, 233, 234, 236, 246, 248, 257, 275, 286, 292, 298, 301, 312, 314, 322, 326, 327, 332, 333, 336, 342, 345, 349, 350, 354, 363, 372, 373, 375, 378, 382, 387, 391, 393, 401, 408, 412, 414, 419, 421, 422, 426, 428, 429, 434, 435, 437, 442, 443]
446: [1, 7, 14, 27, 40, 44, 45, 49, 60, 68, 94, 97, 99, 109, 111, 123, 128, 132, 156, 158, 165, 172, 182, 183, 187, 220, 234, 241, 252, 253, 257, 263, 267, 270, 274, 276, 277, 282, 285, 286, 292, 303, 313, 319, 320, 334, 335, 347, 367, 369, 373, 374, 385, 387, 390, 395, 443]
447: [5, 7, 11, 14, 16, 19, 26, 29, 32, 38, 39, 41, 48, 52, 54, 55, 60, 69, 74, 75, 81, 82, 86, 90, 96, 101, 105, 107, 109, 110, 111, 123, 128, 130, 131, 133, 135, 136, 139, 155, 164, 165, 174, 183, 194, 195, 202, 206, 209, 212, 213, 218, 223, 231, 241, 249, 250, 258, 259, 260, 266, 274, 276, 283, 285, 292, 294, 298, 299, 308, 315, 317, 318, 319, 326, 335, 346, 350, 355, 360, 362, 366, 367, 377, 379, 385, 386, 398, 404, 407, 408, 409, 412, 416, 420, 424, 427, 429, 430, 433, 435, 437, 439, 446]
448: [5, 6, 7, 16, 19, 20, 21, 25, 26, 29, 31, 37, 38, 41, 48, 55, 65, 68, 69, 70, 74, 83, 90, 92, 93, 95, 102, 109, 110, 111, 126, 127, 128, 131, 136, 139, 142, 146, 151, 155, 156, 159, 160, 164, 170, 176, 181, 191, 195, 196, 197, 198, 203, 212, 216, 218, 222, 245, 249, 258, 262, 270, 271, 273, 274, 276, 282, 288, 291, 299, 301, 307, 311, 312, 317, 330, 334, 335, 339, 344, 345, 349, 359, 361, 363, 367, 370, 372, 379, 380, 386, 400, 401, 406, 419, 421, 422, 425, 429, 435, 437, 439, 440, 445, 447]
449: [17, 23, 24, 27, 34, 48, 57, 62, 63, 67, 83, 96, 97, 100, 106, 120, 121, 141, 144, 157, 163, 168, 169, 176, 187, 190, 192, 195, 208, 211, 245, 249, 273, 274, 276, 280, 288, 313, 322, 328, 335, 337, 365, 366, 370, 377, 381, 386, 390, 391, 393, 397, 411, 414, 416, 422, 428]
450: [5, 19, 28, 33, 38, 41, 54, 66, 68, 74, 78, 87, 91, 92, 102, 124, 128, 131, 136, 139, 141, 147, 152, 155, 159, 160, 175, 177, 181, 188, 192, 194, 196, 197, 208, 220, 221, 222, 223, 232, 242, 244, 248, 249, 254, 256, 258, 262, 268, 271, 292, 293, 294, 306, 311, 337, 347, 349, 369, 378, 381, 398, 401, 425, 430, 434, 437, 440, 448]