[METADATA]
File: le450_5b.col
Description: SOURCE: Craig Morgenstern (morgenst@riogrande.cs.tcu.edu)  DESCRIPTION: This is a Leighton graph as described in F.T. Leighton. Journal of Research of the National Bureau of Standards, vol. 84, no. 6,  Nov-Dec 1979, pp 489-505.   Leighton graph data structure     : sparse graph gen seed     : 41794 number of vertices : 450 max number of edges: 50000 number of classes  : 5 a c m              : 8401 6859 84035 clique vector      :     clique sz     num cliques ---------     ----------- 2          1890 3           877 4           540 5           175 Leighton's proof : 5 coloring  Graph Stats number of vertices  : 450 nonisolated vertices: 450 number of edges     : 5734 edge density        : 0.056758 max degree          : 42 avg degree          : 25.48 min degree          : 12

[GCP_DATA_INFO]
Type: GCP, Graph Coloring Problem
Node: 450
Edge: 5734

[ADJACENCY_List]
7: [1]
10: [4]
13: [7]
16: [10, 15]
19: [2, 13, 18]
21: [9]
22: [21]
23: [1]
24: [7, 12]
25: [23, 24]
27: [15]
28: [27]
29: [7, 12]
30: [3, 8]
31: [30]
32: [3]
33: [10]
34: [12, 20, 33]
35: [2, 6, 31]
36: [4]
37: [3, 36]
38: [2, 9, 16, 34]
39: [12, 36]
40: [6, 7, 13]
41: [5, 29, 37]
42: [30]
43: [5, 9, 21, 42]
44: [6, 8, 13, 17, 26, 40, 41]
45: [2, 7]
46: [3, 8, 12, 24, 39]
47: [11, 16, 43]
49: [1, 6, 12, 15, 22]
50: [2, 12, 19, 24, 28, 46]
51: [13, 39]
52: [18, 20, 25]
53: [22, 49]
54: [1, 7, 15, 17, 27]
55: [12, 18, 21]
56: [13, 23, 25, 52]
57: [9, 14]
58: [24, 30]
59: [31, 55]
60: [23, 28]
61: [18, 27, 28, 52]
62: [14, 29, 31, 36, 58, 59]
63: [10, 20, 30, 31]
64: [55]
65: [22, 23, 34, 39, 42, 61, 64]
66: [2, 23, 27, 28, 33, 38]
67: [29, 34, 44, 58]
68: [26, 30, 37, 42]
69: [3, 5, 11, 30, 36, 60]
70: [33, 38, 61]
71: [2, 34, 40, 45, 48]
72: [6, 19, 30, 33, 34, 40, 44, 49]
73: [30, 31, 50, 64]
74: [5, 48, 51]
75: [9, 14, 36, 42]
76: [67]
77: [8, 30, 39, 40, 44, 49, 51]
78: [12, 25, 36, 39, 46]
79: [46, 70]
80: [3, 11, 69]
81: [20, 34, 42, 53]
82: [35, 69, 73]
83: [14, 21, 45, 55, 57, 62]
84: [23, 42, 45, 56]
85: [52]
86: [17, 34, 44, 60, 65, 68, 74]
87: [26, 48, 69, 70]
88: [46, 79]
89: [20, 45, 52, 61, 63, 68]
90: [29, 51, 62, 67, 72, 76]
91: [17, 39, 44, 54, 63]
92: [23, 48, 50, 66, 71, 79]
93: [32, 55, 56, 60, 79]
94: [20, 52, 56, 71, 86]
95: [51, 69, 74, 82]
96: [35, 82, 88, 89]
97: [1, 23, 79, 89]
98: [54, 77]
99: [26, 43, 47, 52, 85, 96]
100: [4, 7, 26, 54, 82, 88, 97]
101: [3, 57, 78, 80]
102: [4, 41, 46, 55, 79, 88, 99]
103: [7, 29, 51, 81, 85, 95, 100]
104: [2, 45, 60, 67, 83]
105: [1, 12, 43, 49, 53, 91]
106: [3, 8, 10, 15, 32, 49, 93]
107: [50, 63, 86]
108: [4, 5, 41, 52, 56, 94]
109: [16, 18, 21, 27, 35, 57, 62, 92]
110: [17, 23, 33, 44, 66, 89, 92, 97, 102]
111: [7, 13, 24, 55, 93, 97]
112: [16, 21, 24, 38, 63, 110]
113: [5, 25, 61, 69, 85, 94, 97, 100, 105]
114: [2, 5, 10, 16, 35, 36, 57, 58, 62, 63, 101, 106]
115: [12, 18, 47, 53, 66]
116: [7, 97, 100, 103]
117: [4, 5, 10, 38, 61, 66, 89, 104, 114]
118: [11, 40, 44, 69, 80, 110]
119: [2, 10, 21, 62, 67, 76, 90, 100, 103, 106, 112, 116]
120: [3, 37, 41, 43, 58, 64, 69, 114, 117]
121: [23, 30, 33, 34, 59, 69, 72, 74, 118]
122: [13, 15, 49, 65, 103, 106]
123: [30, 44, 72, 101]
124: [17, 26, 33, 38, 62, 66, 75, 92, 117]
125: [8, 16, 18, 102, 106, 109, 114, 117, 123]
126: [28, 43, 47, 75, 99]
127: [10, 29, 34, 36, 41, 44, 65, 78, 114, 124, 125]
128: [2, 19, 50, 61, 112, 117]
129: [7, 10, 16, 50, 57, 78, 81, 82]
130: [9, 18, 37, 44, 52, 57, 68, 81, 122, 129]
131: [3, 5, 13, 19, 22, 43, 58, 69, 112, 114, 120]
132: [34, 53, 70, 81, 86, 115, 129]
133: [21, 42, 47, 55, 66, 84]
134: [8, 13, 41, 46, 95, 115, 122, 123]
135: [42, 56, 57, 84, 89]
136: [19, 48, 50, 53, 58, 87]
137: [11, 20, 28, 49, 69, 80, 118, 126, 130]
138: [26, 35, 55, 59, 87, 92, 126, 136]
139: [46, 53, 72, 82, 91, 100, 105, 115, 132]
140: [14, 19, 28, 31, 56, 57, 58, 67, 73, 93, 113, 129]
141: [4, 53, 62, 68, 74, 87, 90, 95, 134]
142: [20, 28, 56, 61, 69, 74, 80, 93, 118, 140]
143: [17, 22, 34, 59, 65, 86, 132, 141]
144: [17, 61, 90, 93, 98, 135, 142]
145: [31, 57, 59, 62, 117, 121, 133]
146: [14, 25, 62, 78, 83, 135, 140, 144]
147: [3, 80, 101, 135]
148: [20, 34, 62, 67, 70, 75, 81, 90, 110, 124, 136]
149: [28, 41, 65, 76, 86, 87, 138, 141, 143]
150: [6, 28, 33, 67, 78, 96, 104, 143]
151: [37, 70, 79, 83, 127, 134]
152: [30, 31, 68, 74, 90, 94, 140, 141, 146]
153: [9, 26, 36, 81, 90, 99, 107, 110, 112, 125, 136]
154: [40, 50, 73, 77, 95, 101, 130]
155: [28, 33, 34, 48, 71, 92, 124, 148, 149]
156: [12, 98, 102, 110, 115, 149]
157: [4, 35, 43, 76, 90, 133, 150]
158: [37, 42, 55, 74, 141, 152]
159: [3, 15, 36, 37, 46, 101, 105, 113, 118, 142]
160: [2, 19, 46, 79, 83, 88, 93, 97, 136]
161: [13, 45, 58, 77, 134, 155]
162: [6, 18, 35, 40, 43, 108, 121, 133]
163: [31, 41, 74, 82, 86, 91, 100, 105, 139, 145, 151]
164: [1, 15, 48, 66, 91, 101, 105, 111, 147, 158]
165: [9, 14, 21, 28, 46, 92, 102, 111, 124, 143, 152]
166: [13, 52, 77, 85, 89, 113]
167: [4, 18, 19, 35, 51, 100, 108, 109, 145, 155, 161, 166]
168: [12, 24, 49, 100, 105, 127, 139]
169: [56, 60, 80, 88, 93, 95, 100, 142]
170: [7, 8, 12, 17, 21, 24, 54, 63, 68, 89, 98, 107, 111, 164, 169]
171: [15, 18, 20, 33, 34, 52, 69, 89, 118, 130, 142, 149]
172: [29, 34, 35, 45, 83, 96, 104, 109, 119, 155, 160]
173: [15, 24, 30, 36, 46, 50, 57, 62, 114, 125, 156]
174: [1, 2, 23, 42, 55, 57, 66, 97, 133, 138, 145]
175: [86, 99, 117]
176: [23, 27, 60, 65, 117, 175]
177: [19, 26, 29, 58, 100, 105, 136, 141, 148, 160]
178: [15, 30, 35, 51, 89, 96, 102, 115, 125, 135, 151]
179: [16, 30, 31, 41, 42, 47, 63, 68, 107, 115, 120, 121, 157, 171, 178]
180: [29, 42, 57, 61, 73, 113, 132, 143, 144, 151, 174]
181: [2, 29, 43, 54, 83, 92, 103, 104, 105, 109, 129, 159]
182: [29, 33, 39, 123, 129, 181]
183: [32, 41, 64, 111, 147, 154, 170]
184: [5, 36, 37, 41, 47, 67, 97, 102, 107, 108, 113, 131]
185: [19, 36, 37, 52, 74, 98, 108, 122, 151, 153, 184]
186: [35, 40, 67, 104, 138, 150, 157]
187: [1, 8, 33, 50, 111, 116, 124, 129, 155, 165]
188: [39, 40, 51, 64, 77, 101, 106, 129, 135, 140, 154, 187]
189: [5, 38, 43, 47, 70, 131, 151, 153, 160, 162, 185]
190: [2, 4, 36, 47, 101, 114, 119, 126]
191: [42, 43, 63, 67, 80, 83, 114, 133, 157]
192: [8, 41, 44, 46, 65, 79, 98, 134, 149, 156, 160, 161, 165, 170]
193: [7, 12, 39, 104, 117, 122, 129]
194: [56, 70, 83, 88, 112, 156, 160]
195: [11, 47, 52, 101, 147, 152, 154, 159, 164, 188, 191]
196: [10, 15, 42, 48, 49, 63, 114, 125, 129, 132, 148, 153, 158, 173]
197: [50, 73, 74, 86, 91, 105, 110, 139, 140, 154, 163, 175]
198: [14, 52, 104, 120, 150, 167, 171, 194]
199: [7, 13, 18, 45, 52, 61, 128, 135, 141]
200: [13, 29, 57, 62, 76, 83, 89, 94, 139, 152, 166, 167, 168, 173]
201: [17, 55, 59, 63, 68, 89, 107, 138, 153, 158, 164, 170, 197]
202: [21, 48, 55, 60, 64, 65, 69, 131, 138, 164]
203: [1, 56, 75, 79, 92, 97, 165, 169, 171]
204: [2, 20, 52, 57, 58, 67, 110, 116, 160, 161, 173, 200]
205: [3, 24, 48, 51, 74, 87, 128, 134, 139, 141, 152, 158, 164, 178]
206: [73, 82, 99, 100, 109, 119, 139, 163, 172]
207: [23, 61, 65, 66, 105, 113, 120, 159, 164, 174, 176, 179, 180, 203]
208: [15, 20, 27, 54, 71, 75, 100, 126, 137, 142, 181]
209: [1, 7, 12, 31, 62, 81, 85, 103, 115, 117, 156, 161, 175, 181]
210: [8, 26, 58, 64, 69, 116, 182, 206]
211: [3, 9, 14, 30, 57, 69, 73, 83, 109, 145, 147, 174, 178, 179]
212: [9, 15, 70, 74, 88, 106, 111, 115, 164, 169, 178, 179, 203]
213: [11, 29, 54, 67, 72, 119, 181, 182, 186, 187, 209, 210]
214: [1, 7, 17, 33, 38, 81, 91, 127, 143, 148, 150, 171, 181]
215: [1, 23, 26, 73, 82, 91, 92, 97, 102, 109, 116, 174, 181, 206]
216: [3, 13, 19, 57, 69, 75, 83, 122, 124, 147, 148, 173, 185, 190]
217: [36, 41, 45, 63, 69, 84, 88, 151, 153, 178, 185, 189]
218: [2, 4, 10, 16, 29, 71, 94, 100, 112, 116, 117, 119, 126, 161, 175, 176, 184, 190, 209]
219: [60, 78, 91, 127, 150, 188, 193]
220: [1, 12, 44, 78, 91, 102, 143, 154, 177, 181, 182, 187]
221: [3, 5, 10, 13, 18, 32, 93, 98, 108, 115, 120, 122, 124, 169, 179, 184, 203, 212]
222: [4, 10, 63, 81, 90, 114, 125, 153, 189, 191, 196]
223: [4, 5, 21, 47, 71, 76, 86, 90, 94, 110, 157, 162, 170, 181, 184, 195]
224: [8, 13, 30, 67, 101, 118, 122, 123, 125, 177, 182, 211, 215, 220]
225: [9, 12, 23, 43, 68, 73, 84, 89, 156, 199]
226: [8, 14, 50, 64, 97, 113, 134, 143, 160, 165, 187, 203, 213]
227: [11, 16, 24, 38, 125, 126, 128, 218]
228: [21, 55, 60, 69, 87, 92, 136, 159, 202, 210]
229: [10, 100, 106, 116, 121, 168]
230: [7, 13, 14, 17, 19, 23, 28, 41, 44, 112, 123, 127, 129, 131, 134, 169, 183, 193, 203, 212, 217, 221]
231: [19, 72, 74, 90, 95, 108, 123, 134, 154, 162, 193, 205, 208, 210]
232: [13, 15, 56, 61, 103, 129, 166, 171, 185, 193, 230]
233: [21, 22, 26, 44, 95, 131, 132, 134, 141, 150, 186]
234: [55, 70, 71, 75, 93, 98, 111, 116, 126, 132, 137, 206, 208]
235: [12, 16, 27, 41, 64, 117, 128, 131, 174, 193, 196, 198]
236: [23, 25, 47, 48, 84, 113, 128, 133, 135, 137, 140, 162, 179, 208, 227]
237: [9, 13, 29, 30, 44, 75, 78, 101, 150, 168, 180, 211, 216, 219, 224]
238: [19, 26, 44, 50, 62, 67, 91, 109, 130, 136, 160, 177, 185, 199, 201, 220, 224, 225]
239: [28, 31, 32, 50, 75, 126, 138, 140, 142, 143, 152, 165, 195, 226, 230]
240: [23, 33, 81, 104, 106, 127, 133, 143, 171, 193, 196, 198, 214, 219]
241: [22, 29, 33, 47, 64, 65, 70, 89, 137, 143, 144, 180, 184, 194, 202, 213, 223, 227]
242: [25, 31, 35, 36, 39, 53, 78, 135, 139, 141, 143, 144, 146, 150, 168, 200, 214, 224, 233]
243: [19, 36, 86, 107, 109, 112, 146, 199, 215, 217, 222, 230]
244: [17, 41, 50, 68, 73, 136, 140, 147, 183, 197, 230]
245: [34, 39, 53, 69, 81, 118, 132, 142, 149, 171]
246: [9, 22, 29, 38, 43, 73, 110, 112, 115, 153, 223, 225]
247: [9, 30, 53, 54, 76, 114, 143, 145, 150, 186, 191, 195, 233, 240]
248: [30, 31, 42, 50, 60, 84, 86, 135, 152, 155, 174, 176, 180, 230, 240]
249: [3, 25, 32, 87, 92, 113, 115, 118, 136, 141, 147, 197, 205, 216, 221, 226, 228, 236]
250: [47, 52, 56, 62, 79, 88, 97, 146, 169, 189, 194, 203, 236]
251: [29, 34, 45, 53, 87, 138, 143, 148, 155, 173, 177, 204]
252: [6, 28, 69, 85, 95, 118, 121, 150, 154, 199, 208, 229, 231]
253: [36, 41, 59, 60, 82, 86, 87, 96, 141, 146, 149, 156, 192, 195, 197, 206, 239]
254: [48, 66, 71, 87, 90, 92, 97, 136, 142, 155, 158, 161, 163, 226, 231]
255: [9, 14, 17, 88, 94, 124, 148, 211, 218, 234, 237, 239, 247]
256: [4, 14, 29, 44, 62, 63, 68, 85, 89, 90, 94, 99, 119, 139, 148, 152, 158, 168, 200, 242]
257: [3, 30, 51, 64, 69, 90, 93, 119, 161, 166, 183, 254]
258: [17, 34, 65, 75, 91, 124, 127, 170, 201, 206, 214, 237, 240, 255]
259: [32, 50, 56, 65, 88, 92, 93, 155, 171, 202, 203, 207, 221, 241, 245]
260: [4, 6, 13, 54, 72, 89, 96, 108, 157, 164, 167, 169, 178, 186, 213, 237, 257, 258]
261: [37, 44, 63, 68, 127, 130, 135, 158, 217, 238, 240, 242]
262: [3, 45, 69, 84, 91, 93, 95, 96, 160, 206, 211, 248]
263: [9, 34, 57, 62, 75, 99, 124, 130, 146, 151, 161, 167, 172, 180, 214]
264: [23, 25, 65, 67, 76, 86, 92, 130, 133, 138, 152, 155, 181, 220, 236, 245, 248, 262]
265: [6, 18, 38, 77, 96, 99, 109, 161, 167, 186, 209, 214, 218, 251, 257]
266: [3, 28, 29, 37, 39, 60, 65, 93, 102, 127, 169, 192, 217]
267: [26, 68, 136, 141, 158, 164, 215, 248, 251]
268: [5, 9, 35, 41, 46, 55, 74, 99, 102, 110, 151, 155, 156, 161, 189, 206, 212, 215, 217, 230]
269: [1, 6, 40, 47, 68, 76, 97, 130, 162, 171, 178, 181, 195, 220]
270: [2, 23, 29, 34, 48, 67, 71, 87, 97, 108, 139, 161, 162, 172, 177, 213, 218, 254, 263]
271: [12, 24, 78, 102, 168, 184, 192, 209, 220, 248, 264, 269]
272: [5, 14, 43, 66, 71, 94, 105, 133, 181, 184, 195, 223, 269]
273: [32, 74, 95, 135, 142, 147, 156, 161, 164, 170, 254, 257, 262, 265]
274: [11, 21, 47, 91, 105, 113, 170, 181, 195, 223, 257, 272]
275: [12, 43, 46, 64, 77, 98, 107, 168, 184, 187, 189, 192, 213, 226]
276: [3, 4, 13, 18, 19, 35, 38, 64, 77, 104, 108, 109, 150, 167, 183, 198, 214, 257, 260, 265, 268, 273, 274]
277: [1, 9, 14, 18, 45, 55, 94, 104, 108, 109, 116, 194, 198, 199]
278: [10, 49, 56, 77, 95, 139, 185, 187, 190, 192, 211, 216, 221, 226, 229, 270, 275, 276]
279: [11, 38, 43, 80, 111, 112, 125, 153, 167, 170, 186, 191, 196, 217, 222, 260, 268, 276]
280: [4, 7, 8, 13, 21, 22, 32, 44, 97, 102, 111, 112, 119, 157, 192, 201, 218, 223, 228, 229, 233, 273]
281: [23, 52, 59, 80, 89, 142, 169, 188, 190, 195, 232]
282: [24, 30, 46, 50, 55, 83, 156, 173, 209, 263, 266, 271]
283: [7, 12, 24, 46, 50, 111, 114, 116, 117, 122, 130, 170, 204, 216, 232, 237, 271]
284: [6, 11, 21, 36, 55, 57, 83, 117, 120, 121, 145, 167, 191, 196, 198, 206, 216, 217, 235, 262]
285: [48, 49, 86, 102, 111, 122, 164, 176, 202, 207, 212, 266, 274, 278, 282, 283]
286: [4, 10, 15, 18, 27, 33, 54, 64, 117, 119, 125, 128, 158, 164, 207, 208, 235, 240]
287: [5, 29, 34, 58, 83, 86, 91, 110, 119, 148, 175, 185, 201, 204, 238]
288: [24, 35, 52, 56, 61, 65, 89, 116, 167, 179, 200, 204, 250, 277, 281]
289: [13, 18, 21, 26, 30, 55, 61, 117, 120, 121, 126, 128, 210, 216, 243, 277, 286]
290: [22, 29, 86, 89, 94, 127, 173, 176, 197, 204, 217, 223, 233, 241, 253, 266]
291: [2, 27, 33, 38, 55, 92, 109, 117, 118, 123, 165, 170, 182, 224, 228, 280, 285]
292: [10, 16, 21, 29, 44, 55, 58, 99, 109, 114, 120, 129, 131, 136, 175, 204, 209, 213, 238, 241, 246, 289]
293: [1, 45, 64, 89, 92, 97, 115, 116, 120, 154, 166, 171, 179, 207, 210, 212, 220, 221, 269, 286]
294: [12, 30, 58, 65, 120, 173, 177, 210, 216, 226, 231, 237, 271, 277, 282, 283, 288, 292]
295: [9, 24, 61, 127, 134, 137, 142, 151, 189, 212, 217, 227, 241, 249, 268, 293]
296: [2, 9, 33, 48, 54, 92, 100, 123, 133, 138, 174, 182, 208, 210, 213, 215, 224, 264, 272, 289]
297: [10, 33, 34, 60, 66, 109, 110, 123, 129, 134, 176, 213, 214, 230, 286, 291]
298: [27, 64, 95, 116, 130, 137, 142, 154, 226, 231, 244, 252, 275, 286]
299: [2, 5, 46, 62, 71, 95, 103, 122, 182, 185, 210, 213, 216, 218, 221, 226, 232, 270, 275, 287, 296]
300: [3, 36, 37, 43, 47, 63, 64, 69, 99, 114, 118, 126, 147, 179, 216, 217, 218, 222, 227, 237, 249, 283, 284, 289, 294]
301: [9, 30, 58, 67, 94, 114, 123, 140, 145, 148, 157, 174, 184, 218, 233, 247, 255]
302: [8, 54, 70, 98, 106, 111, 125, 139, 154, 175, 180, 185, 188, 216, 221, 234, 270, 274, 278, 285]
303: [10, 16, 39, 45, 72, 90, 125, 129, 135, 150, 161, 181, 182, 219, 220, 240, 245, 292, 296, 297]
304: [12, 33, 38, 46, 70, 72, 136, 148, 151, 160, 231, 236, 237, 250, 262, 263, 275]
305: [57, 101, 109, 114, 118, 123, 188, 191, 224, 281]
306: [14, 19, 42, 63, 74, 75, 114, 129, 132, 153, 185, 190, 222, 238, 248, 299, 300]
307: [36, 41, 73, 134, 151, 163, 174, 185, 189, 235, 253, 261, 266, 290, 300]
308: [2, 6, 11, 14, 21, 60, 104, 112, 117, 120, 145, 150, 155, 156, 186, 194, 227, 284]
309: [45, 67, 71, 135, 136, 141, 152, 161, 177, 188, 193, 225, 277, 303]
310: [44, 62, 76, 119, 154, 183, 256, 264, 269]
311: [5, 17, 19, 74, 107, 120, 132, 143, 153, 179, 197, 222, 230, 239, 243, 244, 249, 287, 294]
312: [10, 48, 69, 73, 86, 138, 163, 164, 180, 185, 191, 196, 210, 228, 235, 239, 244, 253, 254, 306]
313: [14, 42, 47, 79, 81, 104, 121, 145, 150, 157, 162, 169, 181, 194, 259, 272, 284]
314: [8, 20, 45, 57, 106, 125, 135, 200, 225, 233, 261, 290, 302]
315: [67, 68, 76, 89, 141, 143, 152, 166, 189, 199, 242, 252, 256, 262, 268, 293, 309]
316: [50, 63, 73, 82, 83, 107, 154, 160, 165, 172, 189, 197, 248, 262, 263, 275, 278, 287, 304]
317: [16, 20, 23, 25, 48, 64, 79, 114, 125, 126, 135, 138, 159, 169, 203, 228, 236, 254, 259, 264]
318: [21, 50, 70, 79, 87, 92, 95, 131, 169, 185, 196, 202, 234, 259, 306, 312, 317]
319: [41, 53, 72, 77, 110, 121, 137, 151, 163, 168, 192, 200, 276, 278, 307]
320: [19, 32, 51, 68, 72, 82, 87, 129, 141, 157, 193, 231, 239, 267, 303]
321: [69, 74, 82, 90, 93, 95, 129, 172, 205, 262, 320]
322: [20, 23, 25, 56, 79, 84, 85, 89, 113, 140, 159, 166, 169, 171, 179, 184, 190, 203, 240, 250, 259, 264, 281, 286, 293]
323: [17, 54, 61, 70, 76, 116, 132, 144, 180, 196, 234, 247, 306, 311]
324: [6, 20, 36, 56, 91, 93, 98, 137, 140, 142, 146, 208, 265, 300, 307, 318]
325: [2, 8, 18, 26, 44, 48, 59, 77, 82, 92, 99, 116, 138, 153, 167, 174, 193, 206, 262, 284, 289, 296]
326: [3, 44, 57, 108, 129, 135, 140, 147, 237, 250, 258, 273, 314]
327: [88, 101, 130, 178, 195, 200, 211, 216, 268, 300, 326]
328: [26, 29, 31, 62, 67, 76, 81, 90, 119, 130, 141, 177, 185, 200, 209, 246, 251, 256, 270, 287, 292, 299, 310]
329: [1, 11, 22, 28, 60, 82, 86, 87, 132, 136, 138, 143, 150, 180, 187, 191, 202, 220, 240, 247, 252, 253, 266]
330: [1, 7, 17, 23, 83, 91, 97, 104, 117, 129, 181, 182, 193, 214, 219, 248, 258, 271, 303, 329]
331: [3, 9, 32, 65, 70, 88, 122, 180, 199, 212, 249, 268, 295, 302]
332: [4, 14, 19, 31, 63, 89, 140, 141, 146, 153, 194, 230, 243, 256, 261]
333: [4, 26, 36, 91, 94, 100, 105, 107, 141, 181, 184, 190, 222, 251, 256, 274, 275, 332]
334: [31, 35, 73, 137, 142, 183, 298, 305]
335: [2, 23, 29, 34, 38, 39, 63, 66, 91, 107, 133, 149, 156, 181, 182, 187, 203, 207, 213, 248, 253, 259, 264, 271, 272, 322]
336: [7, 8, 18, 29, 34, 89, 97, 109, 110, 115, 118, 149, 187, 208, 212, 225, 277, 278, 288, 294, 302, 324, 335]
337: [38, 63, 74, 76, 94, 95, 104, 128, 150, 155, 186, 191, 195, 205, 218, 243, 255, 301, 308]
338: [25, 36, 37, 55, 69, 115, 121, 151, 152, 159, 165, 184, 201, 216, 249, 274, 300, 311, 316]
339: [3, 7, 37, 97, 100, 101, 111, 113, 116, 118, 121, 147, 190, 215, 228, 257, 276, 280, 291, 305, 312, 326, 338]
340: [8, 12, 17, 33, 41, 79, 83, 93, 97, 102, 117, 156, 194, 197, 221, 237, 246, 258, 278, 302, 304, 308, 332, 336]
341: [7, 23, 28, 33, 34, 40, 45, 97, 124, 155, 162, 187, 199, 252, 270, 277, 309]
342: [6, 10, 38, 40, 74, 95, 116, 119, 121, 193, 204, 209, 214, 218, 231, 265, 269, 283, 284, 308, 324]
343: [20, 36, 41, 69, 82, 86, 87, 95, 110, 115, 125, 134, 159, 197, 210, 224, 249, 290, 295, 307, 311, 312, 321, 331]
344: [10, 31, 32, 42, 48, 87, 100, 106, 126, 145, 152, 158, 163, 190, 196, 201, 202, 267, 273, 280, 301]
345: [3, 14, 18, 22, 29, 32, 41, 98, 107, 124, 127, 131, 153, 163, 221, 234, 239, 249, 302, 307, 311, 318, 319, 338]
346: [38, 44, 72, 85, 90, 154, 183, 199, 252, 303, 310, 315, 342]
347: [13, 29, 51, 95, 103, 119, 134, 145, 161, 166, 193, 200, 260, 265, 276, 283, 299]
348: [12, 17, 30, 41, 44, 86, 110, 127, 134, 135, 151, 210, 211, 224, 230, 237, 242, 256, 261, 310, 314, 326]
349: [22, 75, 88, 93, 131, 152, 165, 202, 203, 207, 226, 255, 257, 318, 345]
350: [16, 27, 47, 54, 106, 158, 164, 169, 179, 196, 286, 298, 328]
351: [20, 43, 44, 47, 48, 79, 130, 137, 189, 204, 208, 213, 227, 234, 245, 303, 317, 318, 324]
352: [40, 45, 78, 96, 150, 168, 199, 206, 258, 314, 315, 321, 348]
353: [19, 45, 57, 109, 125, 140, 172, 199, 206, 211, 216, 266, 289, 300]
354: [21, 23, 37, 41, 50, 51, 65, 92, 102, 120, 133, 138, 176, 207, 216, 226, 230, 248, 272, 281, 296, 316, 320, 322]
355: [18, 43, 47, 52, 81, 93, 98, 99, 103, 137, 154, 171, 188, 189, 203, 209, 213, 214, 259, 282, 302, 319, 322, 324, 351]
356: [22, 38, 44, 49, 53, 60, 65, 69, 99, 112, 154, 175, 183, 202, 218, 228, 238, 279, 285, 290, 292, 329]
357: [26, 44, 53, 95, 134, 136, 141, 143, 220, 233, 251, 265, 289, 319, 325]
358: [41, 45, 50, 70, 84, 102, 161, 196, 212, 217, 240, 327, 331, 354]
359: [21, 25, 37, 47, 51, 68, 87, 97, 102, 115, 130, 141, 146, 152, 178, 205, 261, 293, 295]
360: [14, 29, 43, 47, 48, 52, 56, 62, 83, 108, 137, 139, 146, 158, 179, 203, 208, 234, 236, 254, 259, 263, 288, 312, 322, 326, 328, 332, 351]
361: [22, 49, 53, 105, 112, 143, 177, 209, 214, 220, 224, 238, 243, 330, 357]
362: [28, 40, 44, 54, 64, 66, 71, 100, 118, 181, 208, 233, 234, 275, 280, 291, 296, 298]
363: [32, 37, 41, 51, 120, 147, 161, 211, 239, 250, 257, 262, 315, 320, 329, 354]
364: [25, 56, 90, 97, 107, 108, 113, 115, 137, 162, 180, 205, 223, 231, 236, 241, 270, 295, 321, 322, 326, 332, 333, 338, 360]
365: [13, 23, 31, 56, 67, 74, 77, 84, 93, 97, 98, 113, 142, 144, 146, 184, 211, 232, 236, 253, 299, 301, 322]
366: [40, 53, 62, 87, 150, 164, 177, 219, 233, 242, 260, 265, 267, 279, 324, 329, 343, 357]
367: [1, 28, 50, 55, 64, 93, 110, 111, 116, 118, 170, 183, 208, 226, 234, 239, 275, 298, 324, 330, 336, 341, 354, 363]
368: [1, 11, 55, 59, 65, 70, 77, 106, 111, 149, 170, 187, 192, 220, 226, 239, 302, 325, 329, 330, 331, 335, 336, 345]
369: [38, 43, 52, 57, 90, 102, 105, 110, 146, 153, 155, 156, 157, 161, 172, 180, 181, 215, 222, 245, 246, 263, 268, 270, 272, 360]
370: [4, 31, 58, 67, 72, 74, 108, 114, 119, 121, 148, 211, 247, 257, 301, 338, 339, 344]
371: [19, 58, 59, 62, 80, 152, 195, 239, 243, 248, 253, 264, 305, 329, 332, 339]
372: [3, 41, 45, 46, 55, 60, 79, 93, 156, 159, 161, 164, 169, 170, 183, 244, 249, 266, 273, 334, 340]
373: [12, 34, 46, 61, 71, 80, 122, 124, 155, 171, 232, 237, 250, 271, 275, 281, 304, 340, 341, 342, 347]
374: [65, 83, 146, 155, 198, 245, 308, 332, 335, 337, 346, 360]
375: [6, 72, 159, 164, 177, 186, 252, 257, 267, 274, 276, 308, 337, 366]
376: [10, 15, 37, 54, 114, 125, 127, 164, 169, 174, 193, 217, 219, 235, 240, 307, 328, 350]
377: [25, 50, 55, 68, 69, 86, 89, 120, 158, 165, 170, 201, 248, 249, 254, 264, 285, 311, 316, 338, 344, 345, 354, 360]
378: [9, 52, 70, 99, 146, 162, 167, 180, 189, 276, 277, 279, 296, 360, 369]
379: [7, 13, 18, 40, 117, 128, 220, 235, 238, 243, 256, 277, 286, 310, 332, 337, 353]
380: [58, 71, 94, 108, 161, 167, 173, 177, 204, 251, 263, 267, 319, 333, 341, 358]
381: [4, 8, 12, 44, 54, 55, 98, 102, 165, 169, 170, 173, 192, 263, 268, 280, 282, 368, 372]
382: [5, 9, 21, 43, 65, 79, 110, 120, 131, 133, 169, 170, 189, 223, 225, 246, 264, 274, 279, 285, 313, 354, 356, 359, 360, 369]
383: [66, 74, 95, 97, 115, 121, 164, 171, 185, 201, 207, 212, 226, 240, 254, 280, 286, 306, 321, 322, 336, 344, 370]
384: [15, 52, 58, 62, 63, 67, 86, 122, 173, 195, 281, 283, 285, 292, 337, 371, 377]
385: [8, 24, 46, 48, 53, 87, 97, 112, 113, 134, 136, 139, 187, 192, 226, 227, 249, 254, 348, 357, 359, 364, 368, 372]
386: [8, 29, 44, 77, 88, 98, 100, 102, 103, 167, 169, 188, 193, 210, 215, 229, 257, 263, 268, 273, 282, 284, 325, 344, 347, 369]
387: [18, 43, 61, 65, 108, 120, 125, 145, 176, 198, 279, 284, 286, 288, 289, 313, 378]
388: [6, 27, 31, 49, 95, 105, 116, 121, 137, 139, 142, 164, 229, 252, 254, 270, 319, 344, 362, 365, 367, 375]
389: [7, 15, 100, 103, 105, 116, 117, 122, 141, 152, 170, 175, 176, 177, 181, 186, 195, 213, 218, 232, 260, 291, 297, 328, 350, 371, 376]
390: [12, 39, 46, 64, 69, 78, 79, 88, 92, 102, 107, 111, 123, 153, 157, 173, 178, 179, 182, 201, 224, 226, 282, 283, 287, 289, 291, 293, 294, 316, 343, 381]
391: [14, 30, 52, 69, 77, 93, 103, 108, 113, 119, 124, 140, 142, 144, 145, 167, 179, 184, 232, 255, 257, 260, 283, 284, 293, 322, 347, 365, 370]
392: [10, 18, 20, 65, 83, 94, 106, 108, 115, 173, 184, 185, 189, 198, 199, 216, 221, 284, 288, 294, 331, 345, 354, 355, 378]
393: [6, 10, 49, 72, 121, 139, 171, 200, 204, 229, 280, 292, 319, 351, 384, 385]
394: [12, 16, 33, 38, 62, 66, 72, 80, 82, 90, 110, 117, 146, 148, 170, 186, 206, 237, 256, 257, 258, 260, 263, 271, 286, 291, 297, 342, 346, 350, 368, 373, 391]
395: [21, 27, 109, 112, 114, 201, 238, 263, 282, 287, 291, 292, 297, 298, 308, 334, 381]
396: [14, 33, 52, 64, 75, 79, 118, 142, 159, 179, 185, 188, 190, 203, 232, 234, 298, 300, 322, 334, 373, 388]
397: [36, 41, 70, 83, 120, 124, 151, 173, 179, 180, 189, 194, 214, 261, 263, 266, 304, 353]
398: [2, 5, 24, 35, 45, 71, 112, 114, 117, 120, 160, 204, 205, 227, 291, 294, 311, 342, 346, 384, 385]
399: [7, 12, 22, 25, 55, 67, 72, 76, 78, 90, 145, 146, 181, 182, 193, 196, 220, 235, 242, 245, 247, 303, 312, 315, 325, 346, 347, 351, 361, 386, 391]
400: [8, 32, 38, 39, 44, 73, 86, 93, 97, 112, 154, 176, 183, 188, 243, 248, 259, 264, 266, 269, 279, 293, 302, 332, 348, 356, 377, 379]
401: [5, 14, 79, 114, 115, 117, 120, 123, 128, 134, 179, 198, 207, 213, 230, 239, 284, 289, 297, 308, 340, 345, 368, 387, 389, 398]
402: [10, 19, 20, 34, 58, 81, 86, 114, 119, 124, 129, 130, 140, 148, 185, 196, 204, 210, 238, 255, 294, 299, 300, 306, 328, 350, 360]
403: [16, 21, 35, 42, 47, 89, 115, 120, 125, 157, 179, 181, 186, 236, 269, 272, 305, 350, 356, 359, 360, 382, 390]
404: [8, 17, 21, 22, 30, 46, 120, 123, 131, 170, 182, 192, 210, 233, 238, 247, 280, 292, 296, 301, 302, 336, 340, 348, 381, 390]
405: [29, 58, 61, 73, 89, 117, 151, 199, 202, 204, 213, 222, 241, 292, 307, 309, 331, 392, 402]
406: [2, 14, 28, 33, 50, 92, 124, 160, 165, 182, 194, 204, 208, 218, 259, 272, 275, 293, 313, 318, 354, 362, 390, 398]
407: [11, 16, 20, 33, 80, 125, 135, 180, 209, 213, 236, 241, 245, 250, 279, 303, 304, 309, 350, 351, 393, 394, 399]
408: [25, 26, 64, 65, 87, 126, 140, 202, 241, 244, 300, 312, 315, 317, 334, 396, 405]
409: [5, 6, 31, 53, 81, 95, 132, 168, 185, 190, 216, 226, 242, 245, 252, 275, 278, 316, 362, 365, 375, 388, 391, 401]
410: [13, 19, 28, 36, 37, 118, 122, 126, 129, 132, 142, 151, 159, 216, 239, 306, 323, 338, 353, 354, 392, 396, 402]
411: [2, 24, 48, 67, 74, 95, 128, 129, 139, 143, 157, 164, 169, 178, 205, 218, 247, 315, 318, 320, 337, 359, 398]
412: [33, 49, 56, 98, 144, 171, 188, 194, 240, 250, 278, 281, 285, 305, 324, 365, 368, 393, 396]
413: [17, 22, 31, 35, 71, 129, 132, 145, 150, 154, 196, 219, 242, 247, 309, 315, 334, 357, 361, 362, 395, 399, 400]
414: [5, 35, 61, 70, 77, 82, 87, 96, 97, 98, 160, 185, 208, 221, 226, 231, 241, 252, 275, 302, 311, 318, 365, 411]
415: [11, 19, 36, 57, 59, 62, 64, 69, 83, 114, 126, 173, 188, 191, 216, 243, 281, 284, 289, 306, 332, 343, 371, 399, 413]
416: [19, 24, 25, 29, 42, 48, 58, 67, 84, 133, 135, 140, 157, 222, 247, 248, 250, 254, 304, 309, 312, 337, 353, 360, 373, 402, 408]
417: [8, 30, 44, 73, 101, 144, 154, 188, 190, 195, 211, 216, 239, 278, 310, 326, 339, 368, 370, 379, 400, 409]
418: [14, 39, 60, 65, 67, 76, 81, 104, 105, 129, 130, 136, 140, 177, 219, 240, 266, 287, 301, 309, 311, 315, 361, 399, 402, 415]
419: [12, 22, 28, 32, 35, 56, 65, 77, 82, 86, 138, 141, 142, 143, 147, 156, 160, 161, 186, 187, 197, 206, 220, 241, 246, 247, 250, 253, 257, 302, 335, 336, 340, 357, 361, 363, 368, 411, 416]
420: [11, 78, 101, 104, 127, 138, 152, 188, 191, 198, 202, 214, 219, 248, 264, 277, 281, 329, 368, 371, 417, 418]
421: [42, 58, 65, 70, 73, 132, 143, 174, 180, 204, 222, 233, 234, 248, 312, 323, 329, 343, 402, 405, 413]
422: [20, 31, 36, 59, 69, 73, 80, 145, 146, 149, 163, 195, 239, 253, 261, 324, 329, 334, 343, 344, 365, 371, 415]
423: [14, 36, 65, 104, 107, 146, 150, 194, 201, 217, 256, 284, 300, 316, 332, 337, 340, 360, 374, 416, 420]
424: [12, 22, 25, 27, 30, 45, 71, 73, 111, 135, 156, 170, 180, 183, 202, 211, 225, 236, 246, 286, 293, 298, 307, 312, 315, 350, 367, 405, 408, 413, 416, 417, 421]
425: [3, 34, 39, 67, 76, 88, 147, 149, 166, 248, 253, 259, 262, 264, 342, 346, 374, 398, 422]
426: [17, 29, 34, 44, 63, 68, 73, 107, 110, 119, 148, 154, 158, 197, 213, 225, 258, 287, 299, 309, 328, 335, 340, 344, 348, 377]
427: [25, 35, 48, 76, 95, 138, 164, 169, 186, 205, 250, 254, 260, 318, 349, 408, 411, 416, 419, 424]
428: [26, 36, 37, 42, 65, 79, 152, 165, 169, 245, 251, 259, 267, 300, 340, 349, 376, 377, 380]
429: [3, 20, 32, 37, 66, 87, 92, 110, 118, 147, 197, 200, 228, 246, 266, 290, 291, 316, 327, 331, 338, 343, 356, 362, 377, 380, 422, 425]
430: [51, 79, 83, 87, 93, 108, 141, 143, 149, 162, 167, 172, 194, 231, 242, 247, 253, 262, 304, 321, 342, 364, 397, 411, 414, 419]
431: [29, 34, 40, 45, 82, 83, 104, 155, 172, 199, 253, 258, 262, 263, 270, 329, 352, 353, 364, 369, 385]
432: [6, 11, 23, 74, 79, 84, 113, 116, 121, 203, 205, 210, 231, 236, 293, 341, 346, 365, 370, 383]
433: [35, 36, 41, 54, 61, 70, 75, 82, 96, 144, 146, 156, 192, 197, 234, 300, 307, 324, 411, 414, 417, 422, 430]
434: [48, 85, 92, 97, 158, 163, 175, 197, 212, 265, 268, 296, 325, 355, 356, 383]
435: [9, 26, 77, 87, 93, 98, 109, 116, 123, 124, 138, 172, 182, 188, 204, 206, 224, 234, 257, 283, 296, 302, 323, 342, 349, 353, 378, 386]
436: [3, 57, 83, 89, 90, 147, 173, 189, 199, 200, 204, 237, 262, 268, 288, 310, 315, 327, 352, 363, 379, 393, 417, 425, 429]
437: [35, 51, 74, 88, 95, 100, 113, 155, 161, 166, 169, 178, 184, 265, 268, 270, 276, 344, 358, 369, 380, 386, 391, 435]
438: [5, 12, 17, 29, 41, 54, 55, 91, 115, 119, 127, 135, 144, 146, 156, 170, 180, 185, 209, 221, 237, 241, 242, 266, 275, 290, 299, 345, 352, 370, 381, 389]
439: [85, 88, 92, 93, 96, 150, 157, 171, 175, 203, 240, 265, 271, 313, 322, 330, 355, 356, 428, 432, 437]
440: [1, 7, 54, 82, 91, 116, 119, 148, 164, 169, 172, 177, 181, 182, 203, 206, 208, 243, 253, 262, 271, 277, 279, 288, 317, 361, 367, 378, 386, 387, 388, 389, 394, 419]
441: [9, 15, 20, 34, 57, 88, 94, 122, 130, 154, 178, 188, 212, 237, 239, 245, 259, 263, 283, 302, 327, 355, 360, 368, 392, 417, 428]
442: [9, 50, 63, 88, 89, 90, 91, 96, 99, 153, 178, 189, 206, 215, 243, 260, 268, 270, 274, 315, 321, 333, 354, 358, 369, 423, 431, 436]
443: [1, 20, 29, 57, 91, 94, 119, 172, 206, 209, 282, 287, 299, 331, 355, 360, 365, 389, 392, 431, 440, 441]
444: [23, 60, 106, 133, 176, 196, 215, 240, 243, 248, 262, 271, 297, 315, 330, 358, 361, 363, 371, 420, 436, 442]
445: [1, 12, 24, 91, 99, 102, 103, 158, 168, 181, 209, 223, 269, 271, 272, 282, 324, 361, 383, 403, 434, 443]
446: [23, 32, 60, 65, 93, 143, 149, 175, 189, 219, 259, 274, 285, 288, 290, 294, 302, 374, 378, 392, 400, 418, 434, 444]
447: [4, 26, 49, 63, 99, 100, 105, 136, 141, 150, 153, 155, 243, 251, 289, 325, 329, 333, 361, 366, 380, 385, 423, 440]
448: [4, 36, 41, 86, 94, 102, 105, 156, 165, 184, 185, 212, 217, 271, 274, 290, 295, 327, 364, 365, 370, 381, 391]
449: [26, 35, 63, 68, 96, 102, 106, 107, 125, 167, 171, 172, 178, 201, 215, 267, 276, 288, 293, 296, 305, 322, 327, 371, 395, 403]
450: [7, 12, 17, 29, 53, 66, 73, 132, 139, 144, 154, 156, 158, 164, 197, 207, 213, 246, 254, 292, 323, 328, 336, 344, 364, 369, 377, 383, 417, 426, 433]