[METADATA]
File: le450_5d.col
Description: SOURCE: Craig Morgenstern (morgenst@riogrande.cs.tcu.edu)  DESCRIPTION: This is a Leighton graph as described in F.T. Leighton. Journal of Research of the National Bureau of Standards, vol. 84, no. 6,  Nov-Dec 1979, pp 489-505.   Leighton graph data structure     : sparse graph gen seed     : 47927 number of vertices : 450 max number of edges: 50000 number of classes  : 5 a c m              : 8401 6859 84035 clique vector      :     clique sz     num cliques ---------     ----------- 2          4410 3          2047 4          1260 5           409 Leighton's proof : 5 coloring  Graph Stats number of vertices  : 450 nonisolated vertices: 450 number of edges     : 9757 edge density        : 0.096580 max degree          : 68 avg degree          : 43.36 min degree          : 29

[GCP_DATA_INFO]
Type: GCP, Graph Coloring Problem
Node: 450
Edge: 9757

[ADJACENCY_List]
7: [1, 4]
10: [3, 4]
11: [3, 8]
13: [7, 12]
14: [2]
15: [2]
16: [10, 15]
17: [4, 5, 14]
18: [7, 12]
19: [7, 13, 18]
20: [8]
21: [9, 18]
22: [10, 16, 21]
24: [2, 12]
25: [12, 24]
26: [3, 4, 9]
27: [5, 10]
28: [1, 10, 11, 27]
30: [8, 13]
31: [9, 14, 30]
32: [3, 5, 10, 15]
33: [7]
34: [12, 22, 33]
35: [6, 8, 18]
37: [3, 5, 36]
38: [2, 9, 16, 21, 22, 27, 34]
39: [12, 22]
40: [8, 13, 18, 39]
41: [5, 37]
42: [10, 15, 40]
43: [9, 11]
44: [2, 8, 13, 16, 40]
45: [7, 18]
46: [8, 12, 19, 24]
47: [8, 10, 11, 14, 16, 20, 43]
48: [10, 21]
49: [6, 11, 15, 16, 27]
50: [2, 7, 8, 12, 14, 19, 46]
51: [8, 13, 19]
52: [18, 20, 24]
53: [6, 10, 11, 16, 17, 22, 49, 51]
54: [1, 6, 16, 17, 22, 32]
55: [2, 7, 12, 21, 22, 27]
56: [24, 25, 48, 52]
57: [18, 19, 30, 50]
58: [10, 16, 24, 25, 47]
59: [21, 27, 28, 55]
60: [17, 21, 23, 32]
61: [23, 27, 28, 34, 52]
62: [10, 24, 30, 31, 33, 34, 36, 58]
63: [20, 24, 30, 35, 37, 46, 55]
64: [16, 21, 22, 27, 30, 37, 55]
65: [12, 22, 23, 27, 34, 37, 39, 42, 53, 61]
66: [2, 14, 23, 27, 33, 53]
67: [8, 24, 25, 29, 30, 33, 35, 38, 58]
68: [15, 25, 36, 37, 40, 42, 64]
69: [3, 26, 30, 31]
70: [42, 61, 63]
71: [2, 28, 33, 34, 38, 39, 40, 43, 45, 48, 54]
72: [6, 11, 30, 33]
73: [16, 30, 35, 40, 41, 45, 50, 64]
74: [5, 17, 32, 37, 41, 46, 47, 48, 51, 56, 72]
75: [9, 14, 28, 36, 38, 43, 47, 52, 57]
76: [38, 44, 53, 58, 67]
77: [8, 10, 13, 19, 30, 35, 40, 44, 49, 51]
78: [11, 12, 17, 31, 35, 39, 41, 50, 55, 60]
79: [37, 51, 56, 66, 70]
80: [11, 33, 43, 52, 54, 57]
81: [15, 20, 34, 42, 44, 48, 68]
82: [8, 18, 20, 40, 44, 59, 64, 73]
83: [1, 7, 14, 32, 57, 60, 70]
84: [18, 23, 45, 56, 62, 71]
85: [11, 38, 43, 48, 52, 53, 57, 62, 67, 76, 78]
86: [17, 18, 42, 53, 54, 60, 65, 68]
87: [9, 24, 26, 48, 50, 54, 58, 64, 73, 75]
88: [14, 17, 46, 51, 60, 65, 79]
89: [6, 20, 42, 45, 47, 63, 68, 76, 81]
90: [29, 48, 67, 76, 82]
91: [17, 18, 63, 68, 78, 82, 83]
92: [23, 38, 40, 45, 48, 50, 66, 71, 74, 84]
93: [17, 32, 37, 54, 57, 75, 79, 80, 85]
94: [20, 36, 42, 52, 71, 81]
95: [17, 37, 43, 48, 51, 53, 72, 74, 77, 82]
96: [8, 13, 34, 35, 40, 44, 49, 54, 73, 78, 82, 88, 94]
97: [1, 4, 18, 23, 45, 50, 54, 79, 84]
98: [31, 35, 46, 54, 56, 77, 80, 81, 85, 90]
99: [22, 38, 43, 52, 56, 57, 67, 76, 85, 86]
100: [2, 3, 4, 7, 26, 37, 53, 82, 87, 97]
101: [24, 44, 49, 57, 80, 85, 93]
102: [5, 41, 46, 50, 55, 60, 65, 88, 95, 99]
103: [1, 7, 12, 21, 29, 56]
104: [1, 2, 32, 60, 83, 88, 101]
105: [1, 2, 49, 53, 58, 63, 82, 91, 92, 97, 102]
106: [3, 8, 10, 15, 32, 54, 88]
107: [9, 24, 50, 53, 54, 55, 63, 86, 88, 91, 94, 99, 104, 105]
108: [4, 5, 15, 20, 52, 91, 94, 95, 105]
109: [2, 6, 13, 18, 21, 35, 46, 62, 67, 71, 82, 91, 96, 102]
110: [1, 2, 7, 17, 23, 53, 63, 66, 89, 92, 94, 97, 107]
111: [7, 32, 55, 60, 88, 97, 98]
112: [4, 5, 16, 21, 24, 38, 55, 65, 104, 108]
113: [4, 10, 20, 21, 25, 69, 81, 82, 94, 97, 100]
114: [2, 7, 10, 16, 21, 22, 26, 35, 47, 52, 57, 58, 62, 67, 76, 100]
115: [2, 7, 13, 17, 22, 24, 41, 58, 62, 66, 68, 107, 112, 113]
116: [4, 7, 13, 23, 28, 29, 33, 59, 72, 97, 100, 103, 114]
117: [4, 10, 18, 38, 55, 60, 61, 66, 99, 103, 109]
118: [25, 27, 30, 35, 44, 69, 71, 100, 101, 105]
119: [10, 16, 21, 62, 72, 82, 100, 103]
120: [3, 13, 27, 41, 42, 58, 69, 112, 113]
121: [9, 13, 23, 30, 33, 34, 35, 38, 64, 69, 72, 108]
122: [13, 15, 23, 29, 48, 58, 60, 74, 79, 103, 106, 115, 120]
123: [2, 11, 16, 30, 35, 40, 44, 45, 55, 57, 67, 72, 116, 120, 121]
124: [7, 22, 26, 33, 36, 38, 41, 62, 67, 72, 75, 76, 92, 116]
125: [3, 16, 18, 32, 37, 42, 53, 63, 73, 106, 109, 117, 118]
126: [14, 19, 28, 38, 43, 47, 64, 73, 74, 75, 124]
127: [34, 36, 41, 78, 120]
128: [2, 6, 11, 19, 35, 37, 40, 50, 67, 71, 76, 86, 109, 112, 117, 120, 125, 126]
129: [7, 12, 22, 41, 46, 50, 51, 78, 97, 127]
130: [8, 22, 37, 39, 44, 52, 77, 78, 81, 123, 127, 128]
131: [5, 14, 22, 48, 53, 58, 74, 108, 112, 120, 129]
132: [4, 10, 29, 39, 44, 53, 54, 65, 81, 130]
133: [11, 21, 32, 40, 42, 47, 60, 66, 84, 106, 111, 121, 126]
134: [8, 13, 25, 51, 67, 71, 72, 77, 106, 107, 115, 118, 122, 123]
135: [13, 23, 52, 56, 62, 67, 78, 81, 84, 89, 128]
136: [14, 19, 22, 24, 38, 50, 58, 69, 79, 87, 103, 112, 113, 124, 129]
137: [11, 15, 16, 20, 28, 29, 39, 44, 53, 73, 75, 84, 118, 125, 126, 130, 135]
138: [16, 21, 26, 37, 51, 56, 59, 76, 81, 84, 87, 92, 126, 135, 136, 137]
139: [7, 12, 17, 22, 25, 51, 53, 71, 82, 90, 115, 122, 131]
140: [13, 14, 18, 19, 31, 43, 56, 57, 67, 72, 78, 121, 129, 138]
141: [53, 62, 63, 78, 83, 84, 87, 90, 95, 129, 134, 139]
142: [15, 24, 25, 28, 54, 56, 61, 70, 85, 93, 118, 125, 135]
143: [16, 17, 22, 25, 59, 60, 65, 70, 75, 132, 136, 137]
144: [76, 82, 87, 90, 93, 98, 127, 142]
145: [23, 31, 59, 62, 64, 83, 88, 121, 133, 138, 143]
146: [13, 19, 24, 25, 29, 54, 58, 62, 73, 78, 79, 84, 98, 103, 118, 128, 129, 135, 140, 144]
147: [3, 19, 20, 25, 30, 85, 90, 93, 99, 101, 104, 140, 144]
148: [2, 31, 34, 51, 62, 65, 67, 70, 76, 80, 105, 110, 124, 136, 141, 145, 146]
149: [28, 37, 51, 65, 76, 77, 81, 102, 132, 138, 143]
150: [6, 23, 28, 67, 82, 83, 96, 104, 143]
151: [14, 37, 38, 63, 65, 70, 73, 84, 88, 127, 128, 139, 144]
152: [8, 31, 35, 36, 68, 79, 80, 90, 98, 139, 140, 141, 146]
153: [9, 21, 22, 31, 71, 75, 76, 85, 90, 99, 107, 112, 136, 141, 146, 147]
154: [21, 22, 37, 40, 41, 68, 73, 76, 82, 130, 151]
155: [23, 33, 34, 39, 71, 77, 83, 88, 143, 149, 152]
156: [3, 8, 12, 29, 34, 59, 69, 78, 79, 88, 102, 110, 113, 115, 128, 149]
157: [30, 43, 45, 48, 58, 76, 89, 94, 104, 133, 140, 145]
158: [10, 17, 26, 35, 37, 42, 74, 80, 85, 86, 95, 106, 142, 152]
159: [1, 3, 6, 15, 27, 37, 86, 87, 96, 105, 113, 118, 142, 156]
160: [28, 33, 37, 46, 79, 82, 92, 93, 102, 136, 143, 148]
161: [3, 12, 18, 29, 34, 39, 40, 45, 73, 77, 94, 99, 143, 149, 155, 159]
162: [4, 6, 11, 14, 18, 23, 30, 35, 40, 43, 54, 73, 75, 89, 94, 95, 108, 116, 121, 133, 145, 154]
163: [5, 20, 31, 36, 49, 74, 82, 87, 90, 105, 139, 140, 141]
164: [1, 15, 16, 17, 43, 48, 71, 80, 87, 92, 105, 106, 137, 158, 163]
165: [9, 14, 17, 21, 22, 33, 38, 47, 62, 67, 72, 88, 93, 107, 111, 112, 124, 136, 143, 148, 153]
166: [8, 39, 52, 77, 85, 89, 90, 98, 99, 108, 142, 144, 149, 153, 158]
167: [8, 9, 14, 18, 20, 30, 51, 74, 83, 90, 94, 95, 99, 108, 145, 148, 150, 155, 161, 166]
168: [5, 10, 12, 16, 17, 21, 22, 24, 25, 26, 49, 71, 91, 96, 100, 101, 105, 114, 115, 127, 139]
169: [6, 11, 21, 26, 37, 80, 88, 93, 101, 102, 111, 112, 156, 157]
170: [12, 17, 21, 22, 27, 33, 48, 54, 88, 93, 107, 111, 112, 123, 132, 133, 142, 153, 158, 164, 169]
171: [8, 13, 15, 18, 20, 39, 52, 103, 104, 113, 119, 130, 135, 142, 159]
172: [13, 19, 24, 34, 40, 83, 89, 90, 91, 96, 99, 100, 109, 114, 144, 158]
173: [15, 24, 30, 57, 61, 62, 75, 76, 96, 105, 114, 115, 121, 161, 162, 167, 172]
174: [16, 23, 31, 36, 42, 86, 97, 102, 121, 133, 138, 145, 146, 147, 152, 157, 162, 167]
175: [22, 27, 37, 38, 57, 72, 78, 86, 99, 103, 107, 117, 122, 127, 153, 158]
176: [18, 23, 27, 33, 38, 60, 65, 94, 99, 117, 123, 143, 149, 163, 164, 175]
177: [19, 26, 29, 34, 40, 53, 58, 65, 94, 95, 100, 105, 114, 119, 129, 136, 141, 148, 154, 160, 168, 170]
178: [11, 40, 41, 51, 89, 96, 101, 102, 105, 130, 161, 166]
179: [26, 30, 31, 46, 62, 63, 68, 87, 116, 120, 121, 126, 131, 152, 157, 162, 178]
180: [29, 32, 37, 38, 47, 48, 61, 67, 93, 122, 127, 132, 137, 139, 144, 151, 162, 163]
181: [2, 33, 38, 44, 48, 49, 53, 54, 74, 84, 88, 92, 99, 104, 105, 118, 123, 138, 148, 158, 164]
182: [29, 33, 44, 45, 49, 50, 55, 64, 66, 71, 100, 105, 110, 119, 123, 139, 170, 181]
183: [12, 32, 35, 37, 41, 45, 64, 130, 140, 142, 147, 151, 154, 166, 182]
184: [5, 17, 46, 47, 71, 92, 95, 97, 108, 112, 113, 121, 131, 136, 141, 162]
185: [13, 32, 36, 47, 48, 52, 53, 74, 98, 103, 122, 126, 127, 132, 133, 137, 163, 184]
186: [2, 3, 13, 24, 33, 35, 40, 44, 49, 53, 67, 92, 93, 109, 114, 128, 138, 143, 150, 159, 164, 169, 182]
187: [1, 8, 33, 44, 45, 49, 50, 98, 110, 111, 116, 139, 149, 170]
188: [35, 39, 40, 46, 51, 55, 56, 64, 72, 77, 129, 135, 140, 154, 156, 161, 166, 187]
189: [5, 38, 41, 43, 51, 70, 71, 95, 102, 136, 146, 151, 153, 160, 185]
190: [3, 4, 11, 36, 48, 52, 101, 113, 114, 119, 126, 132, 142, 147, 152, 158, 163]
191: [3, 24, 42, 43, 54, 59, 63, 67, 80, 104, 132, 133, 143, 153, 157, 159, 164, 169]
192: [8, 20, 41, 46, 49, 50, 55, 59, 64, 90, 98, 103, 105, 119, 139, 156, 163, 188]
193: [7, 12, 14, 39, 41, 56, 60, 65, 67, 97, 116, 117, 121, 122, 129, 135, 145, 150, 155, 161, 166, 171, 191]
194: [51, 57, 66, 70, 83, 88, 107, 141, 151, 152, 156, 160, 162, 172, 192]
195: [3, 11, 44, 47, 48, 49, 53, 62, 72, 101, 103, 118, 128, 137, 147, 159, 164, 191]
196: [4, 10, 15, 42, 49, 58, 64, 109, 114, 125, 132, 133, 143, 158, 164, 174]
197: [19, 50, 55, 64, 65, 73, 86, 91, 105, 110, 128, 138, 149, 159, 163, 164, 175]
198: [1, 6, 14, 51, 52, 55, 61, 70, 75, 80, 104, 106, 111, 121, 150, 155, 162, 165, 167, 171, 194]
199: [2, 7, 13, 18, 37, 45, 71, 97, 102, 112, 128, 135, 146, 151, 156, 162, 166, 167, 187]
200: [8, 58, 62, 67, 76, 77, 89, 94, 98, 118, 157, 166, 173, 178]
201: [4, 17, 54, 55, 60, 63, 68, 73, 78, 107, 119, 159, 164, 165, 170, 179, 197, 199]
202: [16, 21, 48, 59, 60, 64, 69, 74, 89, 94, 110, 115, 120, 131, 136, 138, 139, 145, 154, 159, 165, 169, 170, 195, 199]
203: [1, 6, 11, 56, 66, 79, 80, 90, 97, 110, 111, 121, 160, 165, 169, 176]
204: [12, 20, 42, 58, 61, 63, 71, 76, 82, 86, 110, 122, 151, 157, 167, 168, 172, 173, 200]
205: [8, 24, 51, 53, 58, 63, 68, 72, 77, 88, 112, 118, 123, 134, 139, 141, 152, 168, 172, 177]
206: [4, 9, 34, 38, 44, 53, 59, 78, 82, 83, 100, 113, 119, 169, 172, 173, 178, 179]
207: [18, 23, 55, 59, 61, 66, 85, 94, 99, 113, 115, 125, 138, 169, 170, 175, 176, 203]
208: [6, 27, 40, 54, 57, 61, 65, 70, 76, 80, 90, 137, 142, 144, 165, 170, 171, 180, 191]
209: [1, 57, 76, 85, 91, 103, 122, 127, 171, 175, 176]
210: [3, 7, 8, 13, 23, 26, 28, 37, 64, 68, 69, 72, 87, 116, 123, 128, 167, 172, 177, 178, 179, 182, 206]
211: [4, 14, 30, 35, 57, 82, 88, 138, 140, 145, 147, 169, 174, 179, 183]
212: [23, 53, 60, 84, 88, 99, 104, 106, 111, 113, 115, 120, 125, 169, 175, 178, 180, 185, 189, 199, 203]
213: [1, 5, 6, 11, 29, 36, 54, 72, 76, 85, 90, 95, 100, 119, 121, 126, 144, 175, 176, 182, 185, 187, 209]
214: [1, 2, 6, 11, 27, 33, 38, 60, 67, 85, 86, 91, 96, 101, 122, 127, 148, 150, 162, 171, 175, 176, 181, 187, 197]
215: [1, 7, 18, 26, 82, 91, 98, 102, 109, 114, 116, 118, 177, 178, 181, 182, 183, 192, 206, 213]
216: [3, 13, 19, 32, 48, 53, 57, 69, 74, 75, 88, 93, 98, 119, 122, 123, 129, 138, 147, 163, 173, 185, 188, 190, 193, 212]
217: [5, 10, 14, 15, 36, 41, 70, 75, 88, 94, 99, 104, 124, 129, 130, 151, 153, 175, 178, 184, 193]
218: [2, 4, 6, 10, 11, 12, 15, 29, 76, 80, 112, 117, 119, 122, 126, 132, 137, 147, 150, 175, 176, 180, 190, 196, 209]
219: [11, 12, 16, 32, 60, 67, 72, 78, 82, 86, 87, 91, 101, 122, 150, 182, 187, 188, 191, 193]
220: [1, 2, 7, 8, 12, 17, 18, 39, 44, 63, 73, 77, 78, 82, 91, 123, 154, 177, 181, 182, 188, 198]
221: [5, 23, 32, 58, 69, 74, 93, 115, 120, 122, 188, 189, 193, 203, 212, 219]
222: [10, 14, 15, 34, 63, 64, 65, 70, 75, 81, 86, 95, 105, 153, 164, 174, 184, 185, 196, 199]
223: [4, 6, 10, 15, 16, 21, 25, 42, 47, 55, 71, 90, 92, 94, 100, 110, 122, 126, 157, 162, 180, 184, 185, 191, 195, 202, 206]
224: [6, 8, 11, 13, 16, 21, 22, 35, 47, 51, 72, 77, 97, 111, 116, 123, 125, 127, 137, 152, 186, 192, 206, 207, 215]
225: [7, 8, 18, 22, 66, 72, 78, 84, 89, 102, 117, 123, 127, 128, 156, 183, 188, 192, 193, 199, 202]
226: [7, 14, 19, 23, 49, 50, 58, 74, 97, 113, 118, 129, 134, 160, 165, 179, 184, 187, 188, 198, 208]
227: [9, 11, 16, 19, 20, 29, 38, 75, 80, 114, 119, 126, 128, 138, 178, 185, 204, 209, 214, 218]
228: [10, 15, 16, 20, 21, 30, 31, 35, 69, 77, 87, 92, 110, 115, 121, 122, 130, 136, 147, 159, 161, 185, 186, 195, 200, 202]
229: [10, 11, 16, 21, 22, 26, 36, 53, 77, 87, 100, 116, 121, 132, 137, 147, 162, 163, 168, 182, 190, 192, 206, 211, 217]
230: [14, 18, 19, 22, 23, 28, 32, 37, 41, 73, 78, 92, 107, 122, 127, 129, 131, 138, 167, 183, 188, 192, 193, 197, 198, 202, 207, 217, 221]
231: [19, 23, 24, 28, 33, 63, 72, 74, 84, 88, 90, 94, 95, 108, 118, 123, 124, 134, 144, 162, 184, 194, 203, 205, 208, 218]
232: [13, 20, 24, 25, 34, 39, 56, 69, 85, 103, 114, 119, 129, 130, 135, 140, 159, 166, 171, 173, 193, 195, 204, 205, 219]
233: [16, 20, 21, 22, 32, 40, 44, 51, 76, 105, 110, 120, 132, 134, 137, 170, 171, 185, 196, 200, 205, 215, 224, 225, 232]
234: [17, 21, 22, 31, 36, 41, 67, 75, 87, 93, 98, 111, 116, 121, 132, 137, 142, 152, 162, 165, 208, 213, 216, 217, 221]
235: [16, 18, 27, 28, 37, 42, 59, 64, 83, 106, 132, 133, 143, 172, 174, 196, 198, 207, 221, 222]
236: [19, 25, 28, 38, 47, 68, 72, 74, 79, 118, 123, 134, 135, 137, 138, 140, 144, 188, 194, 203, 209, 213, 218, 227]
237: [13, 14, 20, 24, 25, 34, 39, 49, 78, 80, 85, 93, 101, 124, 135, 140, 144, 145, 168, 169, 190, 195, 204, 211, 214, 216, 224]
238: [7, 19, 21, 25, 44, 50, 55, 62, 67, 76, 109, 116, 120, 130, 134, 135, 141, 146, 177, 191, 199, 201, 205, 215, 224, 226]
239: [1, 28, 31, 32, 41, 50, 75, 77, 87, 121, 131, 136, 137, 138, 140, 141, 143, 165, 197, 202, 207, 211, 216, 217, 221, 226, 230, 236]
240: [2, 16, 23, 28, 42, 52, 81, 104, 106, 127, 132, 133, 138, 143, 168, 171, 196, 198, 203, 207, 214, 219, 222, 227]
241: [22, 23, 24, 29, 38, 47, 65, 70, 84, 89, 112, 123, 133, 134, 137, 138, 144, 148, 173, 178, 180, 189, 199, 202, 208, 213, 218, 224, 227, 228, 233, 238]
242: [30, 31, 34, 39, 49, 53, 78, 98, 105, 120, 123, 135, 143, 144, 145, 146, 168, 189, 224, 234]
243: [19, 21, 27, 31, 37, 45, 55, 71, 81, 84, 102, 107, 109, 111, 112, 116, 130, 146, 196, 199, 217, 222, 225, 235]
244: [41, 50, 56, 72, 73, 82, 92, 107, 131, 136, 140, 141, 183, 188, 192, 197, 202, 230, 231, 236]
245: [33, 34, 37, 39, 42, 48, 62, 81, 138, 142, 149, 171, 193, 203, 217, 227, 232, 237, 242, 243]
246: [22, 24, 29, 34, 43, 84, 89, 94, 110, 112, 115, 133, 138, 139, 148, 159, 174, 199, 202, 218, 225, 228, 233, 238]
247: [25, 30, 33, 35, 53, 76, 85, 95, 129, 134, 140, 143, 149, 164, 184, 186, 191, 200, 209, 213, 224, 233, 244]
248: [37, 42, 45, 46, 50, 60, 65, 71, 81, 84, 86, 92, 107, 115, 117, 130, 145, 146, 152, 155, 174, 176, 211, 212, 235, 245]
249: [3, 25, 46, 51, 113, 115, 118, 122, 136, 137, 141, 146, 197, 205, 206, 207, 228, 236, 241]
250: [28, 33, 56, 57, 62, 79, 83, 93, 137, 138, 142, 146, 147, 148, 152, 189, 194, 198, 203, 208, 236, 242, 247]
251: [18, 34, 39, 40, 45, 48, 87, 88, 89, 94, 143, 144, 149, 153, 154, 155, 177, 183, 188, 233]
252: [6, 9, 11, 28, 30, 40, 59, 100, 110, 116, 118, 121, 123, 139, 140, 144, 145, 150, 208, 210, 229, 231, 236, 239]
253: [16, 31, 59, 65, 75, 82, 87, 91, 95, 96, 110, 112, 140, 141, 145, 146, 149, 150, 192, 197, 200, 206, 211, 239, 240, 246, 250]
254: [32, 37, 41, 48, 61, 67, 90, 142, 152, 156, 158, 163, 172, 180, 207, 251]
255: [9, 14, 31, 33, 62, 67, 72, 77, 93, 98, 119, 121, 124, 133, 142, 152, 157, 198, 211, 213, 234, 239, 247, 252]
256: [34, 39, 53, 58, 62, 63, 68, 73, 85, 89, 90, 94, 148, 149, 152, 154, 168, 178, 179, 200, 228, 238, 239, 242, 253]
257: [3, 35, 39, 51, 59, 74, 79, 89, 90, 93, 150, 159, 161, 166, 183, 193, 205, 215, 249, 254]
258: [6, 11, 12, 26, 31, 34, 36, 41, 51, 65, 92, 96, 124, 127, 146, 150, 151, 162, 165, 167, 185, 206, 214, 237, 240, 242, 245, 256]
259: [42, 61, 62, 65, 66, 76, 88, 93, 102, 112, 151, 155, 161, 166, 203, 241, 245, 251, 256]
260: [6, 38, 54, 82, 87, 93, 96, 117, 127, 153, 158, 162, 164, 167, 169, 186, 208, 211, 228, 247]
261: [15, 20, 33, 34, 37, 59, 62, 68, 73, 94, 127, 128, 130, 138, 149, 152, 154, 168, 184, 214, 217, 240, 242, 243, 245, 248, 253, 258]
262: [3, 49, 64, 68, 74, 80, 91, 96, 105, 108, 158, 164, 174, 183, 206, 210, 248, 249, 254, 258]
263: [9, 21, 26, 34, 57, 62, 70, 71, 75, 85, 86, 87, 90, 99, 105, 106, 112, 124, 155, 161, 167, 170, 172, 175, 189, 197, 201, 206, 212, 214, 237, 245, 255]
264: [1, 12, 18, 23, 40, 47, 57, 65, 71, 91, 97, 102, 107, 126, 130, 133, 138, 152, 155, 212, 220, 226, 243, 245, 248]
265: [6, 71, 87, 88, 92, 96, 99, 118, 122, 153, 158, 161, 186, 193, 208, 209, 214, 251, 252, 257]
266: [12, 37, 44, 49, 60, 65, 73, 78, 83, 88, 93, 99, 102, 104, 127, 153, 154, 168, 173, 175, 192, 217, 218, 258]
267: [4, 8, 26, 39, 43, 44, 58, 63, 68, 105, 133, 134, 136, 141, 149, 155, 158, 165, 169, 174, 179, 184, 205, 210, 220, 223, 248, 251, 254, 259]
268: [5, 9, 46, 85, 90, 95, 99, 100, 102, 136, 164, 165, 166, 189, 206, 212, 217, 254, 266]
269: [1, 37, 40, 42, 62, 63, 68, 76, 91, 97, 105, 107, 117, 127, 130, 141, 152, 166, 171, 176, 178, 202, 220, 222, 256, 261]
270: [7, 28, 29, 38, 43, 71, 87, 139, 144, 153, 158, 161, 163, 172, 177, 182, 208, 213, 251, 254]
271: [3, 8, 12, 18, 64, 69, 78, 88, 98, 99, 102, 105, 109, 154, 164, 168, 178, 183, 188, 192, 215, 220, 224, 263, 264, 268, 269]
272: [14, 15, 33, 38, 39, 40, 43, 44, 45, 49, 53, 55, 66, 71, 79, 89, 94, 95, 105, 110, 133, 143, 148, 155, 160, 169, 174, 178, 181, 184, 186, 189, 199, 203, 210, 214, 215, 223, 243, 259, 264, 269]
273: [5, 10, 15, 30, 32, 37, 41, 46, 74, 80, 90, 95, 100, 101, 105, 142, 147, 151, 164, 175, 176, 190, 211, 237, 254, 257, 266, 271]
274: [6, 11, 15, 16, 42, 57, 91, 96, 102, 105, 106, 107, 108, 113, 121, 157, 162, 167, 171, 191, 195, 196, 197, 202, 216, 222, 223, 232, 262, 272]
275: [2, 12, 17, 46, 48, 53, 69, 74, 88, 92, 98, 102, 103, 136, 153, 158, 163, 177, 182, 184, 189, 192, 218, 223, 226, 227, 268, 272, 273]
276: [8, 13, 23, 35, 38, 40, 49, 54, 63, 77, 79, 88, 98, 104, 108, 134, 150, 163, 164, 167, 178, 188, 198, 224, 257, 260, 265, 274]
277: [1, 14, 18, 19, 50, 55, 84, 85, 88, 99, 105, 108, 110, 111, 116, 140, 160, 165, 169, 170, 179, 198, 199, 204, 220, 225, 226, 274]
278: [5, 10, 15, 16, 49, 77, 80, 85, 90, 95, 100, 101, 105, 111, 139, 151, 182, 185, 187, 190, 192, 195, 226, 229, 255, 275, 276]
279: [1, 21, 22, 38, 42, 43, 52, 80, 92, 97, 102, 106, 107, 112, 153, 170, 196, 201, 212, 222, 260, 263, 268, 271, 276, 277]
280: [4, 17, 21, 22, 53, 77, 103, 111, 113, 114, 119, 168, 192, 197, 201, 202, 213, 229, 277, 278]
281: [8, 43, 52, 80, 85, 104, 108, 114, 142, 159, 164, 173, 188, 190, 195, 198, 229, 232, 253, 273, 274, 278, 279]
282: [4, 9, 10, 34, 41, 46, 55, 83, 105, 109, 113, 115, 119, 156, 161, 165, 170, 173, 199, 204, 213, 230, 244, 263, 266, 271, 274, 280]
283: [7, 12, 15, 21, 22, 24, 25, 60, 82, 105, 107, 110, 114, 115, 116, 120, 122, 161, 185, 204, 205, 210, 216, 232, 237, 276, 280]
284: [21, 22, 27, 52, 55, 57, 83, 88, 111, 112, 131, 145, 162, 167, 172, 198, 206, 211, 222, 226, 235, 251, 277, 282]
285: [12, 17, 49, 63, 68, 86, 93, 103, 108, 113, 117, 159, 163, 164, 173, 176, 201, 202, 207, 218, 223, 228, 266, 273, 274, 277, 278]
286: [4, 10, 15, 18, 23, 27, 28, 38, 48, 52, 59, 83, 99, 108, 109, 113, 117, 118, 125, 128, 142, 143, 164, 169, 174, 203, 207, 235, 240, 243, 254, 273, 274, 279, 284]
287: [5, 19, 24, 29, 33, 50, 58, 60, 68, 83, 86, 91, 104, 109, 124, 148, 149, 165, 175, 184, 199, 201, 220, 230, 238, 239, 244, 253, 263, 264, 275, 284]
288: [1, 6, 20, 24, 30, 35, 37, 46, 51, 52, 56, 61, 89, 101, 105, 110, 114, 115, 120, 121, 125, 130, 131, 147, 160, 162, 167, 179, 186, 192, 195, 204, 205, 207, 221, 226, 261, 269, 276, 277, 281, 286]
289: [7, 13, 18, 27, 30, 31, 37, 52, 55, 76, 111, 116, 120, 121, 126, 128, 145, 172, 177, 207, 210, 211, 221, 227, 235, 238, 243, 277, 282, 286]
290: [3, 22, 32, 42, 53, 61, 63, 86, 89, 94, 107, 112, 113, 118, 123, 151, 163, 168, 173, 176, 192, 202, 204, 207, 217, 222, 228, 233, 241, 266]
291: [2, 9, 27, 28, 55, 59, 64, 93, 113, 114, 117, 118, 123, 128, 133, 164, 165, 169, 170, 182, 183, 207, 213, 224, 272, 280, 284, 285, 289]
292: [5, 16, 18, 21, 24, 39, 40, 44, 55, 58, 60, 65, 109, 110, 113, 123, 131, 136, 148, 165, 168, 170, 174, 184, 193, 213, 214, 224, 229, 230, 235, 238, 241, 246, 269, 280, 285, 290]
293: [11, 25, 30, 40, 64, 76, 89, 92, 97, 111, 115, 121, 125, 135, 171, 179, 201, 205, 207, 212, 221, 225, 226, 230, 231, 236, 244, 246, 269, 286]
294: [12, 30, 31, 36, 41, 46, 58, 63, 112, 117, 120, 121, 122, 162, 168, 172, 173, 177, 191, 192, 210, 216, 221, 226, 232, 242, 266, 271, 282, 283, 288, 292]
295: [8, 24, 27, 32, 58, 61, 67, 68, 118, 122, 132, 134, 139, 142, 151, 173, 178, 183, 198, 228, 233, 238, 241, 249, 278, 293]
296: [2, 33, 38, 43, 64, 92, 93, 98, 100, 118, 124, 128, 133, 138, 143, 169, 178, 179, 182, 199, 210, 213, 215, 218, 229, 234, 239, 258, 272, 278, 279, 284]
297: [5, 10, 25, 33, 34, 44, 48, 54, 55, 59, 61, 66, 70, 79, 93, 113, 120, 123, 124, 125, 139, 155, 163, 169, 170, 176, 200, 213, 230, 235, 239, 278, 280, 286, 290, 291]
298: [1, 11, 27, 40, 50, 55, 56, 61, 64, 66, 76, 105, 106, 125, 126, 130, 135, 137, 140, 142, 154, 181, 225, 231, 235, 236, 244, 252]
299: [5, 7, 32, 36, 41, 46, 51, 56, 67, 95, 103, 136, 142, 147, 177, 182, 185, 192, 213, 216, 218, 221, 227, 236, 237, 247, 275, 287]
300: [36, 37, 52, 57, 58, 64, 68, 69, 73, 93, 113, 123, 126, 127, 147, 179, 216, 222, 227, 228, 232, 238, 288, 289, 294]
301: [8, 14, 30, 33, 35, 43, 48, 59, 63, 67, 69, 83, 93, 124, 133, 134, 140, 145, 157, 168, 184, 234, 238, 239, 247, 255, 284, 289, 294]
302: [5, 8, 40, 44, 55, 70, 79, 93, 98, 104, 106, 129, 134, 138, 163, 175, 185, 188, 189, 193, 194, 216, 221, 224, 225, 230, 234, 239, 240, 263, 278]
303: [39, 50, 66, 67, 71, 72, 91, 97, 120, 126, 129, 135, 140, 145, 150, 171, 182, 186, 187, 190, 196, 219, 222, 226, 230, 232, 235, 247, 291, 292, 296, 297]
304: [12, 33, 38, 41, 51, 62, 70, 71, 127, 141, 143, 148, 151, 160, 167, 177, 182, 221, 241, 247, 250, 258, 263, 272, 287]
305: [8, 11, 18, 42, 47, 68, 72, 101, 109, 114, 118, 123, 133, 152, 173, 178, 191, 219, 224, 227, 232, 233, 237, 238, 242, 281]
306: [14, 39, 48, 58, 64, 69, 74, 75, 113, 119, 124, 132, 138, 143, 148, 153, 174, 184, 185, 189, 190, 199, 222, 223, 228, 229, 233, 243, 279, 294, 299, 300]
307: [5, 36, 41, 49, 54, 59, 64, 69, 73, 75, 105, 124, 125, 139, 144, 151, 154, 159, 163, 169, 180, 185, 200, 213, 224, 229, 230, 240, 244, 249, 253, 261, 266, 278, 294, 295, 300]
308: [2, 11, 14, 31, 37, 50, 55, 60, 65, 100, 104, 112, 117, 120, 131, 140, 181, 194, 212, 227, 240, 241, 245, 250, 261, 266, 275, 284, 291, 296]
309: [22, 45, 51, 66, 67, 76, 78, 122, 127, 135, 141, 146, 188, 193, 221, 225, 242, 292, 302, 303]
310: [11, 18, 23, 39, 43, 44, 52, 57, 62, 68, 72, 73, 76, 101, 133, 147, 154, 157, 162, 166, 188, 193, 213, 232, 242, 243, 247, 256, 264, 269, 281, 298]
311: [5, 17, 28, 42, 53, 69, 79, 107, 113, 115, 120, 129, 132, 134, 143, 184, 189, 197, 230, 239, 244, 253, 274, 283, 287, 294, 304]
312: [15, 20, 48, 59, 73, 81, 86, 98, 130, 134, 138, 159, 163, 180, 185, 190, 191, 195, 196, 228, 238, 240, 245, 290, 295, 306]
313: [14, 16, 21, 22, 42, 47, 55, 66, 70, 71, 76, 79, 81, 104, 131, 141, 152, 155, 157, 162, 165, 169, 170, 181, 194, 240, 241, 245, 259, 267, 272, 284, 296, 302, 310]
314: [8, 12, 13, 20, 22, 32, 45, 67, 71, 72, 76, 77, 97, 110, 118, 123, 127, 135, 146, 151, 161, 166, 171, 182, 192, 200, 225, 232, 233, 238, 241, 246, 251, 262, 290, 292]
315: [13, 23, 51, 62, 73, 76, 78, 82, 84, 88, 89, 128, 141, 166, 167, 183, 199, 231, 243, 256, 257, 293, 309, 314]
316: [14, 17, 19, 33, 50, 63, 74, 78, 79, 82, 88, 93, 107, 124, 128, 129, 153, 158, 160, 163, 165, 189, 197, 198, 228, 239, 244, 248, 249, 253, 258, 262, 269, 275, 279, 287, 304]
317: [11, 15, 16, 25, 35, 48, 49, 53, 54, 68, 74, 75, 95, 113, 125, 126, 130, 135, 138, 143, 159, 169, 174, 178, 180, 190, 195, 203, 219, 223, 228, 236, 240, 241, 250, 274, 285, 293, 295, 305]
318: [6, 37, 54, 62, 75, 76, 79, 80, 81, 87, 92, 130, 131, 135, 137, 140, 165, 169, 170, 181, 186, 191, 202, 234, 236, 241, 245, 250, 255, 256, 259, 260, 261, 265, 301, 312, 317]
319: [12, 20, 32, 53, 66, 82, 86, 107, 110, 132, 137, 156, 163, 168, 176, 177, 192, 200, 222, 247, 251, 252, 266, 278, 290, 297]
320: [13, 14, 18, 19, 23, 51, 77, 87, 88, 128, 129, 141, 162, 167, 172, 173, 177, 182, 188, 231, 239, 244, 252, 257]
321: [4, 14, 19, 24, 29, 64, 74, 79, 82, 88, 90, 95, 129, 139, 163, 172, 173, 178, 183, 188, 205, 209, 239, 244, 248, 253, 262, 278, 289, 293, 309, 315, 320]
322: [23, 25, 48, 56, 61, 74, 75, 79, 80, 89, 94, 113, 133, 169, 171, 190, 203, 240, 250, 269, 274, 281, 286, 293, 300, 305, 315]
323: [6, 17, 22, 26, 30, 31, 36, 41, 54, 71, 75, 76, 85, 86, 90, 95, 132, 144, 162, 166, 170, 175, 186, 217, 232, 234, 242, 247, 260, 265, 275, 295, 301, 310, 321]
324: [6, 17, 52, 57, 72, 81, 82, 85, 87, 93, 98, 121, 132, 147, 166, 175, 181, 182, 186, 208, 213, 232, 242, 247, 257, 265, 276, 312, 323]
325: [7, 17, 26, 28, 59, 64, 77, 78, 83, 93, 97, 116, 167, 172, 174, 177, 182, 193, 198, 206, 243, 248, 257, 262, 267, 284, 287, 289, 296, 308]
326: [19, 25, 57, 78, 89, 135, 139, 140, 147, 208, 218, 223, 237, 250, 254, 273, 278, 293, 299, 304, 314]
327: [25, 40, 88, 101, 135, 145, 174, 178, 211, 216, 219, 223, 248, 259, 268, 269, 279, 294, 300, 305, 326]
328: [5, 10, 12, 15, 29, 32, 41, 46, 56, 62, 67, 90, 119, 142, 170, 177, 180, 185, 191, 192, 195, 201, 209, 216, 221, 270, 271, 275, 280, 286, 287, 292, 297, 299]
329: [6, 11, 16, 28, 57, 60, 72, 91, 96, 101, 138, 142, 143, 150, 171, 176, 177, 186, 197, 240, 252, 253, 257, 281, 317]
330: [1, 2, 33, 82, 83, 87, 88, 91, 102, 104, 133, 157, 177, 181, 197, 203, 214, 219, 271, 272, 303, 308, 313, 329]
331: [29, 32, 34, 65, 70, 79, 84, 93, 103, 122, 139, 163, 180, 183, 188, 189, 193, 199, 212, 218, 223, 233, 263, 290, 293, 295, 302, 313, 314]
332: [4, 9, 13, 14, 19, 25, 30, 31, 36, 54, 63, 78, 80, 84, 85, 98, 99, 104, 118, 135, 140, 141, 146, 153, 179, 194, 199, 243, 249, 256, 260, 265, 279, 284, 289, 308, 309, 310, 315]
333: [4, 5, 26, 85, 86, 90, 91, 94, 95, 105, 107, 110, 112, 141, 146, 161, 177, 180, 184, 190, 191, 195, 196, 200, 201, 210, 217, 222, 240, 246, 251, 256, 261, 270, 274, 287, 290, 306, 311, 312, 316, 332]
334: [1, 12, 16, 21, 35, 73, 91, 106, 125, 137, 183, 188, 192, 196, 197, 215, 256, 257, 276, 281, 286, 297, 298, 305, 307, 312, 317]
335: [2, 7, 12, 17, 22, 34, 39, 66, 78, 83, 88, 102, 107, 138, 148, 149, 156, 193, 197, 203, 243, 246, 253, 258, 259, 272, 282, 287, 292, 298]
336: [7, 13, 24, 32, 58, 79, 83, 84, 89, 97, 110, 115, 122, 149, 187, 188, 193, 194, 198, 204, 212, 225, 228, 249, 254, 277, 283, 288, 302, 309, 335]
337: [23, 24, 30, 38, 43, 44, 63, 69, 76, 80, 84, 90, 93, 95, 128, 135, 144, 150, 153, 159, 164, 169, 173, 175, 186, 191, 195, 199, 200, 204, 208, 209, 218, 239, 245, 250, 255, 260, 274, 284, 289, 294, 301, 304, 308, 310, 315, 329, 333]
338: [4, 5, 15, 37, 42, 69, 81, 91, 94, 95, 100, 106, 136, 141, 146, 151, 152, 159, 184, 201, 205, 206, 232, 249, 250, 261, 262, 267, 274, 300, 311]
339: [3, 10, 11, 12, 21, 26, 35, 37, 82, 87, 100, 101, 106, 113, 118, 121, 125, 142, 190, 197, 201, 206, 207, 211, 212, 215, 228, 280, 291, 292, 297, 305, 307]
340: [28, 33, 41, 66, 79, 93, 107, 112, 122, 131, 138, 148, 156, 189, 192, 194, 202, 207, 221, 246, 253, 257, 277, 287, 297, 302, 304, 311, 318, 336]
341: [7, 18, 33, 34, 40, 45, 72, 73, 84, 97, 108, 118, 133, 139, 149, 154, 155, 160, 162, 163, 187, 199, 208, 252, 264, 265, 269, 270, 277, 283, 293, 298, 314]
342: [6, 9, 11, 19, 29, 30, 34, 38, 40, 93, 103, 116, 120, 121, 128, 133, 144, 149, 150, 159, 179, 193, 195, 199, 210, 218, 231, 253, 255, 264, 289, 293, 299, 310, 320, 341]
343: [5, 6, 12, 15, 20, 41, 44, 51, 69, 82, 96, 106, 112, 125, 134, 141, 142, 146, 159, 171, 192, 195, 197, 200, 201, 205, 212, 215, 232, 241, 249, 256, 257, 266, 281, 290, 300, 305, 307, 314, 315, 316, 339, 342]
344: [10, 27, 31, 46, 48, 92, 100, 121, 142, 157, 158, 163, 167, 190, 197, 201, 211, 273, 280, 286, 297, 301, 306, 312, 317, 322]
345: [9, 14, 27, 28, 33, 41, 93, 107, 124, 131, 157, 197, 202, 203, 217, 221, 234, 239, 258, 268, 297, 302, 307, 311, 313, 323]
346: [18, 23, 39, 43, 72, 85, 90, 93, 94, 113, 144, 149, 162, 188, 200, 203, 209, 214, 252, 253, 288, 293, 310, 315, 324, 342]
347: [13, 35, 39, 51, 89, 90, 95, 103, 145, 150, 155, 161, 166, 185, 189, 193, 209, 219, 224, 265, 276, 283, 299, 304, 314, 315, 320]
348: [12, 16, 17, 30, 35, 36, 44, 45, 76, 91, 111, 115, 120, 121, 125, 126, 127, 134, 151, 156, 201, 206, 210, 224, 227, 237, 242, 266, 272, 276, 291, 300, 305, 307, 310, 314, 337]
349: [17, 32, 36, 41, 42, 75, 93, 97, 107, 112, 116, 126, 136, 142, 157, 162, 165, 202, 203, 206, 211, 221, 255, 257, 262, 267, 296, 301, 311, 312, 313, 316, 318, 322, 345]
350: [16, 18, 32, 33, 38, 42, 48, 54, 98, 103, 106, 108, 122, 137, 143, 148, 158, 164, 169, 196, 207, 212, 217, 227, 263, 268, 272, 279, 286, 297, 302, 307, 312, 313, 317, 328]
351: [15, 20, 34, 39, 47, 78, 94, 119, 123, 128, 130, 133, 137, 143, 159, 204, 208, 218, 227, 228, 240, 245, 259, 313, 317, 318, 329]
352: [24, 29, 34, 35, 39, 40, 44, 45, 49, 50, 53, 54, 58, 78, 79, 91, 95, 96, 100, 124, 128, 129, 145, 155, 168, 204, 205, 206, 209, 211, 229, 234, 258, 260, 270, 284, 293, 304, 309, 315, 316, 321, 323, 325, 330, 348]
353: [19, 36, 40, 41, 46, 50, 55, 57, 62, 76, 91, 96, 106, 109, 120, 156, 161, 167, 172, 181, 197, 199, 205, 210, 211, 215, 216, 220, 225, 231, 271, 282, 287, 289, 291, 310, 315, 316, 320, 321, 337, 342, 346]
354: [18, 23, 37, 41, 46, 50, 56, 57, 92, 97, 102, 107, 121, 122, 126, 131, 133, 138, 140, 152, 157, 162, 187, 221, 226, 230, 231, 232, 236, 248, 262, 267, 292, 316, 317, 320, 321, 322, 326]
355: [13, 37, 42, 81, 98, 99, 127, 132, 142, 147, 148, 171, 209, 214, 217, 227, 232, 237, 242, 261, 273, 312, 317, 318, 324, 338, 351]
356: [22, 39, 44, 54, 60, 65, 78, 88, 94, 99, 112, 113, 128, 148, 149, 159, 173, 175, 193, 199, 202, 214, 218, 219, 223, 228, 238, 253, 269, 274, 285, 290, 292, 323, 343]
357: [4, 26, 39, 40, 44, 45, 53, 90, 95, 100, 103, 105, 124, 129, 134, 136, 141, 143, 144, 154, 173, 188, 220, 224, 229, 233, 234, 251, 254, 270, 275, 280, 299, 305, 309, 314, 315, 320, 323]
358: [40, 46, 84, 91, 102, 130, 135, 145, 150, 167, 174, 212, 216, 217, 220, 235, 264, 287, 310, 326, 327, 330, 331, 354]
359: [25, 41, 51, 61, 63, 68, 97, 115, 142, 152, 162, 178, 205, 212, 221, 226, 236, 241, 246, 288, 293, 295, 317, 321, 326, 331, 332, 352]
360: [29, 56, 57, 98, 103, 118, 137, 139, 144, 146, 147, 163, 168, 223, 236, 237, 242, 254, 261, 263, 273, 278, 326, 327, 358]
361: [8, 22, 44, 54, 58, 63, 87, 99, 105, 109, 112, 133, 148, 153, 154, 173, 177, 215, 219, 220, 233, 267, 279, 323, 329, 330, 333, 334, 353, 357]
362: [9, 14, 28, 45, 54, 55, 66, 71, 100, 118, 134, 143, 154, 155, 159, 165, 181, 186, 204, 208, 215, 239, 264, 270, 289, 291, 296, 298, 314, 320, 323, 324, 325, 329, 335, 349, 353]
363: [31, 32, 37, 41, 45, 50, 59, 71, 84, 101, 111, 140, 142, 147, 149, 166, 174, 187, 226, 239, 256, 257, 262, 264, 266, 315, 320, 321, 326, 329, 354, 360]
364: [25, 56, 71, 87, 90, 107, 108, 112, 113, 115, 122, 136, 141, 146, 156, 157, 161, 162, 180, 191, 201, 205, 223, 231, 236, 241, 246, 270, 272, 277, 282, 295, 312, 317, 326, 327, 331, 333, 338, 360, 362]
365: [31, 48, 53, 56, 72, 74, 108, 121, 142, 146, 147, 152, 157, 168, 183, 184, 189, 211, 218, 227, 236, 247, 252, 257, 273, 299, 301, 322, 323, 326, 328, 332, 333]
366: [35, 39, 40, 44, 53, 54, 63, 83, 87, 104, 109, 123, 143, 150, 152, 158, 159, 177, 208, 224, 233, 238, 242, 253, 254, 260, 265, 267, 289, 323, 324, 329, 332, 334, 357, 359]
367: [1, 3, 4, 28, 50, 54, 59, 69, 80, 89, 100, 105, 110, 111, 116, 118, 159, 165, 208, 215, 226, 235, 239, 273, 288, 298, 329, 335, 336, 339, 341, 348, 363]
368: [34, 46, 51, 55, 59, 77, 105, 116, 131, 149, 155, 156, 160, 165, 187, 192, 221, 239, 255, 271, 281, 287, 296, 301, 302, 316, 325, 326, 329, 330, 336, 337, 345]
369: [17, 38, 43, 52, 57, 71, 76, 90, 151, 152, 153, 156, 162, 166, 171, 180, 251, 256, 263, 268, 270, 272, 336, 341, 347, 357, 360]
370: [4, 23, 31, 48, 62, 92, 114, 119, 121, 147, 157, 162, 167, 211, 213, 218, 223, 229, 237, 252, 267, 278, 301, 328, 332, 333, 338, 344, 347]
371: [8, 33, 54, 58, 62, 63, 79, 80, 85, 98, 104, 114, 123, 152, 163, 164, 190, 195, 214, 219, 224, 242, 258, 263, 305, 310, 319, 328, 332, 348]
372: [3, 41, 46, 50, 55, 64, 69, 74, 79, 93, 109, 156, 159, 160, 169, 183, 215, 244, 249, 259, 266, 271, 273, 285, 340, 344, 363]
373: [1, 7, 16, 22, 34, 36, 62, 70, 75, 80, 81, 85, 91, 101, 117, 122, 124, 127, 145, 160, 161, 166, 171, 187, 197, 214, 217, 220, 221, 232, 237, 245, 246, 256, 261, 265, 281, 304, 330, 335, 336, 337, 341, 347, 350, 355]
374: [2, 7, 17, 37, 47, 65, 66, 76, 77, 81, 83, 86, 88, 107, 117, 142, 155, 166, 167, 171, 198, 222, 245, 246, 251, 261, 266, 272, 287, 292, 308, 313, 335, 336, 337, 346]
375: [3, 6, 49, 53, 78, 87, 96, 102, 159, 162, 163, 164, 167, 172, 186, 192, 223, 228, 247, 262, 267, 274, 276, 278, 288, 337, 342, 343, 347, 352, 366]
376: [3, 4, 10, 15, 33, 37, 49, 54, 63, 68, 69, 83, 88, 125, 127, 148, 158, 164, 169, 184, 209, 217, 224, 228, 229, 235, 240, 243, 248, 258, 268, 273, 279, 284, 289, 307, 339, 343, 344, 348, 350]
377: [5, 14, 50, 55, 60, 63, 68, 74, 78, 86, 91, 115, 120, 124, 129, 158, 159, 165, 170, 174, 175, 201, 205, 220, 248, 259, 269, 280, 283, 285, 294, 311, 316, 338, 339, 340, 349, 359]
378: [1, 9, 17, 22, 51, 52, 56, 61, 70, 80, 85, 90, 99, 116, 152, 160, 162, 165, 167, 171, 175, 176, 180, 189, 226, 231, 255, 256, 277, 279, 281, 286, 291, 320, 331, 341, 346, 347, 350, 356, 360, 362, 369]
379: [13, 18, 40, 57, 62, 76, 86, 91, 96, 117, 128, 130, 161, 172, 176, 181, 186, 197, 211, 217, 220, 222, 238, 243, 251, 261, 271, 282, 287, 310, 332, 337, 342, 346, 351, 352, 353, 366]
380: [12, 18, 58, 71, 77, 82, 87, 89, 94, 108, 161, 162, 167, 168, 172, 173, 177, 187, 204, 228, 251, 257, 262, 272, 277, 278, 283, 314, 319, 333, 338, 341, 347, 352, 362, 367]
381: [4, 8, 9, 12, 53, 55, 59, 64, 68, 78, 83, 102, 103, 109, 119, 165, 169, 170, 179, 183, 192, 213, 229, 243, 273, 280, 282, 313, 334, 339, 343, 344, 363, 372]
382: [4, 14, 16, 21, 43, 55, 60, 78, 85, 89, 94, 99, 110, 131, 133, 165, 174, 189, 219, 223, 225, 230, 239, 241, 246, 259, 264, 279, 293, 310, 313, 345, 356, 359, 361, 364, 368, 369]
383: [22, 56, 61, 74, 81, 85, 90, 97, 116, 121, 125, 145, 164, 167, 175, 176, 180, 190, 207, 211, 212, 221, 231, 250, 251, 254, 265, 270, 281, 286, 317, 322, 341, 344, 350, 355, 356, 357, 365, 370, 376]
384: [2, 11, 15, 16, 51, 58, 63, 81, 96, 101, 102, 105, 112, 122, 147, 167, 168, 172, 173, 195, 227, 267, 271, 283, 285, 287, 288, 312, 342, 347, 351, 356, 357, 361, 366, 371, 375]
385: [7, 8, 24, 46, 58, 63, 71, 87, 92, 97, 134, 136, 139, 158, 168, 182, 187, 223, 226, 228, 249, 262, 267, 272, 316, 338, 341, 359, 364, 372]
386: [3, 9, 59, 64, 77, 88, 93, 100, 102, 114, 119, 159, 167, 173, 174, 178, 179, 193, 198, 210, 213, 215, 224, 233, 234, 239, 257, 273, 274, 282, 283, 284, 325, 344, 347]
387: [14, 18, 38, 43, 55, 59, 61, 66, 99, 108, 120, 129, 133, 143, 165, 170, 173, 176, 189, 194, 198, 204, 225, 230, 235, 238, 269, 279, 284, 285, 286, 288, 290, 291, 295, 303, 309, 313, 340, 350, 354, 378]
388: [7, 10, 11, 15, 27, 49, 74, 95, 100, 110, 116, 121, 126, 137, 139, 142, 162, 164, 196, 200, 202, 217, 229, 231, 246, 252, 270, 276, 285, 286, 290, 319, 335, 336, 341, 344, 362, 367, 370, 375, 376]
389: [2, 11, 12, 15, 56, 80, 82, 87, 91, 103, 105, 117, 122, 127, 142, 170, 172, 176, 177, 182, 186, 191, 195, 196, 201, 206, 213, 218, 222, 227, 232, 260, 266, 271, 282, 285, 286, 292, 297, 328, 350, 352, 356, 366, 375]
390: [2, 8, 21, 46, 58, 63, 64, 68, 69, 87, 97, 102, 111, 113, 118, 128, 136, 178, 179, 182, 183, 192, 201, 202, 203, 226, 272, 277, 282, 283, 288, 289, 291, 293, 294, 316, 348, 357, 362, 367, 372, 377, 381]
391: [8, 14, 23, 30, 35, 53, 77, 113, 124, 129, 140, 142, 145, 167, 169, 174, 198, 203, 232, 248, 255, 257, 263, 278, 284, 293, 303, 322, 344, 347, 349, 358, 365, 370, 373, 383]
392: [14, 15, 18, 19, 24, 34, 35, 58, 65, 70, 83, 99, 106, 108, 109, 115, 129, 140, 160, 175, 185, 189, 193, 194, 195, 198, 204, 216, 221, 235, 263, 274, 288, 290, 299, 323, 324, 328, 331, 336, 353, 378, 379, 384]
393: [6, 10, 20, 25, 26, 49, 51, 52, 61, 66, 67, 72, 86, 100, 105, 114, 121, 139, 181, 182, 187, 190, 195, 200, 205, 222, 229, 236, 275, 281, 286, 290, 291, 292, 294, 295, 297, 319, 341, 346, 351, 365, 370, 376, 384, 385]
394: [7, 16, 26, 27, 33, 38, 62, 72, 80, 82, 96, 116, 117, 148, 170, 172, 182, 186, 206, 237, 242, 258, 260, 262, 263, 281, 287, 291, 296, 350, 373, 376, 381]
395: [2, 12, 13, 18, 21, 22, 63, 68, 97, 102, 109, 111, 114, 183, 188, 197, 201, 202, 207, 224, 228, 243, 287, 291, 292, 293, 334, 339, 343, 377, 381]
396: [9, 13, 14, 18, 28, 34, 43, 52, 69, 75, 83, 129, 133, 142, 144, 184, 185, 188, 190, 198, 208, 232, 234, 239, 288, 289, 294, 300, 322, 338, 344, 349, 354, 368]
397: [3, 33, 36, 41, 44, 54, 65, 75, 83, 114, 120, 124, 125, 128, 130, 151, 164, 168, 169, 173, 175, 185, 204, 214, 240, 258, 259, 261, 263, 266, 273, 290, 294, 319, 339, 345, 348, 349, 350, 353, 376, 379, 380, 383, 389, 394]
398: [2, 11, 15, 16, 20, 24, 46, 71, 112, 114, 115, 117, 122, 186, 204, 205, 210, 216, 227, 232, 236, 282, 285, 286, 294, 296, 300, 327, 337, 342, 351, 362, 366, 375, 380, 384, 390, 395, 396]
399: [12, 16, 17, 26, 31, 55, 62, 66, 67, 72, 78, 81, 97, 116, 121, 126, 145, 177, 188, 193, 196, 201, 206, 222, 235, 242, 282, 291, 297, 302, 303, 322, 325, 357, 381, 396]
400: [13, 17, 18, 27, 39, 44, 86, 103, 117, 122, 127, 128, 154, 176, 197, 202, 203, 212, 243, 264, 266, 269, 292, 303, 343, 348, 353, 356, 358, 377, 379, 387, 392, 397]
401: [5, 18, 19, 27, 44, 73, 108, 115, 117, 120, 123, 124, 129, 138, 184, 207, 230, 238, 239, 244, 278, 297, 299, 303, 340, 345, 354, 378, 387, 398]
402: [15, 20, 24, 29, 34, 58, 65, 69, 74, 81, 90, 94, 113, 114, 115, 119, 124, 125, 135, 148, 164, 185, 190, 191, 196, 199, 209, 238, 295, 300, 305, 306, 311, 328, 334, 355, 360, 369, 378, 389, 399]
403: [20, 26, 30, 35, 40, 42, 45, 47, 66, 89, 105, 115, 120, 121, 125, 126, 127, 130, 157, 162, 176, 179, 181, 191, 215, 220, 246, 257, 261, 267, 269, 272, 276, 300, 305, 346, 359, 361, 376, 382, 387, 390, 400]
404: [8, 16, 30, 31, 57, 67, 76, 102, 106, 111, 116, 118, 120, 121, 123, 126, 127, 167, 171, 182, 192, 206, 210, 216, 221, 227, 233, 236, 237, 238, 242, 246, 251, 252, 272, 291, 292, 300, 301, 302, 342, 343, 348, 357, 362, 367, 381, 387, 390, 391, 401]
405: [13, 23, 27, 28, 32, 37, 61, 84, 89, 123, 128, 137, 138, 151, 183, 188, 199, 202, 212, 222, 241, 298, 302, 307, 309, 314, 331, 353, 358]
406: [2, 23, 43, 50, 53, 79, 92, 118, 123, 128, 138, 139, 143, 148, 159, 160, 165, 168, 182, 184, 194, 199, 203, 213, 223, 244, 248, 272, 275, 298, 303, 304, 308, 313, 323, 349, 354, 359, 362, 385, 390, 404]
407: [11, 15, 16, 20, 23, 25, 33, 39, 49, 78, 79, 80, 84, 94, 123, 126, 130, 134, 135, 159, 190, 203, 204, 205, 213, 219, 224, 228, 236, 241, 250, 278, 303, 304, 319, 350, 351, 373, 384, 389, 393, 394, 398, 404, 405]
408: [21, 35, 41, 50, 64, 66, 75, 87, 92, 117, 125, 126, 131, 141, 154, 177, 202, 220, 225, 230, 244, 256, 281, 282, 287, 305, 310, 312, 316, 317, 320, 334, 361, 395, 405]
409: [5, 11, 36, 53, 72, 77, 95, 101, 126, 136, 137, 141, 163, 168, 177, 182, 185, 187, 212, 216, 227, 231, 252, 275, 276, 278, 286, 297, 301, 302, 307, 321, 362, 365, 388, 391, 393, 397, 401, 406]
410: [14, 19, 36, 52, 61, 83, 126, 127, 129, 133, 138, 193, 197, 198, 216, 227, 232, 239, 244, 248, 253, 302, 306, 312, 317, 322, 353, 354, 363, 392, 396]
411: [14, 19, 23, 38, 48, 53, 58, 67, 74, 84, 90, 92, 95, 128, 129, 133, 139, 148, 157, 174, 182, 189, 205, 210, 214, 228, 233, 247, 254, 294, 299, 304, 315, 318, 319, 320, 323, 337, 362, 364, 373, 408]
412: [8, 9, 14, 34, 39, 40, 43, 53, 56, 61, 75, 80, 83, 98, 104, 129, 134, 135, 140, 164, 166, 171, 188, 198, 205, 213, 219, 229, 240, 244, 250, 255, 269, 273, 278, 281, 295, 303, 310, 365, 368, 391, 393, 396, 399, 404, 409, 410]
413: [17, 21, 22, 35, 39, 45, 55, 64, 86, 125, 129, 130, 131, 132, 154, 196, 222, 235, 242, 244, 247, 251, 285, 306, 309, 315, 320, 321, 325, 334, 357, 366, 399, 402]
414: [5, 6, 17, 26, 36, 46, 57, 70, 72, 82, 92, 93, 95, 98, 137, 142, 160, 185, 192, 208, 213, 221, 236, 247, 250, 275, 297, 307, 316, 318, 321, 323, 326, 337, 340, 352, 357, 365, 406, 411]
415: [11, 13, 36, 47, 59, 64, 83, 101, 126, 133, 138, 152, 174, 178, 191, 216, 222, 227, 232, 253, 267, 281, 282, 284, 289, 297, 303, 306, 308, 312, 322, 327, 353, 358, 363, 367, 371, 383, 396, 399, 402]
416: [25, 33, 48, 67, 129, 132, 135, 140, 143, 149, 157, 222, 223, 233, 238, 247, 249, 250, 293, 303, 304, 312, 314, 337, 359, 360, 364, 369, 378, 402]
417: [8, 25, 44, 54, 59, 73, 75, 85, 98, 101, 134, 139, 140, 145, 154, 163, 188, 190, 200, 211, 216, 223, 224, 239, 250, 253, 254, 273, 278, 305, 310, 314, 324, 326, 343, 360, 364, 368, 408, 409, 414]
418: [14, 31, 39, 41, 50, 51, 60, 62, 67, 71, 76, 81, 82, 86, 87, 91, 104, 129, 155, 175, 177, 219, 230, 256, 272, 287, 292, 309, 315, 316, 320, 330, 361, 374, 377, 399, 402]
419: [22, 26, 28, 32, 46, 51, 70, 87, 111, 112, 132, 137, 138, 143, 146, 151, 160, 191, 197, 236, 246, 247, 250, 253, 257, 272, 307, 331, 336, 340, 363, 367, 368, 406]
420: [11, 23, 28, 33, 57, 62, 67, 72, 78, 83, 101, 104, 133, 137, 142, 147, 157, 162, 163, 187, 188, 191, 193, 214, 219, 227, 253, 258, 281, 303, 317, 327, 329, 337, 347, 362, 368, 371, 398, 412, 417, 418]
421: [29, 34, 42, 53, 63, 65, 70, 79, 98, 132, 134, 143, 148, 153, 158, 163, 180, 185, 199, 222, 233, 238, 248, 269, 290, 295, 312, 314, 323, 333, 364, 369, 402, 405, 414, 419]
422: [31, 34, 35, 54, 59, 73, 78, 83, 85, 94, 123, 129, 140, 141, 146, 154, 163, 170, 194, 200, 224, 239, 253, 256, 258, 261, 310, 315, 319, 333, 334, 339, 343, 366, 370, 371, 408, 409, 415, 420]
423: [14, 17, 26, 65, 75, 77, 81, 86, 91, 95, 104, 107, 112, 136, 141, 145, 150, 165, 166, 194, 217, 222, 245, 251, 255, 256, 276, 284, 300, 302, 306, 320, 321, 332, 335, 336, 337, 340, 366, 371, 374, 391]
424: [7, 11, 45, 46, 56, 66, 73, 117, 135, 137, 146, 151, 156, 161, 166, 183, 188, 192, 197, 201, 202, 225, 236, 242, 251, 271, 298, 315, 336, 372, 405, 408, 413]
425: [28, 34, 39, 62, 76, 77, 93, 138, 144, 149, 152, 157, 162, 166, 167, 193, 197, 203, 248, 253, 256, 257, 258, 259, 264, 313, 318, 327, 337, 342, 346, 363, 368, 373, 374, 418, 422, 423]
426: [17, 24, 28, 33, 58, 63, 88, 94, 99, 107, 110, 115, 138, 149, 153, 163, 164, 197, 204, 223, 225, 238, 243, 248, 249, 253, 283, 287, 304, 309, 335, 340, 349, 369, 374, 377, 378, 419, 423, 424]
427: [3, 25, 30, 35, 38, 48, 54, 76, 80, 85, 90, 133, 138, 140, 154, 159, 164, 186, 189, 191, 195, 208, 223, 228, 239, 245, 249, 254, 255, 259, 260, 301, 310, 313, 318, 334, 364, 368, 370, 374, 375, 408, 411, 416, 420, 424, 425]
428: [36, 37, 42, 51, 65, 75, 79, 80, 90, 105, 116, 120, 140, 146, 151, 152, 155, 162, 169, 170, 177, 180, 201, 207, 250, 251, 256, 259, 261, 262, 267, 271, 291, 311, 316, 330, 336, 340, 345, 349, 350, 355, 361, 371, 376, 377, 381, 390, 397, 426]
429: [3, 20, 66, 76, 77, 91, 92, 110, 112, 113, 118, 142, 146, 147, 161, 187, 200, 201, 228, 231, 241, 247, 252, 256, 262, 266, 272, 290, 292, 307, 336, 338, 343, 356, 377, 380, 411, 417, 422, 427]
430: [33, 38, 51, 62, 77, 79, 82, 83, 88, 138, 141, 148, 152, 153, 157, 167, 189, 194, 203, 231, 258, 263, 304, 313, 321, 337, 347, 352, 368, 373, 378, 392, 407, 411, 414, 419, 422, 427, 428]
431: [9, 29, 34, 39, 40, 45, 58, 82, 89, 128, 155, 158, 163, 172, 178, 204, 254, 262, 263, 265, 268, 270, 283, 309, 314, 338, 352, 364, 379, 380]
432: [6, 23, 24, 35, 40, 63, 64, 79, 89, 90, 109, 113, 116, 121, 128, 145, 150, 159, 190, 193, 203, 205, 210, 231, 236, 244, 245, 259, 260, 269, 293, 299, 310, 339, 346, 354, 365, 383, 399, 425, 430]
433: [41, 54, 67, 70, 82, 87, 90, 96, 116, 144, 146, 147, 151, 160, 162, 170, 180, 192, 197, 211, 234, 255, 260, 261, 265, 266, 270, 301, 307, 312, 316, 324, 340, 350, 352, 366, 371, 376, 414, 415, 417, 422]
434: [2, 22, 26, 32, 37, 41, 48, 71, 76, 81, 85, 86, 87, 116, 142, 147, 158, 163, 166, 175, 181, 202, 207, 237, 252, 257, 265, 266, 267, 268, 273, 355, 356, 361, 367, 383, 388, 391, 397, 427]
435: [9, 14, 17, 26, 33, 38, 72, 77, 87, 92, 98, 116, 124, 143, 162, 172, 178, 206, 213, 234, 239, 253, 258, 263, 296, 321, 323, 347, 349, 352, 357, 362, 368, 386, 423, 428, 432, 433]
436: [18, 34, 57, 78, 82, 85, 88, 90, 93, 94, 99, 109, 114, 134, 144, 147, 153, 154, 172, 173, 178, 183, 200, 237, 253, 258, 259, 262, 264, 273, 278, 310, 314, 315, 324, 327, 343, 353, 374, 408, 417, 424, 425, 429, 433, 434]
437: [9, 23, 35, 39, 40, 45, 51, 53, 59, 63, 73, 79, 88, 89, 90, 94, 139, 144, 145, 150, 153, 155, 161, 166, 174, 178, 179, 183, 184, 194, 205, 210, 248, 254, 255, 259, 264, 268, 275, 276, 293, 315, 320, 325, 354, 358, 369, 370, 375, 383, 386, 391, 400, 424, 425, 428, 430, 434]
438: [5, 12, 17, 25, 29, 31, 51, 54, 95, 106, 119, 121, 127, 130, 144, 180, 190, 206, 209, 234, 237, 242, 255, 260, 261, 299, 321, 324, 326, 350, 352, 355, 376, 389, 414, 421, 435]
439: [1, 6, 37, 42, 47, 57, 60, 81, 82, 85, 86, 88, 92, 93, 96, 97, 101, 132, 150, 157, 175, 177, 181, 186, 202, 203, 207, 240, 241, 261, 265, 271, 281, 287, 313, 317, 318, 327, 330, 355, 356, 361, 371, 372, 417, 420, 422, 428]
440: [1, 2, 7, 12, 26, 33, 38, 43, 54, 87, 91, 92, 93, 97, 116, 138, 158, 164, 169, 181, 206, 213, 258, 262, 271, 279, 282, 296, 323, 328, 357, 361, 378, 382, 386, 389, 394, 398, 433, 438]
441: [15, 20, 34, 39, 57, 63, 88, 94, 98, 104, 122, 130, 135, 144, 147, 148, 154, 173, 183, 188, 204, 214, 228, 237, 240, 245, 263, 273, 302, 324, 327, 355, 360, 374, 384, 392, 398, 417, 429, 434]
442: [4, 9, 35, 63, 83, 84, 88, 91, 94, 95, 96, 100, 109, 135, 159, 169, 178, 179, 206, 210, 219, 239, 243, 253, 265, 268, 278, 284, 303, 315, 316, 320, 321, 325, 330, 333, 343, 349, 358, 375, 385, 404, 409, 423, 431, 435, 436, 440]
443: [4, 5, 10, 16, 17, 29, 36, 41, 57, 62, 82, 90, 91, 105, 119, 136, 156, 167, 172, 177, 180, 184, 195, 206, 209, 210, 216, 236, 270, 274, 275, 280, 282, 285, 299, 311, 321, 326, 360, 364, 365, 375, 386, 389, 392, 397, 432, 441]
444: [16, 21, 23, 32, 42, 60, 61, 81, 91, 96, 106, 111, 117, 133, 138, 142, 150, 152, 176, 186, 191, 201, 207, 212, 227, 240, 248, 262, 272, 276, 281, 286, 322, 330, 352, 358, 361, 363, 377, 420, 427, 437]
445: [1, 2, 17, 38, 48, 91, 97, 99, 103, 148, 158, 181, 182, 187, 192, 203, 209, 214, 271, 272, 277, 287, 288, 298, 317, 318, 323, 324, 333, 361, 362, 373, 383, 434, 439, 443]
446: [14, 32, 60, 83, 103, 104, 122, 175, 183, 198, 203, 212, 214, 219, 248, 273, 283, 285, 290, 302, 308, 319, 323, 324, 353, 358, 363, 373, 378, 379, 384, 389, 392, 398, 400, 443, 444]
447: [14, 19, 26, 45, 50, 54, 63, 90, 94, 95, 99, 105, 109, 136, 141, 143, 149, 153, 155, 169, 179, 184, 194, 210, 243, 244, 249, 251, 255, 265, 269, 270, 279, 284, 290, 320, 323, 324, 333, 338, 361, 364, 366, 375, 379, 385, 423, 430, 435, 440, 445]
448: [4, 7, 10, 15, 20, 25, 26, 36, 42, 46, 51, 71, 87, 91, 94, 96, 100, 101, 102, 105, 116, 130, 136, 146, 161, 176, 184, 185, 195, 196, 197, 200, 202, 205, 207, 211, 212, 217, 222, 231, 232, 261, 271, 272, 274, 275, 281, 285, 290, 295, 306, 321, 327, 351, 356, 357, 364, 370, 375, 376, 380, 385, 407, 437, 442]
449: [6, 11, 12, 21, 26, 35, 37, 42, 52, 63, 66, 68, 107, 125, 152, 162, 178, 186, 196, 201, 206, 207, 215, 227, 257, 272, 276, 286, 287, 288, 293, 296, 305, 346, 376, 381, 386, 387, 395, 403, 437, 442]
450: [17, 29, 43, 48, 53, 66, 103, 107, 108, 112, 127, 139, 144, 153, 156, 202, 207, 218, 227, 246, 254, 277, 282, 333, 336, 364, 369, 378, 382, 388, 426, 427, 438, 443]