[METADATA]
File: le450_5c.col
Description: SOURCE: Craig Morgenstern (morgenst@riogrande.cs.tcu.edu)  DESCRIPTION: This is a Leighton graph as described in F.T. Leighton. Journal of Research of the National Bureau of Standards, vol. 84, no. 6,  Nov-Dec 1979, pp 489-505.   Leighton graph data structure     : sparse graph gen seed     : 35428 number of vertices : 450 max number of edges: 50000 number of classes  : 5 a c m              : 8401 6859 84035 clique vector      :     clique sz     num cliques ---------     ----------- 2          4410 3          2047 4          1260 5           409 Leighton's proof : 5 coloring  Graph Stats number of vertices  : 450 nonisolated vertices: 450 number of edges     : 9803 edge density        : 0.097035 max degree          : 66 avg degree          : 43.57 min degree          : 27

[GCP_DATA_INFO]
Type: GCP, Graph Coloring Problem
Node: 450
Edge: 9803

[ADJACENCY_List]
7: [1]
8: [1, 6]
9: [2]
10: [3, 4]
11: [4]
13: [1, 7, 12]
14: [2]
15: [3]
16: [10, 15]
17: [10, 15]
18: [1, 6, 9]
19: [2, 13, 18]
20: [3]
21: [4]
22: [16, 21]
23: [5, 6]
24: [3, 7]
25: [3, 17, 24]
26: [9, 24]
27: [5, 10]
28: [24, 25, 26, 27]
29: [18]
30: [3, 23]
31: [14, 30]
32: [3, 25]
33: [6, 11, 16, 20]
34: [7, 11, 17, 31, 33]
35: [6, 8, 13, 31]
37: [3, 10, 36]
38: [2, 4, 6, 9, 11, 16, 31, 34]
39: [2]
40: [2, 6, 8, 13, 18, 39]
41: [3, 5, 9, 10, 12, 37]
42: [19]
43: [9, 21, 30, 35, 42]
44: [1, 7, 8, 13, 17, 40]
45: [2]
46: [8, 12, 14, 19, 24]
47: [4, 9, 11, 14, 16, 20, 25, 39, 43]
48: [10, 16, 20, 21, 29]
49: [1, 11, 15, 16, 17, 32]
50: [2, 7, 14, 17, 19, 23, 46]
51: [3, 13, 24]
52: [4, 9, 14, 15, 18, 20, 30]
53: [17, 20, 22, 25, 26, 49]
54: [13, 16, 27]
55: [7, 17, 21, 23, 27]
56: [8, 13, 24, 25, 28, 52]
57: [9, 14, 20, 24, 25, 34]
58: [15, 19, 24, 31, 49]
59: [3, 11, 16, 21, 22, 26, 27, 28, 31, 32, 47, 55]
60: [17, 23, 27, 28, 32, 48, 57]
61: [27, 28, 33, 34, 52]
62: [19, 20, 25, 30, 31, 34, 36, 58]
63: [14, 20, 21, 24, 26, 30, 31, 35, 39, 40]
64: [2, 30, 31, 36, 42, 55]
65: [23, 27, 28, 33, 34, 39, 42, 61]
66: [2, 23, 24, 27, 28, 29, 33, 34, 38, 63]
67: [24, 29, 30, 33, 58]
68: [25, 35, 36, 37, 42, 45]
69: [3, 7, 26, 27, 30, 36, 41, 43]
70: [32, 33, 37, 53, 61, 68]
71: [2, 33, 38, 39, 40, 43, 45]
72: [6, 11, 24, 30, 33, 34, 35, 39, 59]
73: [31, 35, 36, 60, 64, 70]
74: [5, 32, 42, 43, 46, 48, 56]
75: [9, 14, 33, 36, 52, 67]
76: [29, 39, 44, 67]
77: [8, 35, 39, 45, 49, 51, 54, 59, 60]
78: [12, 17, 31, 39, 76]
79: [46, 56, 57, 67, 70, 76]
80: [8, 11, 12, 18, 38, 42, 43, 52, 54, 67]
81: [15, 18, 20, 42, 43, 44, 53, 58]
82: [54, 73]
83: [14, 24, 25, 26, 50, 57, 60, 62, 79]
84: [2, 18, 23, 42, 45, 47, 58, 66, 67, 68, 71]
85: [43, 48, 57, 62, 72, 76]
86: [17, 39, 42, 44, 49, 53, 60, 65]
87: [26, 35, 39, 40, 48, 49, 55, 59, 73]
88: [5, 9, 14, 41, 51, 65, 70, 79, 80]
89: [45, 61, 63, 68, 76]
90: [29, 43, 51, 62, 76, 77, 83]
91: [13, 17, 23, 39, 49, 63, 68, 82, 83, 89]
92: [23, 40, 48, 55, 71, 74, 79, 84]
93: [20, 32, 37, 41, 49, 65, 70, 79, 80, 86]
94: [2, 20, 22, 28, 52, 53, 57, 61, 66, 71, 76, 86, 87]
95: [38, 48, 51, 53, 67, 72, 74, 77, 82, 87, 92]
96: [35, 40, 44, 49, 54, 68, 73, 78, 82, 88, 93]
97: [1, 19, 23, 50, 55, 74, 84]
98: [1, 6, 29, 35, 45, 46, 51, 54, 69, 77, 80, 85, 90, 95, 96]
99: [2, 8, 16, 32, 38, 43, 47, 76, 77, 85, 86, 91, 93, 96]
100: [4, 7, 26, 43, 72, 87, 92]
101: [4, 54, 57, 58, 59, 80, 83, 93, 98]
102: [4, 5, 9, 41, 46, 50, 54, 55, 80, 88, 94]
103: [1, 7, 10, 12, 29, 44, 60, 80, 100]
104: [6, 11, 27, 48, 52, 57, 60, 83, 86, 88, 93, 101]
105: [1, 49, 82, 87, 91, 97, 102]
106: [3, 10, 13, 32, 54, 59, 83, 93, 103, 104]
107: [4, 60, 63, 84, 86, 89, 91, 94, 104, 105]
108: [4, 6, 10, 45, 51, 52, 61, 90, 94, 105]
109: [1, 2, 6, 7, 11, 13, 16, 18, 32, 35, 37, 47, 67, 91, 96, 106]
110: [2, 28, 53, 66, 83, 89, 91, 92, 94, 102, 107, 108]
111: [3, 4, 7, 8, 13, 55, 59, 60, 97, 103, 109]
112: [5, 14, 21, 38, 63, 65, 109, 110]
113: [4, 6, 11, 15, 49, 55, 56, 61, 85, 86, 92, 97, 111]
114: [10, 26, 28, 35, 52, 57, 58, 63, 76, 77, 98, 100, 101, 106, 111, 112]
115: [8, 24, 27, 28, 32, 37, 41, 63, 66, 68, 112]
116: [4, 7, 8, 9, 18, 23, 28, 59, 72, 97, 100, 108]
117: [13, 15, 19, 24, 29, 30, 34, 38, 39, 61, 66, 75, 89, 90, 94, 114]
118: [6, 11, 20, 27, 35, 59, 69, 85, 115, 116]
119: [3, 7, 10, 16, 26, 37, 41, 100, 101, 103, 111]
120: [27, 41, 64, 68, 69, 98, 103]
121: [4, 14, 23, 30, 59, 72, 113]
122: [10, 13, 44, 54, 55, 60, 99, 103, 106, 111, 114, 119, 120]
123: [10, 16, 25, 34, 44, 45, 49, 67, 71, 72, 76, 84, 105, 110, 115]
124: [12, 17, 31, 33, 38, 67, 72, 75, 77, 116, 117, 121]
125: [16, 22, 27, 32, 37, 47, 63, 68, 92, 106, 109, 114]
126: [4, 28, 47, 69, 75, 118, 119]
127: [10, 15, 34, 35, 36, 41, 44, 49, 65, 78, 119]
128: [2, 16, 19, 40, 109, 112, 117, 126]
129: [7, 17, 50, 51, 56, 78, 126, 127]
130: [13, 18, 37, 39, 44, 47, 52, 57, 63, 72, 73, 81, 108]
131: [5, 22, 48, 53, 69, 112, 115, 120, 124, 129]
132: [4, 10, 15, 20, 29, 44, 53, 81, 129, 130]
133: [10, 16, 47, 69, 76, 84, 124, 130]
134: [8, 17, 25, 46, 56, 62, 71, 81, 92, 115, 123, 127, 132]
135: [18, 23, 56, 68, 73, 81, 84, 89, 128]
136: [22, 43, 50, 63, 68, 69, 87, 112, 129, 133, 134]
137: [11, 16, 20, 24, 25, 28, 50, 53, 59, 70, 118, 126]
138: [20, 21, 26, 46, 50, 55, 59, 60, 74, 79, 81, 84, 86, 87, 92, 100, 115, 135, 136]
139: [2, 6, 12, 17, 25, 53, 56, 66, 71, 72, 97, 106, 115, 123, 127, 132, 138]
140: [2, 14, 19, 23, 31, 56, 57, 62, 121, 128, 129]
141: [14, 19, 58, 62, 63, 87, 90, 95, 129, 139]
142: [3, 15, 20, 28, 56, 59, 69, 93, 114, 118, 130]
143: [17, 22, 34, 59, 60, 65, 76, 86, 94, 95, 124, 132, 137]
144: [17, 33, 66, 71, 90, 92, 98]
145: [18, 23, 31, 59, 62, 64, 67, 72, 77, 82, 121, 128, 133]
146: [19, 24, 25, 62, 63, 68, 79, 134, 135, 139, 140, 144]
147: [3, 20, 30, 40, 54, 80, 93, 101, 104, 130, 135, 140]
148: [5, 26, 31, 34, 62, 65, 67, 80, 85, 95, 124, 131, 136, 141]
149: [7, 12, 22, 27, 28, 32, 33, 42, 43, 65, 66, 71, 76, 81, 86, 103, 112, 132, 138, 142, 143]
150: [6, 28, 33, 48, 52, 67, 72, 78, 82, 96, 104, 108]
151: [3, 19, 34, 37, 65, 68, 70, 73, 84, 89, 127, 139]
152: [20, 25, 31, 36, 59, 68, 69, 80, 84, 135, 141, 145, 146]
153: [9, 20, 26, 35, 76, 81, 85, 99, 107, 146, 149]
154: [1, 6, 13, 27, 31, 40, 52, 73, 76, 108, 130, 137, 147]
155: [7, 27, 28, 33, 34, 39, 43, 71, 77, 78, 83, 87, 88, 97, 103, 123, 138, 148, 149]
156: [3, 12, 29, 73, 83, 89, 94, 98, 102, 110, 149]
157: [25, 30, 35, 43, 69, 76, 89, 90, 94, 133, 135, 139, 140, 145, 150]
158: [26, 31, 37, 42, 56, 74, 80, 85, 86, 96, 99, 100, 114, 146, 152]
159: [3, 11, 15, 27, 32, 37, 67, 86, 91, 105, 113, 118, 137, 147]
160: [12, 28, 33, 46, 52, 68, 71, 79, 82, 88, 92, 98, 136, 137]
161: [4, 12, 34, 40, 45, 64, 77, 83, 88, 98, 102, 103, 139, 144, 155]
162: [6, 9, 11, 14, 18, 39, 43, 99, 108, 109, 116, 120, 121, 124, 133, 149, 150]
163: [49, 55, 66, 74, 82, 87, 90, 95, 105, 115, 139]
164: [1, 15, 16, 31, 37, 42, 48, 62, 77, 80, 86, 105, 111, 148, 152, 158, 163]
165: [2, 9, 14, 17, 21, 33, 38, 46, 87, 88, 102, 111, 124, 132, 133, 136, 153]
166: [29, 39, 52, 77, 85, 90, 108, 113, 124, 142, 149]
167: [9, 18, 24, 35, 40, 51, 83, 95, 100, 108, 161, 166]
168: [10, 12, 15, 17, 25, 30, 31, 36, 46, 49, 55, 65, 66, 96, 100, 101, 105, 110, 114, 127, 134, 139, 140, 146, 165]
169: [8, 16, 18, 26, 32, 52, 53, 80, 88, 93, 96, 97, 102, 106, 111, 116, 137, 152, 157]
170: [12, 21, 27, 33, 54, 88, 103, 111, 118, 148, 153, 163, 164, 169]
171: [15, 20, 23, 28, 39, 52, 54, 94, 99, 103, 108, 113, 119, 123, 130, 142, 149, 154, 159]
172: [10, 29, 45, 83, 90, 91, 95, 96, 100, 104, 109, 114, 119, 155]
173: [10, 24, 36, 41, 46, 57, 74, 91, 101, 110, 114, 151, 161, 167, 172]
174: [23, 26, 31, 37, 42, 55, 72, 92, 97, 111, 116, 121, 126, 133, 138, 145, 153, 157, 158]
175: [32, 37, 86, 93, 94, 98, 99, 107, 112, 122, 148, 153]
176: [27, 28, 39, 49, 60, 65, 94, 104, 113, 117, 118, 154, 159, 173, 175]
177: [19, 26, 40, 49, 58, 95, 104, 105, 109, 114, 119, 124, 129, 136, 141, 148, 150, 154, 164]
178: [30, 40, 45, 59, 76, 89, 90, 94, 96, 102, 110, 115, 120, 130, 156, 161, 171]
179: [6, 21, 23, 26, 27, 30, 31, 36, 47, 57, 63, 68, 97, 102, 111, 116, 120, 121, 136, 147, 157, 162, 178]
180: [29, 38, 43, 48, 61, 98, 117, 127, 137, 139, 144, 151]
181: [2, 28, 33, 43, 48, 49, 54, 92, 99, 105, 110, 118, 123, 128, 133, 139, 159]
182: [33, 39, 49, 55, 71, 105, 123, 124, 134, 165, 170, 174, 181]
183: [1, 30, 32, 35, 37, 40, 51, 54, 64, 80, 101, 114, 130, 142, 147, 154, 159, 161, 166]
184: [5, 7, 13, 31, 36, 42, 62, 76, 95, 108, 112, 113, 121, 126, 136, 157]
185: [36, 47, 61, 74, 103, 118, 122, 126, 132, 137, 142, 143, 158, 163, 184]
186: [2, 33, 35, 40, 48, 49, 53, 63, 67, 92, 104, 113, 124, 128, 138, 143, 148, 150, 157, 159, 182]
187: [1, 8, 33, 34, 44, 45, 49, 84, 98, 109, 111, 116, 123, 144, 155, 170]
188: [21, 39, 55, 60, 77, 80, 111, 115, 125, 129, 135, 150, 154, 170, 171, 187]
189: [5, 17, 27, 28, 38, 43, 46, 47, 51, 52, 56, 61, 62, 63, 67, 70, 72, 95, 131, 141, 142, 146, 153, 157, 160, 168, 177]
190: [4, 11, 28, 36, 38, 47, 52, 58, 101, 103, 113, 114, 119, 126, 142, 147, 153]
191: [4, 42, 43, 49, 53, 67, 80, 85, 109, 129, 132, 148, 153, 157, 159, 169, 178, 190]
192: [8, 29, 41, 45, 46, 55, 64, 73, 98, 110, 125, 156, 161, 163, 165, 170, 188]
193: [7, 12, 30, 34, 39, 46, 51, 55, 69, 99, 104, 106, 116, 121, 122, 126, 129, 145, 150, 175]
194: [23, 47, 51, 52, 53, 56, 61, 62, 66, 70, 71, 83, 88, 92, 102, 107, 112, 135, 137, 146, 156, 160, 162, 167, 172]
195: [11, 27, 49, 53, 58, 62, 67, 101, 103, 108, 118, 137, 142, 147, 152, 159, 164, 168, 173, 187, 191]
196: [4, 10, 15, 42, 49, 54, 58, 64, 114, 119, 125, 132, 143, 153, 169, 174, 194]
197: [19, 49, 50, 54, 55, 64, 69, 73, 74, 86, 91, 110, 115, 144, 163, 165, 170]
198: [14, 31, 51, 52, 60, 61, 95, 104, 121, 145, 150, 162, 167, 176, 194]
199: [1, 18, 45, 57, 61, 62, 71, 76, 107, 108, 128, 135, 148, 151, 156, 161, 172, 177]
200: [3, 37, 52, 53, 62, 63, 72, 76, 77, 82, 89, 94, 108, 113, 117, 142, 143, 157, 162, 163, 166, 168, 178]
201: [17, 33, 38, 54, 55, 58, 63, 64, 68, 89, 104, 107, 114, 124, 144, 148, 158, 163, 165, 168, 170, 178, 179, 197]
202: [15, 20, 21, 29, 48, 60, 104, 110, 115, 131, 136, 138, 139, 144, 159, 164, 165, 170, 180, 200]
203: [1, 6, 20, 35, 61, 64, 66, 74, 79, 92, 95, 97, 105, 145, 160, 165, 169, 170, 171]
204: [12, 20, 22, 42, 46, 57, 58, 61, 63, 76, 86, 110, 117, 143, 168, 173, 176, 200]
205: [3, 24, 51, 67, 72, 77, 82, 98, 108, 113, 134, 139, 141, 143, 167, 178]
206: [4, 54, 59, 64, 82, 88, 100, 114, 124, 134, 139, 153, 158, 163, 168, 172, 173, 178]
207: [10, 23, 61, 66, 70, 79, 80, 84, 89, 113, 115, 135, 140, 160, 164, 169, 170, 174, 176, 194, 203]
208: [11, 27, 50, 54, 85, 116, 121, 124, 126, 137, 142, 144, 160, 165, 171, 180, 181]
209: [2, 7, 12, 17, 57, 62, 85, 86, 91, 103, 118, 166, 171, 175, 176]
210: [8, 26, 62, 64, 69, 72, 73, 82, 116, 118, 123, 167, 168, 172, 178, 179, 182, 183, 197, 206]
211: [14, 18, 30, 35, 49, 57, 59, 78, 82, 124, 128, 129, 140, 145, 147, 163, 168, 173]
212: [5, 10, 23, 60, 79, 88, 89, 106, 125, 130, 175, 178, 179, 184, 203]
213: [5, 16, 29, 54, 55, 66, 67, 72, 75, 90, 104, 116, 119, 121, 125, 126, 129, 144, 149, 165, 170, 171, 176, 182, 186, 187, 200, 210]
214: [12, 17, 27, 28, 33, 38, 60, 67, 72, 73, 85, 86, 96, 103, 117, 122, 132, 143, 148, 150, 175, 176, 186, 191, 212]
215: [1, 2, 7, 12, 13, 17, 18, 26, 48, 68, 82, 91, 92, 102, 109, 114, 116, 128, 153, 168, 172, 178, 181, 183, 187, 206]
216: [13, 32, 57, 74, 75, 88, 93, 103, 122, 147, 173, 174, 179, 184, 185, 190, 193, 212]
217: [14, 15, 20, 36, 39, 41, 60, 63, 64, 69, 70, 88, 89, 94, 120, 130, 149, 151, 153, 155, 175, 178, 179, 185, 189, 194, 199, 210]
218: [2, 5, 10, 11, 16, 29, 90, 95, 100, 112, 117, 119, 180, 184, 185, 190, 201, 209]
219: [1, 6, 8, 16, 42, 60, 77, 78, 86, 96, 106, 111, 122, 125, 132, 137, 150, 181, 187, 188, 191, 193, 196]
220: [1, 7, 13, 39, 44, 47, 53, 68, 73, 83, 87, 91, 92, 154, 181, 182, 183, 187, 192]
221: [5, 8, 18, 23, 32, 69, 88, 98, 103, 115, 120, 122, 179, 183, 188, 208, 212]
222: [4, 14, 20, 29, 39, 54, 63, 65, 80, 81, 86, 109, 114, 130, 135, 153, 170, 174, 184, 190, 191, 194, 196, 215]
223: [4, 10, 16, 21, 39, 42, 47, 59, 64, 76, 94, 99, 100, 105, 110, 115, 125, 130, 131, 151, 157, 162, 181, 184, 189, 200, 206, 210]
224: [6, 8, 12, 13, 17, 21, 35, 67, 76, 118, 123, 125, 127, 142, 153, 181, 182, 192, 206, 215, 223]
225: [7, 13, 17, 22, 58, 66, 68, 84, 89, 97, 102, 107, 117, 123, 156, 183, 187, 199, 203, 207]
226: [7, 13, 18, 19, 23, 50, 69, 79, 97, 113, 160, 165, 174, 184, 187, 188, 194]
227: [4, 5, 9, 11, 15, 16, 19, 24, 30, 38, 99, 114, 125, 126, 128, 135, 165, 180, 190, 199, 218]
228: [10, 15, 16, 20, 25, 30, 49, 69, 71, 76, 87, 92, 105, 110, 126, 131, 134, 136, 139, 159, 186, 200, 202, 205, 210, 220]
229: [7, 10, 11, 12, 17, 27, 31, 47, 53, 72, 82, 86, 100, 111, 121, 126, 127, 152, 163, 167, 168, 187, 190, 192, 196, 197, 218, 227, 228]
230: [12, 14, 17, 19, 23, 27, 37, 41, 42, 58, 73, 87, 117, 128, 129, 131, 138, 197, 207, 221, 223]
231: [23, 24, 33, 38, 72, 73, 74, 79, 84, 95, 114, 123, 162, 189, 194, 203, 205, 208, 210]
232: [4, 9, 13, 20, 24, 29, 30, 39, 40, 56, 61, 69, 75, 80, 85, 94, 103, 119, 140, 164, 166, 171, 179, 190, 193, 195, 204, 209, 214]
233: [16, 17, 20, 21, 22, 25, 29, 31, 44, 71, 81, 120, 125, 132, 134, 137, 180, 205, 224]
234: [21, 26, 27, 41, 75, 82, 98, 112, 116, 126, 131, 132, 137, 142, 148, 165, 177, 197, 206, 208, 211, 213, 222]
235: [3, 16, 22, 23, 27, 28, 32, 47, 59, 64, 78, 106, 118, 153, 174, 196, 198, 212, 217, 221, 222]
236: [3, 19, 23, 24, 25, 28, 33, 43, 47, 72, 74, 79, 84, 113, 123, 128, 135, 137, 138, 139, 140, 162, 189, 194, 218, 223, 227, 229]
237: [13, 20, 30, 39, 49, 78, 85, 89, 99, 101, 103, 119, 124, 130, 140, 145, 154, 168, 193, 195, 200, 211, 216, 224, 234]
238: [19, 30, 34, 35, 45, 50, 62, 67, 76, 94, 109, 110, 130, 134, 159, 171, 177, 191, 195, 199, 200, 201, 210, 215, 224]
239: [7, 28, 32, 46, 50, 75, 87, 116, 126, 131, 136, 138, 140, 141, 143, 157, 165, 182, 183, 197, 213, 221, 223, 226, 230, 231]
240: [16, 18, 23, 32, 37, 38, 42, 52, 77, 81, 83, 93, 103, 104, 106, 122, 132, 137, 138, 143, 171, 196, 203, 212, 213, 214, 219, 227]
241: [19, 22, 34, 38, 47, 48, 53, 65, 70, 93, 109, 112, 114, 118, 128, 133, 137, 138, 139, 143, 144, 180, 194, 202, 227, 228, 233]
242: [30, 31, 36, 39, 44, 54, 78, 85, 104, 129, 141, 145, 146, 149, 168, 174, 200, 219, 233, 235]
243: [11, 19, 20, 24, 25, 35, 40, 45, 46, 50, 71, 81, 84, 86, 107, 109, 111, 112, 125, 130, 136, 191, 199, 215, 217, 222, 225]
244: [36, 37, 46, 50, 51, 68, 73, 92, 102, 115, 126, 137, 140, 141, 142, 146, 157, 168, 183, 186, 188, 192, 197, 202, 208, 216, 226, 230, 231, 237]
245: [34, 39, 42, 43, 47, 81, 83, 88, 92, 93, 127, 132, 137, 149, 153, 171, 193, 198, 203, 213, 217, 232, 237, 242]
246: [22, 29, 48, 89, 94, 110, 112, 115, 118, 138, 139, 143, 148, 178, 194, 202, 214, 225, 228, 238, 243]
247: [4, 25, 35, 44, 49, 53, 54, 64, 76, 85, 94, 95, 99, 134, 140, 143, 144, 145, 149, 180, 186, 191, 195, 200, 205, 219, 233, 244]
248: [25, 31, 37, 42, 59, 60, 76, 81, 84, 86, 96, 140, 141, 145, 146, 152, 155, 160, 174, 191, 204, 206, 225, 230, 240]
249: [3, 25, 27, 28, 32, 57, 66, 68, 82, 97, 113, 115, 118, 131, 132, 136, 141, 143, 146, 147, 151, 152, 202, 205, 228, 231, 233, 236, 241, 246, 247]
250: [28, 33, 52, 56, 57, 62, 63, 67, 79, 83, 98, 137, 138, 142, 143, 146, 147, 148, 153, 189, 194, 198, 227, 236]
251: [38, 39, 40, 45, 48, 63, 78, 84, 87, 94, 138, 139, 143, 144, 149, 155, 177, 208, 209, 228, 238, 248]
252: [6, 11, 14, 28, 30, 35, 59, 74, 85, 99, 104, 116, 118, 121, 124, 140, 144, 145, 149, 150, 154, 155, 159, 179, 208, 209, 210, 231, 234, 236, 239]
253: [9, 11, 41, 50, 59, 60, 70, 82, 86, 91, 96, 110, 125, 126, 149, 150, 156, 180, 192, 197, 239]
254: [32, 38, 42, 48, 56, 71, 87, 90, 92, 97, 106, 132, 138, 146, 147, 151, 152, 158, 161, 163, 167, 180, 202, 227, 241, 242, 251]
255: [9, 14, 27, 31, 38, 43, 72, 77, 78, 88, 93, 97, 121, 124, 143, 148, 162, 177, 197, 203, 208, 211, 213, 217, 222, 234, 237, 239, 242, 247]
256: [39, 44, 62, 63, 68, 85, 90, 94, 149, 152, 154, 158, 169, 199, 200, 209, 238, 242, 248, 254]
257: [3, 24, 51, 64, 69, 93, 100, 114, 144, 150, 155, 159, 161, 164, 166, 183, 195, 205, 214, 234, 244, 255]
258: [12, 17, 34, 36, 40, 44, 60, 86, 91, 96, 101, 124, 127, 131, 139, 150, 151, 176, 206, 214, 237, 242, 245, 250, 255]
259: [37, 41, 42, 65, 77, 81, 88, 92, 93, 97, 101, 118, 131, 136, 147, 155, 166, 202, 203, 212, 216, 241, 245, 251, 256, 257]
260: [6, 33, 38, 54, 67, 72, 77, 82, 96, 98, 108, 133, 148, 152, 157, 162, 164, 169, 172, 186, 211, 242, 247, 257]
261: [20, 37, 39, 62, 63, 83, 84, 104, 119, 127, 130, 149, 152, 153, 163, 194, 217, 240, 242, 243, 245, 248, 258]
262: [3, 45, 68, 74, 79, 84, 85, 89, 90, 91, 93, 94, 96, 99, 100, 114, 150, 155, 158, 159, 160, 169, 179, 183, 199, 206, 211, 219, 225, 248, 259]
263: [5, 9, 25, 36, 41, 46, 57, 62, 70, 75, 80, 99, 101, 124, 131, 134, 156, 160, 167, 172, 175, 184, 185, 189, 211, 214, 225, 249]
264: [18, 23, 37, 40, 42, 65, 66, 76, 81, 97, 112, 127, 128, 130, 133, 138, 155, 157, 166, 168, 207, 220, 237, 243, 245, 246, 248, 251, 252, 261]
265: [2, 6, 7, 8, 17, 23, 43, 48, 57, 71, 77, 78, 82, 92, 94, 96, 98, 99, 103, 138, 158, 161, 162, 167, 168, 182, 186, 209, 214, 228, 251, 257, 262]
266: [12, 23, 37, 44, 60, 65, 73, 94, 127, 148, 168, 175, 192, 214, 217, 233, 264]
267: [9, 26, 40, 43, 45, 50, 68, 74, 84, 100, 105, 133, 136, 141, 150, 158, 159, 160, 164, 174, 210, 214, 220, 223, 248, 251, 254, 259]
268: [9, 15, 36, 51, 56, 74, 90, 96, 99, 102, 149, 170, 175, 180, 185, 189, 205, 211, 212, 217, 235, 245, 266]
269: [6, 40, 47, 53, 63, 68, 87, 91, 130, 162, 171, 176, 178, 181, 186, 207, 220, 223, 231, 266]
270: [2, 18, 29, 38, 48, 63, 71, 87, 92, 97, 98, 102, 138, 139, 144, 161, 167, 173, 178, 202, 208, 228, 251, 254, 257, 262, 268]
271: [12, 29, 54, 83, 99, 102, 105, 109, 110, 133, 153, 154, 164, 188, 192, 215, 220, 244, 253]
272: [40, 43, 54, 59, 66, 71, 94, 95, 100, 104, 105, 124, 133, 145, 155, 165, 174, 181, 184, 186, 194, 210, 223, 269]
273: [32, 37, 70, 74, 90, 96, 100, 106, 111, 142, 147, 154, 161, 164, 190, 195, 216, 220, 234, 254, 255, 257, 262, 271]
274: [6, 11, 15, 38, 42, 56, 81, 91, 96, 97, 102, 105, 107, 108, 113, 152, 167, 192, 195, 218, 222, 223, 226, 266, 267]
275: [7, 13, 17, 43, 46, 74, 87, 92, 98, 102, 108, 112, 136, 168, 173, 184, 189, 197, 213, 218, 222, 226, 268, 272]
276: [8, 13, 18, 35, 40, 77, 78, 98, 99, 108, 114, 150, 164, 167, 188, 214, 219, 257, 260, 265, 268, 274]
277: [1, 4, 18, 29, 45, 55, 100, 104, 105, 108, 110, 111, 116, 155, 165, 194, 198, 199, 215, 226, 259, 270, 274]
278: [1, 25, 49, 51, 56, 59, 77, 95, 101, 106, 111, 134, 139, 166, 187, 192, 195, 221, 229, 259]
279: [16, 21, 26, 27, 38, 43, 61, 80, 87, 118, 152, 153, 163, 170, 172, 181, 191, 192, 222, 227, 242, 260, 263, 268, 272]
280: [4, 7, 12, 21, 22, 48, 58, 82, 111, 114, 119, 133, 163, 177, 187, 197, 201, 202, 223, 228, 229, 278]
281: [4, 8, 18, 28, 39, 49, 52, 53, 54, 80, 93, 103, 113, 114, 118, 142, 148, 164, 169, 183, 188, 190, 193, 194, 195, 198, 203, 224, 229, 232, 244]
282: [5, 14, 19, 29, 41, 46, 50, 74, 83, 104, 110, 134, 156, 161, 173, 204, 209, 220, 225, 230, 239, 240, 263, 266, 271, 275]
283: [1, 4, 7, 9, 10, 20, 24, 30, 61, 66, 69, 75, 110, 111, 114, 115, 117, 122, 171, 190, 204, 215, 221, 226, 231, 232, 237, 280, 281]
284: [16, 17, 26, 31, 55, 67, 83, 87, 88, 101, 106, 116, 121, 142, 145, 147, 168, 193, 198, 201, 206, 222, 227, 235, 281, 282]
285: [17, 21, 22, 27, 32, 49, 53, 63, 86, 93, 107, 111, 113, 159, 164, 168, 173, 176, 183, 192, 201, 202, 213, 218, 228, 243, 266, 274, 278, 283]
286: [10, 13, 15, 18, 23, 27, 49, 52, 63, 84, 89, 104, 109, 113, 117, 118, 123, 125, 134, 142, 174, 198, 203, 207, 213, 219, 224, 228, 233, 235, 240, 248, 263, 284]
287: [19, 34, 50, 58, 83, 85, 86, 91, 105, 110, 129, 148, 165, 170, 173, 201, 214, 219, 220, 225, 230, 238, 263, 269, 274, 275, 284, 285]
288: [10, 20, 24, 52, 61, 65, 89, 106, 114, 116, 120, 121, 125, 130, 151, 154, 162, 167, 171, 176, 179, 200, 204, 215, 231, 269, 276, 277, 281, 286]
289: [7, 13, 18, 30, 36, 52, 55, 62, 107, 120, 121, 128, 145, 162, 163, 182, 197, 201, 206, 210, 211, 213, 222, 238, 243, 262, 263, 287]
290: [22, 42, 53, 61, 73, 86, 89, 94, 108, 117, 118, 123, 143, 148, 151, 158, 176, 202, 204, 207, 217, 228, 248, 266, 278, 288]
291: [2, 4, 9, 27, 43, 55, 64, 69, 92, 94, 109, 113, 114, 117, 118, 133, 165, 170, 174, 182, 207, 213, 223, 224, 229, 234, 272, 279, 280, 285, 289]
292: [5, 10, 16, 21, 33, 34, 35, 39, 58, 65, 94, 110, 119, 123, 131, 136, 148, 149, 155, 165, 213, 214, 219, 224, 225, 238, 241, 246, 290]
293: [1, 4, 6, 21, 30, 61, 89, 97, 111, 120, 121, 130, 135, 150, 154, 171, 175, 179, 190, 207, 212, 214, 266, 269, 281, 286, 290]
294: [26, 30, 41, 57, 58, 63, 116, 117, 120, 126, 131, 136, 168, 173, 210, 211, 216, 226, 227, 231, 237, 282, 283, 288]
295: [3, 8, 13, 19, 24, 27, 28, 47, 52, 61, 88, 113, 118, 122, 127, 132, 134, 139, 151, 173, 212, 222, 223, 227, 232, 233, 241, 249, 258, 283, 288, 293]
296: [2, 33, 38, 43, 59, 92, 100, 103, 119, 123, 124, 133, 138, 144, 169, 174, 182, 210, 213, 215, 223, 224, 228, 229, 272, 279, 284]
297: [10, 24, 33, 49, 54, 60, 61, 66, 115, 123, 125, 134, 144, 154, 170, 174, 175, 176, 199, 213, 214, 224, 225, 229, 235, 285, 286, 291]
298: [1, 6, 20, 27, 50, 55, 64, 69, 104, 116, 120, 125, 137, 142, 150, 154, 155, 171, 181, 196, 210, 216, 226, 235, 244, 252, 264, 270, 284, 291]
299: [5, 38, 41, 46, 51, 92, 95, 103, 122, 132, 143, 172, 177, 185, 213, 218, 227, 231, 232, 236, 247, 272, 275, 287]
300: [3, 36, 52, 57, 64, 68, 69, 102, 126, 127, 132, 138, 142, 147, 157, 173, 178, 179, 216, 217, 227, 228, 232, 237, 283, 289, 293, 294]
301: [4, 30, 35, 43, 64, 67, 69, 94, 128, 133, 138, 140, 143, 145, 153, 157, 184, 223, 228, 229, 233, 239, 247, 255, 260, 284, 289, 294]
302: [8, 10, 44, 49, 54, 65, 69, 84, 98, 99, 106, 111, 115, 120, 130, 139, 144, 149, 154, 175, 184, 185, 188, 199, 216, 219, 221, 278, 285]
303: [11, 15, 16, 21, 39, 45, 50, 55, 56, 60, 61, 72, 75, 76, 85, 126, 129, 130, 140, 145, 164, 170, 174, 176, 182, 184, 185, 219, 231, 234, 239, 241, 286, 291, 292, 296, 297]
304: [6, 12, 17, 22, 33, 38, 56, 67, 70, 72, 88, 91, 131, 146, 148, 153, 160, 187, 231, 236, 246, 248, 250, 258, 262, 263, 292]
305: [11, 33, 57, 67, 68, 78, 83, 93, 101, 109, 113, 114, 118, 142, 147, 173, 178, 188, 191, 224, 228, 233, 242, 243, 281, 288, 298]
306: [9, 19, 23, 42, 48, 53, 64, 68, 69, 74, 75, 132, 138, 139, 143, 153, 154, 158, 174, 184, 185, 190, 222, 223, 229, 234, 289, 299, 300]
307: [9, 15, 34, 36, 41, 60, 64, 65, 69, 70, 73, 120, 125, 130, 151, 159, 163, 179, 180, 190, 214, 215, 224, 253, 254, 261, 266, 300]
308: [2, 6, 14, 16, 30, 35, 39, 50, 55, 61, 66, 71, 76, 81, 84, 89, 104, 112, 117, 139, 140, 176, 186, 194, 227, 230, 231, 236, 245, 264, 265, 270, 284, 289, 290, 291, 301]
309: [7, 12, 13, 21, 22, 33, 45, 46, 51, 56, 62, 66, 72, 78, 106, 122, 135, 138, 146, 161, 177, 182, 188, 193, 203, 207, 211, 225, 228, 231, 236, 237, 241, 256, 262, 292, 303]
310: [8, 13, 39, 44, 57, 73, 76, 77, 78, 101, 123, 133, 154, 162, 166, 188, 223, 237, 242, 248, 256, 257, 258, 264, 269, 281, 303, 308]
311: [5, 14, 17, 19, 42, 58, 64, 78, 88, 115, 120, 124, 129, 132, 148, 158, 163, 168, 197, 222, 230, 233, 234, 238, 253, 254, 258, 287]
312: [10, 20, 48, 59, 65, 69, 73, 81, 86, 105, 138, 149, 154, 163, 164, 180, 190, 196, 228, 229, 239, 240, 245, 253, 290, 300, 306]
313: [14, 16, 42, 47, 59, 75, 76, 79, 90, 104, 105, 126, 136, 140, 157, 159, 160, 162, 169, 186, 190, 191, 194, 229, 235, 236, 239, 241, 245, 250, 259, 267, 272, 275, 284, 296, 299, 301, 306]
314: [8, 12, 13, 16, 17, 20, 27, 45, 47, 56, 61, 67, 71, 76, 77, 110, 118, 122, 123, 132, 133, 135, 151, 171, 177, 200, 201, 203, 225, 233, 238, 241, 242, 251, 290]
315: [13, 23, 33, 37, 51, 57, 58, 62, 67, 72, 73, 76, 84, 89, 122, 141, 166, 183, 193, 194, 199, 228, 231, 242, 243, 256, 262, 303, 308, 309, 312, 314]
316: [8, 14, 17, 24, 49, 50, 63, 78, 82, 107, 124, 134, 139, 160, 163, 165, 168, 189, 194, 197, 213, 219, 229, 239, 248, 253, 262, 275, 287, 288, 294, 304, 308]
317: [11, 15, 16, 20, 23, 48, 49, 55, 69, 113, 125, 126, 130, 135, 138, 174, 203, 205, 228, 236, 241, 249, 254, 300, 305, 309]
318: [41, 49, 54, 76, 79, 80, 87, 92, 105, 126, 131, 136, 160, 169, 174, 175, 186, 191, 195, 196, 202, 246, 259, 260, 266, 285, 301, 306, 312, 317]
319: [20, 26, 36, 42, 48, 53, 66, 71, 72, 77, 81, 82, 86, 88, 91, 110, 116, 123, 138, 156, 162, 163, 168, 176, 182, 187, 197, 200, 211, 213, 217, 223, 237, 242, 243, 253, 261, 278, 290, 292, 297, 302, 307, 312, 316, 317]
320: [2, 14, 19, 51, 58, 63, 73, 88, 129, 133, 141, 172, 177, 183, 193, 197, 231, 238, 239, 244, 248, 253, 257, 308]
321: [14, 68, 82, 83, 84, 88, 90, 93, 95, 129, 139, 163, 172, 173, 184, 189, 193, 205, 258, 262, 263, 273, 303, 304, 309, 315, 320]
322: [4, 15, 20, 23, 49, 54, 55, 56, 79, 80, 84, 113, 130, 135, 164, 166, 171, 174, 184, 190, 194, 195, 203, 245, 250, 254, 269, 274, 281, 286, 293, 310, 314]
323: [10, 15, 22, 49, 54, 71, 80, 81, 85, 105, 130, 132, 136, 137, 141, 144, 165, 180, 196, 234, 241, 242, 246, 247, 260, 270, 296, 300, 306, 315]
324: [1, 6, 11, 17, 82, 85, 86, 87, 98, 112, 122, 126, 136, 137, 171, 175, 176, 177, 208, 217, 252, 265, 266, 271, 297, 302, 318, 323]
325: [18, 23, 26, 28, 59, 64, 73, 77, 83, 87, 92, 97, 116, 118, 133, 143, 158, 162, 174, 178, 182, 187, 193, 197, 206, 223, 227, 232, 262, 267, 272, 284, 289, 296, 298, 303, 308, 322]
326: [19, 24, 25, 57, 74, 79, 83, 84, 88, 94, 128, 129, 135, 140, 144, 147, 168, 178, 188, 237, 244, 249, 250, 258, 263, 268, 278, 299, 304, 309]
327: [4, 25, 55, 84, 85, 88, 94, 99, 101, 145, 149, 174, 178, 179, 180, 189, 211, 214, 216, 234, 245, 255, 264, 268, 295, 326]
328: [25, 29, 62, 67, 70, 85, 86, 104, 109, 119, 126, 131, 134, 145, 146, 177, 190, 191, 209, 246, 260, 265, 284, 285, 287, 292, 299, 301, 304, 305]
329: [6, 17, 27, 28, 38, 48, 60, 77, 81, 86, 87, 91, 101, 107, 132, 138, 142, 143, 147, 150, 157, 171, 181, 186, 196, 202, 216, 227, 240, 253, 267, 271, 272, 276, 281, 312]
330: [1, 7, 8, 23, 33, 48, 78, 82, 87, 91, 97, 104, 132, 133, 143, 177, 181, 182, 187, 214, 219, 253, 267, 271, 272, 278, 282, 283, 292, 293, 308, 313, 328, 329]
331: [3, 8, 13, 18, 19, 32, 65, 70, 84, 88, 99, 114, 122, 134, 144, 178, 180, 188, 199, 212, 249, 273, 278, 283, 288, 290, 295, 302, 319]
332: [4, 14, 20, 30, 31, 35, 63, 79, 89, 90, 94, 109, 141, 146, 153, 155, 179, 184, 189, 194, 200, 205, 243, 250, 256, 260, 261, 274, 304, 310]
333: [4, 29, 30, 31, 79, 81, 86, 94, 107, 112, 136, 146, 175, 179, 184, 185, 191, 194, 200, 217, 222, 250, 256, 274, 275, 280, 290, 306, 332]
334: [1, 7, 21, 22, 35, 68, 73, 87, 92, 106, 125, 181, 183, 188, 192, 196, 197, 215, 281, 283, 288, 293, 298, 305, 306, 307, 312]
335: [2, 7, 12, 17, 22, 28, 34, 39, 66, 91, 98, 112, 118, 148, 149, 156, 192, 193, 202, 203, 238, 243, 246, 259, 264, 271, 282, 287, 308, 313, 318]
336: [7, 8, 13, 24, 32, 34, 89, 93, 97, 98, 110, 115, 118, 144, 183, 187, 188, 193, 225, 254, 259, 277, 309, 319, 335]
337: [24, 25, 29, 30, 38, 63, 76, 80, 90, 99, 114, 128, 140, 153, 186, 189, 191, 200, 204, 205, 214, 218, 239, 243, 250, 260, 264, 279, 289, 294, 301, 305, 308, 310, 333]
338: [4, 15, 20, 25, 26, 31, 37, 42, 69, 86, 94, 100, 145, 146, 151, 152, 159, 176, 184, 186, 200, 201, 240, 249, 251, 262, 265, 267, 274, 290, 326, 330]
339: [3, 6, 7, 10, 11, 13, 26, 32, 35, 82, 100, 101, 111, 113, 116, 118, 125, 147, 152, 153, 157, 163, 167, 172, 190, 191, 202, 206, 211, 215, 222, 227, 228, 276, 277, 280, 286, 288, 296, 301, 305, 307, 338]
340: [22, 23, 32, 66, 79, 83, 98, 102, 107, 131, 156, 172, 189, 192, 194, 197, 203, 207, 208, 212, 221, 223, 246, 248, 253, 263, 292, 304, 311, 322, 328, 333, 336]
341: [7, 13, 18, 29, 33, 34, 45, 63, 84, 89, 94, 97, 103, 108, 113, 123, 139, 144, 149, 155, 162, 187, 193, 199, 208, 209, 234, 249, 252, 259, 264, 265, 270, 277, 293, 298, 323]
342: [6, 11, 14, 19, 24, 29, 34, 35, 38, 84, 90, 95, 103, 104, 109, 114, 116, 121, 128, 193, 205, 210, 214, 218, 231, 236, 255, 260, 264, 274, 283, 284, 299, 308, 315, 320, 330, 341]
343: [10, 14, 20, 31, 36, 41, 54, 69, 80, 82, 87, 115, 120, 140, 151, 156, 159, 170, 190, 192, 196, 197, 201, 205, 206, 210, 215, 224, 229, 249, 266, 290, 307, 312, 314, 316, 339]
344: [10, 16, 21, 22, 26, 32, 42, 43, 48, 67, 86, 92, 100, 106, 111, 116, 126, 132, 138, 158, 163, 187, 190, 196, 206, 207, 211, 231, 255, 262, 267, 272, 273, 277, 280, 288, 291, 296, 301, 323, 338]
345: [9, 14, 17, 22, 27, 32, 41, 53, 57, 88, 98, 112, 124, 131, 132, 183, 198, 202, 207, 212, 221, 222, 234, 239, 253, 258, 263, 287, 292, 293, 297, 307, 311, 318]
346: [33, 34, 39, 43, 72, 85, 90, 99, 118, 128, 149, 154, 162, 163, 199, 200, 204, 208, 209, 213, 223, 252, 264, 269, 288, 298, 303, 310, 315, 319, 324, 342]
347: [13, 29, 30, 44, 51, 95, 103, 119, 124, 130, 155, 161, 166, 193, 200, 205, 209, 276, 283, 299]
348: [12, 17, 30, 31, 34, 35, 36, 41, 44, 55, 56, 81, 86, 95, 101, 111, 127, 130, 134, 135, 136, 146, 156, 184, 195, 201, 206, 215, 224, 230, 237, 242, 266, 291, 295, 305, 314, 316, 321, 335]
349: [36, 41, 46, 52, 72, 75, 87, 88, 93, 97, 121, 123, 131, 157, 165, 182, 197, 202, 203, 207, 213, 221, 232, 255, 257, 262, 273, 287, 296, 306, 311, 313, 316, 318, 322, 345]
350: [13, 16, 27, 32, 33, 54, 67, 98, 106, 117, 122, 127, 128, 132, 137, 148, 158, 164, 169, 196, 198, 207, 208, 213, 222, 227, 263, 279, 286, 292, 297, 302, 303, 323, 328]
351: [9, 20, 33, 34, 38, 39, 43, 47, 48, 99, 114, 128, 130, 133, 135, 137, 149, 154, 204, 213, 214, 223, 227, 228, 240, 245, 259, 284, 298, 308, 314, 317, 319, 329]
352: [35, 40, 44, 78, 85, 89, 91, 95, 96, 114, 124, 134, 139, 155, 160, 168, 184, 205, 206, 210, 211, 215, 219, 258, 265, 315, 316, 319, 321, 324, 348]
353: [19, 20, 34, 36, 40, 45, 46, 50, 57, 62, 101, 109, 120, 130, 135, 155, 167, 172, 199, 204, 215, 220, 225, 244, 245, 261, 271, 282, 287, 289, 291, 295, 310, 315, 321, 331]
354: [2, 17, 23, 31, 41, 42, 50, 52, 58, 62, 96, 97, 102, 131, 133, 138, 140, 141, 147, 152, 207, 211, 212, 226, 230, 248, 262, 267, 287, 306, 311, 316, 320, 322, 327]
355: [38, 42, 43, 47, 81, 99, 133, 153, 163, 171, 209, 212, 214, 223, 227, 232, 261, 312, 324, 342, 351]
356: [22, 33, 38, 39, 43, 44, 48, 53, 58, 60, 65, 94, 98, 99, 104, 108, 112, 123, 133, 143, 149, 153, 159, 175, 202, 204, 218, 228, 264, 274, 285, 290, 292, 308, 318, 319, 323, 324]
357: [26, 45, 49, 50, 53, 105, 129, 135, 136, 139, 141, 143, 169, 215, 219, 220, 224, 233, 234, 251, 269, 275, 309, 319, 323, 324, 330]
358: [40, 41, 46, 50, 55, 60, 69, 84, 96, 102, 106, 120, 145, 156, 161, 174, 206, 211, 212, 216, 217, 225, 235, 240, 244, 264, 266, 276, 284, 315, 325, 327, 354, 355]
359: [8, 25, 41, 42, 46, 51, 52, 53, 56, 61, 63, 68, 97, 115, 116, 121, 136, 162, 163, 178, 197, 205, 221, 222, 226, 232, 247, 262, 272, 277, 283, 288, 293, 295, 302, 306, 311, 316, 326, 327, 332, 347]
360: [29, 56, 123, 132, 139, 144, 146, 208, 213, 222, 232, 233, 236, 237, 242, 252, 254, 258, 261, 268, 326, 327, 333, 351]
361: [38, 43, 48, 49, 53, 58, 74, 87, 94, 104, 105, 109, 110, 114, 148, 159, 164, 177, 202, 214, 215, 220, 228, 233, 238, 267, 269, 313, 318, 323, 324, 328, 329, 330, 333, 334, 338, 357]
362: [24, 28, 40, 49, 50, 66, 69, 71, 94, 100, 110, 118, 139, 143, 144, 149, 154, 155, 165, 181, 186, 208, 229, 233, 234, 244, 249, 265, 275, 279, 284, 291, 296, 298, 305, 320, 323, 325, 334, 335, 359]
363: [32, 37, 41, 51, 55, 59, 66, 84, 100, 106, 110, 114, 135, 144, 145, 147, 149, 150, 155, 156, 161, 166, 174, 175, 179, 211, 216, 230, 235, 239, 257, 262, 264, 266, 270, 271, 276, 300, 310, 319, 320, 326, 329, 335, 336, 341, 354]
364: [52, 61, 88, 90, 102, 108, 113, 115, 141, 151, 161, 166, 180, 205, 212, 223, 248, 251, 262, 267, 270, 273, 295, 321, 322, 327, 332, 333, 360, 362]
365: [31, 43, 56, 62, 63, 67, 72, 74, 97, 113, 121, 138, 146, 147, 157, 158, 168, 184, 189, 211, 223, 236, 237, 242, 252, 268, 272, 294, 299, 301, 308, 323, 326, 332, 337, 342, 363]
366: [35, 40, 49, 58, 74, 87, 109, 148, 150, 152, 153, 154, 158, 159, 163, 164, 177, 194, 219, 224, 238, 242, 243, 248, 254, 260, 265, 267, 269, 279, 324, 329, 332, 338, 357]
367: [1, 3, 28, 49, 59, 93, 100, 105, 111, 116, 118, 144, 183, 208, 219, 226, 239, 259, 270, 273, 280, 284, 298, 325, 330, 335, 336, 341, 360, 363]
368: [1, 6, 44, 46, 59, 60, 65, 66, 75, 77, 101, 106, 109, 124, 130, 149, 150, 166, 171, 187, 192, 200, 211, 214, 215, 225, 235, 239, 240, 245, 276, 299, 302, 325, 326, 329, 336, 340, 365]
369: [38, 43, 46, 57, 76, 87, 90, 101, 102, 107, 153, 156, 157, 161, 167, 173, 180, 202, 228, 246, 248, 251, 261, 263, 268, 270, 282, 313, 326, 327, 358, 360]
370: [4, 31, 67, 77, 82, 114, 119, 121, 133, 152, 157, 162, 163, 167, 168, 183, 188, 211, 228, 229, 233, 237, 242, 247, 252, 257, 278, 283, 301, 339, 342, 344, 347]
371: [4, 62, 63, 78, 80, 85, 89, 93, 104, 113, 114, 152, 153, 158, 164, 169, 184, 190, 195, 209, 214, 238, 242, 253, 258, 263, 274, 305, 328, 332, 333, 338, 343]
372: [3, 41, 46, 60, 93, 105, 110, 115, 154, 156, 160, 161, 174, 183, 215, 220, 244, 266, 270, 271, 273, 319, 329, 334, 335, 339, 359, 363]
373: [7, 12, 15, 20, 34, 39, 61, 75, 80, 85, 94, 96, 111, 116, 117, 122, 124, 139, 155, 161, 164, 166, 171, 175, 195, 209, 214, 232, 237, 245, 260, 265, 276, 281, 286, 295, 304, 324, 335, 342, 347, 351, 355]
374: [2, 42, 65, 66, 81, 83, 87, 88, 127, 155, 156, 168, 193, 198, 217, 222, 237, 245, 251, 261, 266, 282, 302, 308, 313, 332, 335, 341, 353, 368]
375: [6, 18, 37, 38, 48, 49, 58, 63, 67, 77, 82, 87, 88, 96, 113, 148, 157, 159, 162, 164, 168, 172, 177, 186, 202, 213, 257, 268, 269, 273, 274, 276, 278, 338, 342, 366]
376: [10, 15, 37, 54, 59, 68, 78, 109, 125, 127, 158, 164, 168, 173, 189, 217, 235, 240, 248, 253, 264, 268, 274, 299, 307, 338, 348, 350, 353]
377: [49, 55, 60, 68, 79, 84, 86, 89, 91, 105, 115, 158, 165, 169, 174, 201, 220, 225, 248, 249, 259, 311, 316, 330, 338, 339, 340, 344, 369]
378: [5, 9, 15, 35, 52, 61, 70, 80, 99, 100, 116, 160, 162, 165, 166, 167, 171, 176, 184, 189, 191, 240, 276, 277, 279, 286, 290, 295, 319, 331, 339, 344, 350, 354, 359, 369]
379: [1, 6, 7, 13, 18, 27, 37, 40, 52, 57, 71, 81, 91, 112, 118, 128, 130, 142, 161, 171, 172, 176, 178, 192, 218, 220, 222, 232, 238, 243, 261, 271, 282, 307, 310, 317, 351, 353, 356]
380: [2, 38, 53, 63, 71, 77, 83, 87, 88, 89, 94, 103, 161, 167, 168, 172, 173, 177, 178, 182, 204, 217, 223, 228, 233, 238, 242, 251, 257, 262, 312, 314, 319, 333, 341, 342, 352, 358]
381: [9, 12, 14, 19, 55, 60, 64, 78, 83, 88, 102, 163, 165, 168, 170, 173, 188, 192, 229, 244, 253, 273, 279, 280, 282, 309, 353, 358, 372, 379]
382: [9, 10, 16, 21, 43, 55, 59, 69, 74, 84, 99, 105, 131, 133, 136, 175, 179, 189, 194, 220, 223, 224, 230, 235, 239, 241, 246, 255, 265, 274, 275, 279, 280, 294, 313, 314, 324, 340, 345, 349, 356, 359, 361, 369]
383: [10, 19, 50, 54, 56, 60, 61, 70, 74, 80, 90, 92, 95, 97, 116, 121, 164, 166, 175, 207, 212, 221, 226, 231, 244, 254, 260, 270, 281, 286, 299, 317, 320, 322, 336, 344, 365, 366]
384: [6, 7, 15, 52, 58, 63, 66, 81, 82, 91, 96, 101, 105, 117, 122, 132, 152, 168, 171, 173, 176, 195, 227, 232, 237, 268, 271, 276, 283, 285, 292, 323, 371, 372, 375, 378]
385: [2, 7, 8, 12, 13, 17, 24, 28, 46, 82, 88, 92, 102, 134, 136, 139, 148, 161, 168, 177, 178, 182, 226, 228, 232, 238, 248, 249, 251, 262, 263, 267, 272, 282, 283, 288, 316, 341, 343, 348, 352, 357, 359, 362, 364, 373]
386: [3, 4, 12, 59, 69, 77, 100, 102, 103, 108, 114, 119, 167, 173, 174, 178, 183, 209, 210, 215, 218, 234, 257, 273, 289, 325, 347, 349, 358, 363, 368, 372]
387: [5, 18, 43, 60, 61, 66, 84, 94, 104, 108, 110, 115, 120, 133, 154, 176, 179, 180, 184, 194, 198, 223, 225, 234, 235, 264, 279, 280, 284, 286, 288, 290, 291, 313, 319, 330, 345, 350, 369, 378]
388: [1, 5, 11, 14, 27, 49, 56, 61, 74, 85, 86, 95, 99, 105, 111, 121, 130, 137, 139, 140, 141, 142, 171, 180, 181, 185, 186, 190, 226, 229, 231, 252, 254, 275, 279, 284, 285, 291, 296, 306, 314, 319, 325, 344, 346, 351, 355, 359, 360, 362, 365, 367, 375, 379, 385]
389: [1, 7, 12, 15, 67, 80, 82, 91, 103, 105, 148, 170, 182, 186, 188, 195, 196, 201, 213, 218, 227, 233, 236, 247, 260, 281, 285, 287, 292, 307, 328, 343, 350, 352, 357, 361, 371, 375, 376]
390: [2, 3, 7, 21, 43, 46, 63, 64, 69, 102, 111, 112, 118, 133, 136, 173, 178, 179, 197, 201, 226, 238, 283, 287, 289, 291, 293, 294, 316, 348, 362, 367, 381, 382]
391: [4, 30, 35, 52, 64, 69, 77, 114, 119, 124, 140, 142, 145, 167, 168, 183, 188, 193, 203, 229, 232, 234, 239, 248, 255, 257, 273, 278, 283, 344, 347, 354, 365, 368, 370]
392: [4, 9, 10, 18, 65, 70, 99, 106, 108, 111, 114, 125, 164, 173, 175, 184, 198, 216, 221, 263, 285, 288, 295, 331, 334, 336, 340, 344, 353, 365, 378]
393: [5, 6, 10, 16, 25, 49, 61, 66, 67, 71, 72, 79, 95, 96, 100, 116, 121, 124, 139, 154, 176, 181, 182, 185, 187, 189, 199, 211, 225, 229, 231, 236, 255, 260, 265, 275, 292, 297, 299, 319, 330, 345, 346, 356, 365, 375, 385]
394: [6, 12, 16, 33, 38, 67, 80, 96, 108, 122, 128, 132, 143, 148, 162, 170, 186, 191, 196, 201, 227, 232, 237, 242, 258, 260, 263, 281, 286, 318, 342, 350, 371, 373, 381]
395: [7, 13, 21, 27, 52, 63, 73, 102, 107, 109, 111, 114, 117, 138, 178, 192, 201, 202, 219, 223, 224, 233, 243, 277, 288, 291, 292, 298, 308, 334, 338, 339, 348, 353, 358, 367, 372, 377, 381, 382, 387, 392]
396: [3, 9, 19, 23, 28, 44, 52, 69, 74, 75, 118, 119, 123, 129, 142, 149, 179, 185, 190, 208, 232, 234, 239, 244, 278, 283, 299, 300, 303, 322, 349, 354, 378, 388, 393]
397: [5, 9, 10, 36, 41, 69, 70, 83, 99, 119, 120, 151, 173, 175, 180, 184, 185, 230, 234, 244, 245, 261, 263, 266, 280, 285, 290, 295, 299, 345, 350, 353, 354, 355, 374, 376, 389]
398: [2, 5, 11, 15, 16, 20, 24, 25, 30, 50, 66, 76, 112, 114, 115, 116, 117, 120, 121, 126, 131, 181, 186, 190, 200, 204, 205, 210, 215, 227, 236, 241, 250, 291, 294, 295, 300, 337, 339, 342, 351, 354, 370, 384]
399: [7, 12, 21, 27, 55, 77, 78, 81, 103, 111, 118, 121, 122, 126, 132, 145, 187, 188, 193, 201, 206, 211, 216, 217, 232, 235, 237, 242, 268, 276, 278, 286, 291, 298, 302, 303, 306, 325, 376, 377, 381, 391, 396]
400: [13, 27, 32, 39, 43, 44, 86, 103, 112, 117, 118, 122, 123, 127, 133, 154, 162, 176, 188, 197, 198, 218, 233, 243, 253, 264, 266, 269, 287, 288, 293, 297, 302, 303, 308, 328, 348, 356, 363, 379, 382, 387, 392, 393]
401: [5, 9, 14, 18, 23, 27, 28, 64, 69, 74, 113, 115, 117, 120, 179, 184, 189, 207, 230, 234, 235, 264, 288, 293, 294, 297, 298, 304, 308, 340, 345, 349, 378, 383, 387, 388, 393, 398]
402: [4, 19, 24, 34, 58, 65, 70, 75, 81, 86, 114, 130, 148, 180, 190, 191, 196, 199, 204, 209, 235, 238, 249, 265, 280, 290, 294, 295, 299, 306, 309, 328, 349, 350, 399]
403: [16, 20, 21, 25, 26, 35, 40, 47, 66, 71, 84, 89, 109, 110, 125, 135, 136, 157, 179, 181, 191, 210, 220, 225, 236, 269, 272, 276, 290, 294, 300, 314, 351, 359, 382, 385, 387, 390, 400]
404: [8, 12, 13, 21, 30, 31, 43, 46, 67, 111, 112, 116, 120, 123, 138, 167, 168, 172, 182, 187, 206, 210, 216, 223, 233, 237, 238, 242, 272, 296, 300, 301, 302, 306, 311, 312, 332, 347, 348, 382, 386, 390]
405: [18, 22, 27, 32, 42, 47, 57, 61, 68, 84, 89, 113, 122, 127, 133, 137, 138, 143, 148, 151, 194, 199, 207, 217, 241, 293, 297, 302, 303, 309, 312, 314, 317, 323, 331, 353, 358, 382, 388, 392, 393, 402, 403]
406: [2, 14, 24, 28, 39, 43, 50, 69, 74, 92, 124, 133, 134, 160, 165, 182, 189, 208, 213, 228, 239, 272, 275, 299, 303, 313, 354, 359, 362, 364, 385, 388, 390, 393, 398, 403, 404]
407: [11, 15, 16, 20, 33, 39, 49, 54, 75, 123, 124, 126, 129, 135, 139, 149, 164, 184, 185, 190, 195, 213, 229, 234, 236, 240, 241, 245, 250, 295, 303, 305, 314, 344, 350, 351, 360, 393]
408: [11, 26, 30, 64, 87, 92, 94, 125, 136, 144, 154, 180, 196, 202, 206, 210, 215, 241, 244, 246, 251, 256, 275, 299, 300, 306, 310, 312, 315, 317, 334, 361, 365, 369, 380, 390, 406]
409: [5, 12, 26, 41, 53, 72, 77, 82, 95, 118, 126, 136, 137, 141, 142, 146, 147, 163, 168, 185, 211, 221, 231, 236, 237, 242, 275, 278, 301, 321, 337, 357, 363, 365, 381, 388, 391, 393, 396, 401]
410: [2, 14, 19, 23, 32, 36, 37, 42, 48, 52, 53, 62, 68, 73, 83, 93, 122, 126, 129, 132, 137, 142, 151, 208, 213, 216, 222, 238, 239, 241, 244, 253, 298, 303, 306, 308, 312, 317, 327, 331, 353, 354, 363, 378, 396, 397, 407, 408]
411: [2, 14, 24, 43, 48, 58, 64, 67, 79, 84, 92, 95, 123, 143, 153, 157, 184, 189, 194, 205, 228, 247, 249, 272, 299, 308, 309, 314, 315, 320, 337, 362, 393, 408]
412: [8, 15, 25, 39, 44, 54, 56, 80, 98, 104, 119, 123, 124, 134, 140, 144, 166, 169, 171, 185, 188, 190, 213, 224, 239, 240, 270, 278, 281, 286, 299, 303, 354, 360, 368, 389, 391, 393, 396, 399, 400, 410]
413: [4, 10, 16, 21, 22, 39, 50, 64, 76, 81, 125, 129, 130, 132, 135, 136, 137, 139, 141, 149, 150, 154, 169, 171, 186, 191, 196, 219, 242, 244, 245, 247, 251, 254, 280, 300, 301, 306, 309, 310, 334, 344, 350, 356, 357, 360, 362, 366, 370, 385, 399, 400, 410, 411]
414: [5, 41, 46, 51, 61, 70, 93, 95, 98, 121, 137, 146, 160, 185, 197, 201, 208, 212, 213, 221, 227, 236, 242, 250, 252, 263, 275, 282, 308, 316, 323, 326, 340, 342, 365, 367, 398, 412]
415: [11, 23, 28, 36, 42, 59, 62, 64, 101, 103, 126, 133, 137, 142, 147, 157, 169, 174, 191, 193, 216, 217, 223, 237, 248, 253, 263, 278, 281, 284, 289, 298, 306, 317, 318, 327, 358, 371, 396, 399, 408, 412]
416: [24, 25, 29, 42, 44, 53, 67, 73, 74, 79, 132, 134, 135, 138, 139, 140, 153, 157, 199, 222, 228, 233, 243, 244, 247, 249, 250, 254, 299, 312, 323, 333, 337, 338, 359, 360, 365, 388, 408, 413, 414]
417: [8, 25, 34, 40, 44, 54, 59, 73, 75, 98, 101, 130, 135, 154, 163, 188, 211, 216, 224, 239, 245, 249, 250, 278, 299, 310, 319, 326, 365, 368, 414, 415]
418: [14, 21, 25, 31, 39, 62, 81, 86, 129, 131, 135, 145, 146, 155, 166, 177, 184, 189, 190, 191, 194, 219, 230, 235, 245, 246, 256, 281, 284, 287, 292, 309, 311, 325, 345, 349, 356, 365, 374, 376, 399, 402, 405, 415]
419: [28, 32, 61, 66, 70, 71, 77, 82, 106, 137, 138, 141, 143, 147, 151, 153, 160, 163, 236, 246, 248, 250, 253, 273, 302, 321, 326, 331, 337, 340, 363, 368, 377, 378, 391, 392, 397, 416]
420: [11, 28, 42, 62, 93, 98, 101, 104, 132, 133, 137, 143, 147, 152, 191, 198, 214, 219, 242, 247, 248, 252, 272, 277, 281, 313, 329, 332, 337, 342, 363, 371, 388, 412, 413, 417]
421: [24, 42, 65, 68, 70, 73, 84, 89, 132, 143, 148, 149, 158, 173, 180, 185, 189, 199, 204, 219, 222, 233, 244, 248, 249, 253, 259, 263, 288, 290, 295, 309, 312, 328, 344, 359, 364, 398, 402, 403, 405, 408, 410, 413, 418]
422: [14, 31, 36, 64, 73, 74, 80, 85, 90, 139, 140, 141, 144, 146, 149, 154, 159, 163, 190, 205, 209, 239, 244, 253, 254, 255, 256, 261, 324, 343, 355, 365, 366, 371, 389, 415]
423: [14, 30, 31, 36, 50, 60, 64, 65, 86, 101, 104, 107, 129, 136, 141, 155, 179, 191, 194, 196, 201, 214, 217, 222, 231, 240, 255, 284, 305, 306, 316, 330, 332, 337, 361, 366, 374, 410, 415, 416, 420]
424: [37, 45, 51, 61, 72, 73, 76, 87, 135, 146, 147, 183, 188, 192, 207, 225, 236, 247, 256, 257, 262, 293, 298, 302, 312, 315, 331, 336, 346, 362, 405, 408, 413, 416]
425: [34, 39, 42, 43, 57, 76, 77, 83, 88, 128, 143, 149, 152, 162, 166, 167, 168, 178, 237, 242, 247, 248, 256, 259, 264, 278, 327, 342, 346, 347, 353, 363, 368, 374, 378, 397, 417, 418, 422]
426: [4, 17, 34, 58, 63, 78, 84, 94, 107, 110, 115, 129, 139, 148, 149, 163, 194, 197, 199, 223, 225, 238, 243, 248, 249, 284, 287, 314, 333, 335, 340, 343, 348, 364, 369, 377, 418, 419]
427: [25, 30, 35, 48, 64, 74, 76, 79, 85, 104, 138, 139, 140, 150, 186, 191, 194, 195, 199, 228, 229, 250, 260, 294, 299, 301, 309, 315, 318, 365, 370, 394, 408, 411, 416, 420]
428: [9, 19, 26, 37, 42, 49, 60, 79, 85, 91, 105, 111, 141, 146, 152, 169, 170, 231, 240, 256, 259, 260, 262, 267, 279, 296, 306, 311, 335, 349, 366, 377, 410, 425]
429: [3, 20, 32, 37, 51, 66, 81, 110, 113, 118, 142, 152, 156, 166, 176, 181, 192, 197, 200, 202, 217, 222, 228, 237, 257, 261, 262, 266, 277, 290, 312, 317, 331, 336, 338, 341, 343, 346, 347, 351, 362, 371, 380]
430: [38, 51, 62, 67, 72, 77, 79, 82, 88, 141, 153, 163, 177, 189, 194, 203, 231, 247, 252, 303, 304, 321, 337, 352, 363, 393, 411, 414, 419, 423, 427, 428]
431: [40, 45, 82, 84, 88, 89, 94, 99, 119, 134, 138, 139, 149, 155, 158, 163, 172, 173, 178, 223, 229, 248, 259, 262, 263, 264, 265, 270, 309, 319, 338, 339, 343, 348, 352, 353, 380, 385, 389]
432: [6, 23, 30, 35, 60, 65, 74, 85, 95, 113, 116, 121, 140, 150, 159, 175, 179, 200, 203, 204, 210, 231, 236, 239, 244, 259, 264, 265, 293, 299, 315, 320, 341, 344, 346, 375, 383, 425]
433: [15, 31, 36, 54, 64, 82, 87, 91, 95, 141, 144, 146, 165, 180, 190, 192, 197, 201, 206, 234, 255, 260, 261, 266, 307, 321, 324, 331, 340, 355, 376, 389, 390, 414, 417, 422]
434: [27, 33, 37, 43, 47, 48, 56, 71, 81, 85, 87, 92, 97, 133, 142, 147, 158, 163, 175, 181, 182, 217, 228, 252, 261, 262, 265, 266, 268, 271, 272, 273, 322, 327, 336, 351, 355, 356, 361, 383, 388, 403, 431, 432]
435: [3, 9, 14, 18, 26, 28, 51, 52, 82, 87, 98, 116, 123, 124, 143, 148, 162, 167, 177, 182, 206, 208, 213, 231, 234, 239, 248, 252, 257, 262, 267, 273, 296, 318, 349, 362, 367, 368, 373, 378, 386, 428, 432]
436: [8, 34, 43, 57, 82, 85, 89, 90, 93, 98, 99, 144, 147, 154, 168, 178, 199, 200, 214, 237, 262, 264, 273, 310, 315, 319, 323, 324, 327, 343, 352, 353, 354, 363, 369, 417, 424, 425, 433, 434]
437: [23, 35, 40, 51, 64, 74, 79, 85, 88, 90, 113, 129, 145, 155, 161, 164, 166, 174, 178, 203, 205, 235, 245, 259, 260, 265, 268, 275, 276, 293, 315, 320, 325, 349, 358, 375, 379, 380, 383, 384, 386, 391]
438: [10, 12, 15, 17, 29, 30, 31, 36, 41, 50, 51, 54, 75, 85, 89, 91, 95, 96, 101, 119, 124, 127, 144, 145, 146, 149, 151, 174, 200, 209, 211, 234, 237, 242, 245, 255, 256, 261, 265, 299, 316, 321, 324, 341, 350, 352, 376, 389, 414, 425, 430, 431, 436]
439: [1, 6, 11, 23, 42, 60, 72, 85, 86, 88, 93, 96, 103, 122, 150, 157, 161, 162, 168, 175, 176, 186, 198, 203, 212, 240, 252, 256, 257, 261, 265, 266, 267, 272, 276, 303, 313, 318, 322, 330, 346, 352, 355, 357, 361, 363, 372, 387, 388, 420, 428, 432, 437]
440: [1, 26, 53, 54, 82, 87, 91, 102, 116, 164, 167, 169, 172, 173, 181, 182, 206, 213, 233, 271, 272, 279, 296, 313, 352, 357, 361, 362, 372, 386, 388, 389, 394, 433, 438]
441: [3, 13, 15, 20, 32, 34, 39, 44, 57, 83, 88, 93, 99, 103, 122, 130, 147, 149, 154, 159, 178, 179, 188, 193, 203, 204, 209, 212, 214, 237, 240, 245, 258, 259, 268, 283, 302, 327, 353, 355, 358, 363, 368, 374, 413, 417, 429, 434, 439]
442: [35, 45, 59, 63, 84, 88, 89, 90, 91, 95, 96, 99, 150, 153, 160, 170, 178, 179, 194, 206, 211, 215, 224, 240, 268, 269, 274, 279, 284, 304, 315, 316, 319, 321, 325, 358, 359, 375, 380, 423, 430, 431, 436]
443: [4, 29, 41, 57, 62, 85, 90, 94, 100, 119, 156, 161, 167, 172, 180, 184, 185, 206, 209, 211, 216, 234, 254, 261, 265, 270, 271, 275, 280, 282, 287, 299, 335, 339, 345, 360, 365, 371, 374, 375, 376, 389, 392, 397, 431, 436]
444: [1, 7, 18, 23, 47, 52, 60, 62, 76, 82, 86, 91, 96, 97, 98, 101, 106, 107, 133, 138, 150, 152, 157, 177, 191, 240, 243, 248, 253, 267, 271, 283, 286, 305, 322, 330, 332, 358, 366, 371, 387, 396, 417, 420, 432, 442]
445: [1, 2, 17, 33, 38, 48, 91, 97, 98, 99, 107, 142, 153, 158, 177, 181, 182, 203, 208, 209, 214, 252, 263, 267, 271, 272, 273, 277, 302, 323, 324, 337, 361, 362, 373, 378, 388, 392, 403, 434, 439]
446: [3, 32, 39, 44, 49, 60, 65, 79, 88, 89, 93, 99, 103, 108, 122, 154, 159, 175, 178, 183, 184, 188, 193, 198, 203, 212, 214, 219, 259, 264, 268, 269, 285, 290, 293, 302, 319, 324, 363, 368, 373, 374, 383, 384, 392, 400, 403, 439]
447: [4, 9, 14, 24, 26, 35, 50, 63, 94, 95, 100, 104, 109, 129, 136, 141, 144, 150, 153, 165, 184, 199, 210, 240, 243, 251, 270, 280, 294, 320, 333, 339, 360, 361, 364, 366, 375, 384, 395, 423, 430, 435, 440]
448: [4, 5, 10, 11, 15, 46, 51, 85, 90, 94, 95, 96, 102, 106, 129, 155, 161, 175, 184, 195, 205, 212, 217, 235, 265, 266, 274, 275, 276, 280, 291, 295, 320, 321, 326, 327, 331, 364, 376, 385, 434, 436, 437, 441, 442]
449: [6, 11, 16, 26, 31, 35, 47, 63, 68, 72, 97, 102, 106, 111, 116, 117, 121, 125, 157, 162, 178, 191, 212, 215, 223, 236, 267, 276, 277, 286, 288, 291, 293, 305, 308, 332, 342, 357, 376, 386, 387, 395, 403, 432]
450: [3, 17, 22, 29, 33, 48, 66, 93, 98, 102, 117, 139, 144, 153, 156, 163, 192, 202, 213, 246, 248, 254, 282, 287, 292, 297, 328, 333, 336, 358, 364, 367, 369, 372, 377, 382, 408, 426, 438]