[METADATA]
File: miles1500.col
Description: Translated from Stanford GraphBase File: miles1500.gb Stanford GraphBase ID: miles(128,0,0,0,1500,127,0)

[GCP_DATA_INFO]
Type: GCP, Graph Coloring Problem
Node: 128
Edge: 10396

[ADJACENCY_List]
2: [1]
3: [1]
4: [3]
5: [1, 3, 4]
6: [1, 2]
7: [1, 2, 6]
8: [1, 2, 5, 6, 7]
9: [3, 4, 5]
10: [1, 2, 6, 7, 8]
11: [3, 4, 5, 9]
12: [1, 3, 4, 5, 7, 8, 9]
13: [1, 2, 6, 7, 8, 10]
14: [1, 2, 6, 7, 8, 10, 13]
15: [3, 4, 5, 9, 11, 12]
16: [1, 3, 4, 5, 7, 8, 9, 11, 12, 14, 15]
17: [3, 4, 5, 9, 11, 15, 16]
18: [3, 4, 5, 9, 11, 12, 15, 16, 17]
19: [1, 2, 5, 6, 7, 8, 10, 12, 13, 14, 16]
20: [1, 2, 6, 7, 8, 10, 13, 14, 19]
21: [3, 4, 5, 9, 11, 12, 15, 16, 17, 18]
22: [2, 6, 7, 8, 10, 13, 14, 19, 20]
23: [1, 2, 6, 7, 8, 10, 12, 13, 14, 19, 20, 22]
24: [1, 2, 6, 7, 8, 10, 13, 14, 19, 20, 22, 23]
25: [1, 2, 6, 7, 8, 10, 13, 14, 19, 20, 22, 23, 24]
26: [3, 4, 5, 9, 11, 12, 15, 16, 17, 18, 21]
27: [1, 2, 5, 6, 7, 8, 10, 12, 13, 14, 16, 19, 20, 22, 23, 24, 25]
28: [1, 2, 6, 7, 8, 10, 12, 13, 14, 16, 19, 20, 22, 23, 24, 25, 27]
29: [1, 3, 4, 5, 9, 11, 12, 15, 16, 17, 18, 21, 26]
30: [1, 2, 6, 7, 8, 10, 13, 14, 19, 20, 22, 23, 24, 25, 27, 28]
31: [1, 2, 3, 5, 6, 7, 8, 10, 12, 13, 14, 15, 16, 19, 20, 23, 27, 28, 29]
32: [1, 3, 4, 5, 7, 8, 9, 11, 12, 15, 16, 18, 19, 21, 26, 27, 28, 29, 31]
33: [1, 3, 4, 5, 7, 8, 9, 11, 12, 14, 15, 16, 18, 19, 21, 26, 27, 28, 29, 31, 32]
34: [1, 3, 5, 7, 8, 9, 11, 12, 14, 16, 17, 19, 27, 28, 31, 32, 33]
35: [1, 3, 4, 5, 7, 8, 9, 11, 12, 14, 15, 16, 17, 18, 19, 21, 26, 27, 28, 29, 31, 32, 33, 34]
36: [2, 6, 7, 8, 10, 13, 14, 19, 20, 22, 23, 24, 25, 27, 28, 30]
37: [1, 3, 4, 5, 8, 9, 12, 15, 16, 18, 19, 21, 26, 27, 29, 31, 32, 33, 34, 35]
38: [1, 2, 6, 7, 8, 10, 13, 14, 19, 20, 22, 23, 24, 25, 27, 28, 30, 36]
39: [1, 2, 3, 5, 6, 7, 8, 10, 12, 13, 14, 16, 19, 20, 22, 23, 24, 25, 27, 28, 30, 31, 32, 33, 34, 35, 36, 37, 38]
40: [3, 4, 5, 9, 11, 12, 15, 16, 17, 18, 21, 26, 29, 32, 33, 35, 37]
41: [1, 2, 6, 7, 8, 10, 13, 14, 19, 20, 22, 23, 24, 25, 27, 28, 30, 36, 38, 39]
42: [3, 4, 5, 9, 11, 12, 15, 16, 17, 18, 21, 26, 29, 32, 33, 34, 35, 37, 40]
43: [1, 2, 5, 6, 7, 8, 10, 12, 13, 14, 16, 19, 20, 22, 23, 24, 25, 27, 28, 30, 31, 32, 33, 34, 35, 36, 37, 38, 39, 41]
44: [1, 2, 5, 6, 7, 8, 10, 12, 13, 16, 19, 23, 27, 28, 29, 31, 32, 33, 35, 37, 39, 43]
45: [1, 2, 6, 7, 8, 10, 13, 14, 16, 19, 20, 22, 23, 24, 25, 27, 28, 30, 31, 33, 36, 38, 39, 41, 43, 44]
46: [1, 2, 6, 7, 8, 10, 13, 14, 19, 20, 22, 23, 24, 25, 27, 28, 30, 36, 38, 39, 41, 43, 45]
47: [1, 3, 4, 5, 6, 8, 9, 12, 15, 16, 18, 19, 21, 23, 26, 27, 28, 29, 31, 32, 33, 34, 35, 37, 39, 40, 43, 44]
48: [1, 3, 4, 5, 9, 11, 12, 15, 16, 17, 18, 21, 26, 27, 29, 31, 32, 33, 34, 35, 37, 39, 40, 42, 44, 47]
49: [3, 4, 5, 9, 11, 12, 15, 16, 17, 18, 21, 26, 29, 32, 33, 34, 35, 37, 40, 42, 48]
50: [3, 4, 5, 9, 11, 15, 16, 17, 18, 21, 26, 29, 32, 33, 34, 35, 40, 42, 48, 49]
51: [1, 3, 5, 7, 8, 12, 14, 16, 19, 27, 28, 31, 32, 33, 34, 35, 37, 39, 42, 43, 44, 45, 47, 48, 50]
52: [1, 2, 6, 7, 8, 10, 12, 13, 14, 16, 19, 20, 22, 23, 24, 25, 27, 28, 30, 31, 32, 33, 34, 35, 36, 38, 39, 41, 43, 44, 45, 46, 51]
53: [1, 2, 6, 7, 8, 10, 13, 14, 19, 20, 22, 23, 24, 25, 27, 28, 30, 36, 38, 39, 41, 43, 45, 46, 52]
54: [1, 3, 4, 5, 9, 11, 12, 15, 16, 17, 18, 21, 26, 29, 31, 32, 33, 35, 37, 40, 42, 44, 47, 48, 49, 50]
55: [1, 2, 5, 6, 7, 8, 10, 12, 13, 14, 16, 19, 20, 23, 24, 25, 27, 28, 30, 31, 32, 33, 35, 37, 38, 39, 41, 43, 44, 45, 46, 47, 48, 51, 52, 53]
56: [1, 2, 6, 7, 8, 10, 13, 19, 20, 22, 23, 24, 25, 27, 28, 30, 31, 36, 38, 39, 41, 43, 44, 45, 46, 52, 53, 55]
57: [1, 2, 5, 6, 7, 8, 10, 12, 13, 14, 16, 19, 20, 23, 24, 25, 27, 28, 30, 31, 32, 33, 35, 37, 38, 39, 41, 43, 44, 45, 46, 47, 48, 51, 52, 53, 55, 56]
58: [1, 2, 6, 7, 8, 10, 13, 14, 19, 20, 22, 23, 24, 25, 27, 28, 30, 36, 38, 39, 41, 43, 45, 46, 52, 53, 55, 56, 57]
59: [3, 4, 5, 9, 11, 12, 15, 16, 17, 18, 21, 26, 29, 32, 33, 34, 35, 37, 40, 42, 48, 49, 50, 54]
60: [1, 2, 6, 7, 8, 10, 13, 14, 19, 20, 22, 23, 24, 25, 27, 28, 30, 31, 36, 38, 39, 41, 43, 44, 45, 46, 52, 53, 55, 56, 57, 58]
61: [2, 6, 7, 8, 10, 13, 14, 19, 20, 22, 23, 24, 25, 27, 28, 30, 36, 38, 39, 41, 43, 45, 46, 52, 53, 56, 58, 60]
62: [1, 2, 6, 7, 8, 10, 12, 13, 14, 16, 19, 20, 22, 23, 24, 25, 27, 28, 30, 31, 32, 33, 34, 35, 36, 37, 38, 39, 41, 43, 44, 45, 46, 47, 51, 52, 53, 55, 56, 57, 58, 60, 61]
63: [3, 4, 5, 9, 11, 12, 15, 16, 17, 18, 21, 26, 29, 32, 33, 34, 35, 37, 39, 40, 42, 48, 49, 50, 51, 54, 59]
64: [1, 2, 6, 7, 8, 10, 12, 13, 14, 16, 19, 20, 22, 23, 24, 25, 27, 28, 30, 31, 32, 33, 36, 37, 38, 39, 41, 43, 44, 45, 46, 47, 51, 52, 53, 55, 56, 57, 58, 60, 61, 62]
65: [1, 2, 3, 5, 7, 8, 10, 11, 12, 14, 16, 19, 20, 24, 25, 27, 28, 30, 31, 32, 33, 34, 35, 37, 39, 42, 43, 44, 45, 46, 47, 48, 50, 51, 52, 53, 55, 57, 58, 62, 63, 64]
66: [1, 2, 6, 7, 8, 10, 12, 13, 14, 16, 19, 20, 22, 23, 24, 25, 27, 28, 30, 31, 32, 33, 36, 38, 39, 41, 43, 44, 45, 46, 51, 52, 53, 55, 56, 57, 58, 60, 61, 62, 64, 65]
67: [1, 2, 6, 7, 8, 10, 12, 13, 14, 16, 19, 20, 23, 24, 25, 27, 28, 30, 31, 32, 33, 36, 37, 38, 39, 41, 43, 44, 45, 46, 47, 51, 52, 53, 55, 56, 57, 58, 60, 61, 62, 64, 65, 66]
68: [1, 2, 6, 7, 8, 10, 12, 13, 14, 16, 19, 20, 22, 23, 24, 25, 27, 28, 30, 31, 32, 33, 34, 35, 36, 37, 38, 39, 41, 43, 44, 45, 46, 47, 51, 52, 53, 55, 56, 57, 58, 60, 61, 62, 64, 65, 66, 67]
69: [1, 2, 6, 7, 8, 10, 13, 14, 16, 19, 20, 22, 23, 24, 25, 27, 28, 30, 31, 33, 36, 38, 39, 41, 43, 44, 45, 46, 51, 52, 53, 55, 56, 57, 58, 60, 61, 62, 64, 65, 66, 67, 68]
70: [1, 2, 6, 7, 8, 10, 12, 13, 14, 16, 19, 20, 22, 23, 24, 25, 27, 28, 30, 31, 32, 33, 36, 37, 38, 39, 41, 43, 44, 45, 46, 47, 52, 53, 55, 56, 57, 58, 60, 61, 62, 64, 65, 66, 67, 68, 69]
71: [1, 2, 6, 7, 8, 10, 13, 14, 19, 20, 22, 23, 24, 25, 27, 28, 30, 31, 36, 38, 39, 41, 43, 44, 45, 46, 47, 52, 53, 55, 56, 57, 58, 60, 61, 62, 64, 66, 67, 68, 69, 70]
72: [1, 2, 5, 6, 8, 12, 13, 15, 16, 19, 23, 27, 28, 29, 31, 32, 33, 35, 37, 39, 43, 44, 47, 48, 52, 54, 55, 56, 57, 60, 62, 64, 65, 66, 67, 68, 70, 71]
73: [1, 2, 5, 6, 7, 8, 10, 12, 13, 14, 16, 19, 20, 22, 23, 24, 25, 27, 28, 30, 31, 32, 33, 34, 35, 36, 37, 38, 39, 41, 43, 44, 45, 46, 47, 51, 52, 53, 55, 56, 57, 58, 60, 61, 62, 64, 65, 66, 67, 68, 69, 70, 71, 72]
74: [1, 2, 3, 5, 6, 7, 8, 10, 12, 13, 14, 16, 19, 20, 22, 23, 24, 25, 27, 28, 30, 31, 32, 33, 34, 35, 36, 37, 38, 39, 41, 43, 44, 45, 46, 47, 48, 51, 52, 53, 55, 57, 58, 60, 61, 62, 63, 64, 65, 66, 67, 68, 69, 70, 71, 72, 73]
75: [1, 2, 6, 7, 8, 10, 13, 14, 19, 20, 22, 23, 24, 25, 27, 28, 30, 31, 33, 36, 38, 39, 41, 43, 44, 45, 46, 52, 53, 55, 56, 57, 58, 60, 61, 62, 64, 65, 66, 67, 68, 69, 70, 71, 72, 73, 74]
76: [1, 2, 6, 7, 8, 10, 12, 13, 14, 16, 19, 20, 22, 23, 24, 25, 27, 28, 30, 31, 32, 33, 34, 35, 36, 37, 38, 39, 41, 43, 44, 45, 46, 47, 51, 52, 53, 55, 56, 57, 58, 60, 61, 62, 64, 65, 66, 67, 68, 69, 70, 71, 72, 73, 74, 75]
77: [1, 3, 4, 5, 9, 11, 12, 15, 16, 17, 18, 21, 26, 29, 31, 32, 33, 35, 37, 40, 42, 44, 47, 48, 49, 50, 54, 59, 63, 72]
78: [1, 2, 3, 5, 6, 7, 8, 10, 12, 13, 14, 16, 19, 20, 22, 23, 24, 25, 27, 28, 30, 31, 32, 33, 34, 35, 36, 37, 38, 39, 41, 43, 44, 45, 46, 47, 48, 51, 52, 53, 55, 57, 58, 60, 61, 62, 63, 64, 65, 66, 67, 68, 69, 70, 71, 72, 73, 74, 75, 76]
79: [1, 2, 3, 5, 6, 7, 8, 10, 12, 13, 14, 16, 19, 20, 22, 23, 24, 25, 27, 28, 30, 31, 32, 33, 34, 35, 36, 37, 38, 39, 41, 43, 44, 45, 46, 47, 48, 51, 52, 53, 55, 56, 57, 58, 60, 61, 62, 64, 65, 66, 67, 68, 69, 70, 71, 72, 73, 74, 75, 76, 78]
80: [1, 2, 3, 5, 6, 7, 8, 10, 12, 13, 14, 15, 16, 19, 20, 23, 24, 25, 27, 28, 29, 30, 31, 32, 33, 34, 35, 37, 38, 39, 41, 43, 44, 45, 46, 47, 48, 51, 52, 53, 54, 55, 56, 57, 58, 60, 62, 64, 65, 66, 67, 68, 69, 70, 71, 72, 73, 74, 75, 76, 77, 78, 79]
81: [3, 4, 5, 9, 11, 12, 15, 16, 17, 18, 21, 26, 29, 32, 33, 34, 35, 37, 40, 42, 47, 48, 49, 50, 51, 54, 59, 63, 65, 77]
82: [2, 6, 7, 8, 10, 13, 14, 19, 20, 22, 23, 24, 25, 27, 28, 30, 36, 38, 39, 41, 43, 45, 46, 52, 53, 56, 58, 60, 61, 62, 64, 66, 67, 68, 69, 70, 71, 73, 74, 75, 76, 78, 79, 80]
83: [1, 2, 6, 7, 8, 10, 13, 14, 16, 19, 20, 22, 23, 24, 25, 27, 28, 30, 31, 33, 36, 38, 39, 41, 43, 45, 46, 51, 52, 53, 55, 56, 57, 58, 60, 61, 62, 64, 65, 66, 67, 68, 69, 70, 71, 73, 74, 75, 76, 78, 79, 80, 82]
84: [1, 2, 6, 7, 8, 10, 13, 14, 19, 20, 22, 23, 24, 25, 27, 28, 30, 31, 36, 38, 39, 41, 43, 44, 45, 46, 52, 53, 55, 56, 57, 58, 60, 61, 62, 64, 66, 67, 68, 69, 70, 71, 72, 73, 74, 75, 76, 78, 79, 80, 82, 83]
85: [3, 4, 5, 9, 11, 15, 16, 17, 18, 21, 26, 29, 32, 33, 34, 35, 40, 42, 48, 49, 50, 54, 59, 63, 65, 77, 81]
86: [2, 6, 7, 8, 10, 13, 14, 19, 20, 22, 23, 24, 25, 27, 28, 30, 36, 38, 39, 41, 43, 45, 46, 52, 53, 56, 58, 60, 61, 62, 64, 66, 67, 68, 69, 70, 71, 73, 74, 75, 76, 78, 79, 82, 83, 84]
87: [1, 3, 4, 5, 8, 9, 11, 12, 15, 16, 17, 18, 19, 21, 26, 27, 28, 29, 31, 32, 33, 34, 35, 37, 39, 40, 42, 43, 44, 47, 48, 49, 50, 51, 54, 55, 57, 59, 62, 63, 65, 68, 72, 73, 74, 76, 77, 78, 79, 80, 81, 85]
88: [1, 2, 6, 7, 8, 10, 12, 13, 14, 16, 19, 20, 22, 23, 24, 25, 27, 28, 30, 31, 32, 33, 34, 35, 36, 37, 38, 39, 41, 43, 44, 45, 46, 47, 51, 52, 53, 55, 56, 57, 58, 60, 61, 62, 64, 65, 66, 67, 68, 69, 70, 71, 72, 73, 74, 75, 76, 78, 79, 80, 82, 83, 84, 86, 87]
89: [1, 2, 6, 7, 8, 10, 13, 14, 19, 20, 22, 23, 24, 25, 27, 28, 30, 31, 36, 38, 39, 41, 43, 44, 45, 46, 47, 52, 53, 55, 56, 57, 58, 60, 61, 62, 64, 66, 67, 68, 69, 70, 71, 72, 73, 74, 75, 76, 78, 79, 80, 82, 83, 84, 86, 88]
90: [1, 2, 3, 5, 6, 7, 8, 10, 12, 13, 14, 16, 19, 20, 23, 24, 25, 27, 28, 30, 31, 32, 33, 34, 35, 36, 37, 38, 39, 41, 43, 44, 45, 46, 47, 48, 51, 52, 53, 55, 56, 57, 58, 60, 61, 62, 64, 65, 66, 67, 68, 69, 70, 71, 72, 73, 74, 75, 76, 78, 79, 80, 82, 83, 84, 86, 87, 88, 89]
91: [1, 2, 6, 7, 8, 10, 12, 13, 14, 16, 19, 20, 22, 23, 24, 25, 27, 28, 30, 31, 32, 33, 34, 35, 36, 37, 38, 39, 41, 43, 44, 45, 46, 47, 51, 52, 53, 55, 56, 57, 58, 60, 61, 62, 64, 65, 66, 67, 68, 69, 70, 71, 72, 73, 74, 75, 76, 78, 79, 80, 82, 83, 84, 86, 87, 88, 89, 90]
92: [1, 2, 6, 7, 8, 10, 12, 13, 14, 16, 19, 20, 22, 23, 24, 25, 27, 28, 30, 31, 32, 33, 34, 35, 36, 37, 38, 39, 41, 43, 44, 45, 46, 47, 51, 52, 53, 55, 56, 57, 58, 60, 61, 62, 64, 65, 66, 67, 68, 69, 70, 71, 72, 73, 74, 75, 76, 78, 79, 80, 82, 83, 84, 86, 87, 88, 89, 90, 91]
93: [1, 2, 6, 7, 8, 10, 13, 14, 19, 20, 22, 23, 24, 25, 27, 28, 30, 31, 36, 38, 39, 41, 43, 44, 45, 46, 52, 53, 55, 56, 57, 58, 60, 61, 62, 64, 65, 66, 67, 68, 69, 70, 71, 73, 74, 75, 76, 78, 79, 80, 82, 83, 84, 86, 88, 89, 90, 91, 92]
94: [1, 2, 6, 7, 8, 10, 13, 14, 19, 20, 22, 23, 24, 25, 27, 28, 30, 33, 36, 38, 39, 41, 43, 45, 46, 51, 52, 53, 55, 56, 57, 58, 60, 61, 62, 64, 65, 66, 67, 68, 69, 70, 71, 73, 74, 75, 76, 78, 79, 80, 82, 83, 84, 86, 88, 89, 90, 91, 92, 93]
95: [1, 2, 6, 7, 8, 10, 13, 20, 22, 23, 24, 25, 27, 28, 30, 31, 36, 38, 41, 43, 44, 45, 46, 52, 53, 55, 56, 57, 58, 60, 61, 62, 64, 66, 67, 68, 69, 70, 71, 72, 73, 75, 76, 79, 80, 82, 83, 84, 86, 88, 89, 90, 91, 92, 93, 94]
96: [1, 2, 6, 7, 8, 10, 13, 14, 19, 20, 22, 23, 24, 25, 27, 28, 30, 31, 36, 38, 39, 41, 43, 44, 45, 46, 52, 53, 55, 56, 57, 58, 60, 61, 62, 64, 66, 67, 68, 69, 70, 71, 72, 73, 74, 75, 76, 78, 79, 80, 82, 83, 84, 86, 88, 89, 90, 91, 92, 93, 94, 95]
97: [1, 2, 3, 5, 7, 8, 10, 11, 12, 14, 16, 19, 20, 24, 25, 27, 28, 30, 31, 32, 33, 34, 35, 37, 38, 39, 41, 42, 43, 44, 45, 46, 47, 48, 50, 51, 52, 53, 55, 57, 58, 62, 63, 64, 65, 66, 67, 68, 69, 70, 71, 72, 73, 74, 75, 76, 78, 79, 80, 81, 82, 83, 87, 88, 90, 91, 92, 93, 94, 96]
98: [1, 2, 3, 5, 6, 7, 8, 10, 12, 13, 14, 16, 19, 20, 23, 24, 27, 28, 29, 30, 31, 32, 33, 35, 37, 39, 43, 44, 45, 47, 48, 51, 52, 54, 55, 56, 57, 58, 60, 62, 64, 65, 66, 67, 68, 69, 70, 71, 72, 73, 74, 75, 76, 77, 78, 79, 80, 83, 84, 87, 88, 89, 90, 91, 92, 93, 94, 95, 96, 97]
99: [1, 2, 6, 7, 8, 10, 12, 13, 14, 16, 19, 20, 22, 23, 24, 25, 27, 28, 30, 31, 32, 33, 34, 35, 36, 38, 39, 41, 43, 44, 45, 46, 51, 52, 53, 55, 56, 57, 58, 60, 61, 62, 64, 65, 66, 67, 68, 69, 70, 71, 72, 73, 74, 75, 76, 78, 79, 80, 82, 83, 84, 86, 88, 89, 90, 91, 92, 93, 94, 95, 96, 97, 98]
100: [1, 2, 5, 6, 7, 8, 10, 12, 13, 14, 16, 19, 20, 22, 23, 24, 25, 27, 28, 30, 31, 32, 33, 34, 35, 36, 37, 38, 39, 41, 43, 44, 45, 46, 47, 51, 52, 53, 55, 56, 57, 58, 60, 61, 62, 64, 65, 66, 67, 68, 69, 70, 71, 72, 73, 74, 75, 76, 78, 79, 80, 82, 83, 84, 86, 87, 88, 89, 90, 91, 92, 93, 94, 95, 96, 97, 98, 99]
101: [1, 2, 5, 6, 7, 8, 10, 12, 13, 14, 16, 19, 20, 22, 23, 24, 25, 27, 28, 30, 31, 32, 33, 34, 35, 36, 37, 38, 39, 41, 43, 44, 45, 46, 47, 51, 52, 53, 55, 57, 58, 60, 61, 62, 64, 65, 66, 67, 68, 69, 70, 71, 72, 73, 74, 75, 76, 78, 79, 80, 82, 83, 84, 86, 87, 88, 89, 90, 91, 92, 93, 94, 96, 97, 98, 99, 100]
102: [1, 2, 3, 5, 6, 7, 8, 10, 12, 13, 14, 16, 19, 20, 23, 24, 25, 27, 28, 29, 30, 31, 32, 33, 34, 35, 37, 38, 39, 41, 43, 44, 45, 46, 47, 48, 51, 52, 53, 54, 55, 56, 57, 58, 60, 61, 62, 64, 65, 66, 67, 68, 69, 70, 71, 72, 73, 74, 75, 76, 77, 78, 79, 80, 82, 83, 84, 87, 88, 89, 90, 91, 92, 93, 94, 96, 97, 98, 99, 100, 101]
103: [1, 2, 5, 6, 7, 8, 10, 12, 13, 14, 16, 19, 20, 23, 24, 27, 28, 29, 30, 31, 32, 33, 35, 37, 39, 41, 43, 44, 45, 47, 48, 51, 52, 53, 54, 55, 56, 57, 60, 62, 64, 65, 66, 67, 68, 69, 70, 71, 72, 73, 74, 75, 76, 78, 79, 80, 83, 84, 87, 88, 89, 90, 91, 92, 93, 94, 95, 96, 97, 98, 99, 100, 101, 102]
104: [3, 4, 5, 9, 11, 12, 15, 16, 17, 18, 21, 26, 29, 32, 33, 35, 37, 40, 42, 47, 48, 49, 50, 54, 59, 63, 77, 81, 85, 87]
105: [1, 2, 3, 5, 6, 7, 8, 10, 12, 13, 14, 16, 19, 20, 23, 24, 25, 27, 28, 30, 31, 32, 33, 34, 35, 37, 38, 39, 41, 42, 43, 44, 45, 46, 47, 48, 50, 51, 52, 53, 55, 57, 58, 61, 62, 63, 64, 65, 66, 67, 68, 69, 70, 71, 72, 73, 74, 75, 76, 78, 79, 80, 81, 82, 83, 84, 86, 87, 88, 89, 90, 91, 92, 93, 94, 96, 97, 98, 99, 100, 101, 102, 103]
106: [1, 2, 6, 8, 10, 13, 20, 23, 24, 25, 27, 28, 30, 31, 36, 38, 41, 43, 44, 45, 46, 52, 53, 55, 56, 57, 58, 60, 61, 62, 64, 66, 67, 68, 69, 70, 71, 72, 75, 76, 79, 82, 84, 86, 88, 89, 91, 92, 93, 94, 95, 96, 98, 99, 103]
107: [1, 2, 6, 7, 8, 10, 12, 13, 14, 16, 19, 20, 22, 23, 24, 25, 27, 28, 30, 31, 32, 33, 36, 38, 39, 41, 43, 44, 45, 46, 51, 52, 53, 55, 56, 57, 58, 60, 61, 62, 64, 65, 66, 67, 68, 69, 70, 71, 72, 73, 74, 75, 76, 78, 79, 80, 82, 83, 84, 86, 88, 89, 90, 91, 92, 93, 94, 95, 96, 97, 98, 99, 100, 101, 102, 103, 105, 106]
108: [1, 2, 3, 5, 6, 7, 8, 10, 12, 13, 14, 16, 19, 20, 22, 23, 24, 25, 27, 28, 30, 31, 32, 33, 34, 35, 36, 37, 38, 39, 41, 43, 44, 45, 46, 47, 48, 51, 52, 53, 55, 56, 57, 58, 60, 61, 62, 64, 65, 66, 67, 68, 69, 70, 71, 72, 73, 74, 75, 76, 78, 79, 80, 82, 83, 84, 86, 87, 88, 89, 90, 91, 92, 93, 94, 95, 96, 97, 98, 99, 100, 101, 102, 103, 105, 106, 107]
109: [1, 2, 3, 5, 6, 7, 8, 10, 12, 13, 14, 16, 19, 20, 23, 24, 25, 27, 28, 29, 30, 31, 32, 33, 34, 35, 37, 38, 39, 41, 43, 44, 45, 46, 47, 48, 51, 52, 53, 54, 55, 56, 57, 58, 60, 61, 62, 64, 65, 66, 67, 68, 69, 70, 71, 72, 73, 74, 75, 76, 77, 78, 79, 80, 82, 83, 84, 87, 88, 89, 90, 91, 92, 93, 94, 95, 96, 97, 98, 99, 100, 101, 102, 103, 105, 106, 107, 108]
110: [1, 2, 3, 5, 6, 7, 8, 10, 12, 13, 14, 16, 19, 20, 22, 23, 24, 25, 27, 28, 30, 31, 32, 33, 34, 35, 36, 37, 38, 39, 41, 43, 44, 45, 46, 47, 48, 51, 52, 53, 55, 56, 57, 58, 60, 61, 62, 64, 65, 66, 67, 68, 69, 70, 71, 72, 73, 74, 75, 76, 78, 79, 80, 82, 83, 84, 86, 87, 88, 89, 90, 91, 92, 93, 94, 95, 96, 97, 98, 99, 100, 101, 102, 103, 105, 106, 107, 108, 109]
111: [1, 2, 6, 7, 8, 10, 13, 14, 19, 20, 22, 23, 24, 25, 27, 28, 30, 31, 36, 38, 39, 41, 43, 44, 45, 46, 52, 53, 55, 56, 57, 58, 60, 61, 62, 64, 66, 67, 68, 69, 70, 71, 73, 74, 75, 76, 78, 79, 80, 82, 83, 84, 86, 88, 89, 90, 91, 92, 93, 94, 95, 96, 98, 99, 100, 101, 102, 103, 105, 106, 107, 108, 109, 110]
112: [1, 3, 4, 5, 9, 12, 15, 16, 18, 21, 26, 27, 29, 31, 32, 33, 35, 37, 40, 44, 47, 48, 49, 54, 55, 57, 59, 67, 72, 74, 77, 79, 80, 81, 87, 90, 98, 102, 103, 104, 105, 108, 109, 110]
113: [1, 2, 6, 7, 8, 10, 13, 14, 19, 20, 22, 23, 24, 25, 27, 28, 30, 31, 36, 38, 39, 41, 43, 44, 45, 46, 52, 53, 55, 56, 57, 58, 60, 61, 62, 64, 65, 66, 67, 68, 69, 70, 71, 73, 74, 75, 76, 78, 79, 80, 82, 83, 84, 86, 88, 89, 90, 91, 92, 93, 94, 95, 96, 97, 98, 99, 100, 101, 102, 103, 105, 106, 107, 108, 109, 110, 111]
114: [1, 2, 3, 5, 6, 7, 8, 10, 12, 13, 14, 16, 19, 20, 22, 23, 24, 25, 27, 28, 30, 31, 32, 33, 34, 35, 36, 37, 38, 39, 41, 43, 44, 45, 46, 47, 48, 51, 52, 53, 55, 56, 57, 58, 60, 61, 62, 64, 65, 66, 67, 68, 69, 70, 71, 72, 73, 74, 75, 76, 78, 79, 80, 82, 83, 84, 86, 87, 88, 89, 90, 91, 92, 93, 94, 95, 96, 97, 98, 99, 100, 101, 102, 103, 105, 107, 108, 109, 110, 111, 113]
115: [1, 2, 6, 7, 8, 10, 12, 13, 14, 16, 19, 20, 22, 23, 24, 25, 27, 28, 30, 31, 33, 36, 38, 39, 41, 43, 44, 45, 46, 51, 52, 53, 55, 56, 57, 58, 60, 61, 62, 64, 65, 66, 67, 68, 69, 70, 71, 72, 73, 74, 75, 76, 78, 79, 80, 82, 83, 84, 86, 88, 89, 90, 91, 92, 93, 94, 95, 96, 97, 98, 99, 100, 101, 102, 103, 105, 106, 107, 108, 109, 110, 111, 113, 114]
116: [1, 2, 6, 7, 8, 10, 13, 14, 19, 20, 22, 23, 24, 25, 27, 28, 30, 36, 38, 39, 41, 43, 45, 46, 52, 53, 55, 56, 57, 58, 60, 61, 62, 64, 65, 66, 67, 68, 69, 70, 71, 73, 74, 75, 76, 78, 79, 80, 82, 83, 84, 86, 88, 89, 90, 91, 92, 93, 94, 95, 96, 97, 99, 100, 101, 102, 105, 106, 107, 108, 109, 110, 111, 113, 114, 115]
117: [1, 2, 3, 5, 6, 7, 8, 9, 10, 12, 13, 14, 16, 19, 20, 23, 24, 25, 27, 28, 30, 31, 32, 33, 34, 35, 37, 38, 39, 41, 43, 44, 45, 46, 47, 48, 50, 51, 52, 53, 55, 57, 58, 61, 62, 63, 64, 65, 66, 67, 68, 69, 70, 71, 72, 73, 74, 75, 76, 78, 79, 80, 81, 82, 83, 84, 86, 87, 88, 89, 90, 91, 92, 93, 94, 96, 97, 98, 99, 100, 101, 102, 103, 105, 107, 108, 109, 110, 111, 112, 113, 114, 115, 116]
118: [2, 6, 7, 8, 10, 13, 14, 19, 20, 22, 23, 24, 25, 27, 28, 30, 36, 38, 39, 41, 43, 45, 46, 52, 53, 56, 58, 60, 61, 62, 64, 66, 67, 68, 69, 70, 71, 73, 74, 75, 76, 78, 79, 82, 83, 84, 86, 88, 89, 90, 91, 92, 93, 94, 95, 96, 99, 100, 101, 105, 107, 108, 110, 111, 113, 114, 115, 116, 117]
119: [1, 2, 5, 6, 8, 12, 13, 16, 19, 23, 27, 28, 29, 31, 32, 33, 35, 37, 39, 43, 44, 45, 47, 48, 52, 54, 55, 56, 57, 60, 62, 64, 65, 66, 67, 68, 70, 71, 72, 73, 74, 75, 76, 77, 78, 79, 80, 84, 87, 88, 89, 90, 91, 92, 95, 96, 97, 98, 99, 100, 101, 102, 103, 105, 106, 107, 108, 109, 110, 111, 112, 114, 115, 117]
120: [1, 3, 5, 6, 8, 12, 13, 15, 16, 19, 23, 27, 28, 29, 31, 32, 33, 35, 37, 39, 43, 44, 47, 48, 51, 52, 54, 55, 56, 57, 60, 62, 64, 65, 66, 67, 68, 70, 71, 72, 73, 74, 75, 76, 77, 78, 79, 80, 87, 88, 89, 90, 91, 92, 95, 96, 97, 98, 99, 100, 101, 102, 103, 105, 107, 108, 109, 110, 112, 114, 117, 119]
121: [1, 3, 5, 7, 8, 9, 11, 12, 14, 16, 17, 19, 21, 27, 28, 31, 32, 33, 34, 35, 37, 39, 42, 43, 47, 48, 49, 50, 51, 52, 59, 62, 63, 65, 66, 68, 73, 74, 76, 78, 79, 80, 81, 85, 87, 88, 90, 91, 92, 97, 98, 99, 100, 101, 102, 105, 108, 109, 110, 114, 115, 117, 120]
122: [1, 2, 6, 7, 8, 10, 12, 13, 14, 16, 19, 20, 22, 23, 24, 25, 27, 28, 30, 31, 32, 33, 36, 37, 38, 39, 41, 43, 44, 45, 46, 47, 52, 53, 55, 56, 57, 58, 60, 61, 62, 64, 65, 66, 67, 68, 69, 70, 71, 72, 73, 74, 75, 76, 78, 79, 80, 82, 83, 84, 86, 88, 89, 90, 91, 92, 93, 94, 95, 96, 97, 98, 99, 100, 101, 102, 103, 105, 106, 107, 108, 109, 110, 111, 113, 114, 115, 116, 117, 118, 119, 120]
123: [1, 2, 6, 7, 8, 10, 12, 13, 14, 16, 19, 20, 22, 23, 24, 25, 27, 28, 30, 31, 32, 33, 36, 38, 39, 41, 43, 44, 45, 46, 51, 52, 53, 55, 56, 57, 58, 60, 61, 62, 64, 65, 66, 67, 68, 69, 70, 71, 72, 73, 74, 75, 76, 78, 79, 80, 82, 83, 84, 86, 88, 89, 90, 91, 92, 93, 94, 95, 96, 97, 98, 99, 100, 101, 102, 103, 105, 106, 107, 108, 109, 110, 111, 113, 114, 115, 116, 117, 118, 119, 120, 122]
124: [3, 4, 5, 9, 11, 12, 15, 16, 17, 18, 21, 26, 29, 32, 33, 35, 37, 40, 42, 47, 48, 49, 50, 54, 59, 63, 77, 81, 85, 87, 104, 112]
125: [1, 2, 3, 5, 6, 7, 8, 10, 12, 13, 14, 16, 19, 20, 22, 23, 24, 25, 27, 28, 30, 31, 32, 33, 34, 35, 36, 37, 38, 39, 41, 43, 44, 45, 46, 47, 48, 51, 52, 53, 55, 57, 58, 61, 62, 63, 64, 65, 66, 67, 68, 69, 70, 71, 72, 73, 74, 75, 76, 78, 79, 80, 81, 82, 83, 84, 86, 87, 88, 89, 90, 91, 92, 93, 94, 96, 97, 98, 99, 100, 101, 102, 103, 105, 107, 108, 109, 110, 111, 113, 114, 115, 116, 117, 118, 119, 120, 121, 122, 123]
126: [1, 2, 6, 7, 8, 10, 12, 13, 14, 16, 19, 20, 22, 23, 24, 25, 27, 28, 30, 31, 33, 36, 38, 39, 41, 43, 44, 45, 46, 51, 52, 53, 55, 56, 57, 58, 60, 61, 62, 64, 65, 66, 67, 68, 69, 70, 71, 72, 73, 74, 75, 76, 78, 79, 80, 82, 83, 84, 86, 88, 89, 90, 91, 92, 93, 94, 95, 96, 97, 98, 99, 100, 101, 102, 103, 105, 106, 107, 108, 109, 110, 111, 113, 114, 115, 116, 117, 118, 119, 120, 122, 123, 125]
127: [1, 2, 6, 7, 8, 10, 13, 14, 19, 20, 22, 23, 24, 25, 27, 28, 30, 31, 36, 38, 39, 41, 43, 44, 45, 46, 52, 53, 55, 56, 57, 58, 60, 61, 62, 64, 65, 66, 67, 68, 69, 70, 71, 72, 73, 74, 75, 76, 78, 79, 80, 82, 83, 84, 86, 88, 89, 90, 91, 92, 93, 94, 95, 96, 97, 98, 99, 100, 101, 102, 103, 105, 106, 107, 108, 109, 110, 111, 113, 114, 115, 116, 117, 118, 119, 120, 122, 123, 125, 126]
128: [1, 2, 5, 6, 7, 8, 10, 12, 13, 14, 16, 19, 20, 22, 23, 24, 25, 27, 28, 30, 31, 32, 33, 34, 35, 36, 37, 38, 39, 41, 43, 44, 45, 46, 47, 48, 51, 52, 53, 55, 56, 57, 58, 60, 61, 62, 64, 65, 66, 67, 68, 69, 70, 71, 72, 73, 74, 75, 76, 78, 79, 80, 82, 83, 84, 86, 87, 88, 89, 90, 91, 92, 93, 94, 95, 96, 97, 98, 99, 100, 101, 102, 103, 105, 106, 107, 108, 109, 110, 111, 113, 114, 115, 116, 117, 118, 119, 120, 121, 122, 123, 125, 126, 127]