[METADATA]
File: miles750.col
Description: Translated from Stanford GraphBase File: miles750.gb Stanford GraphBase ID: miles(128,0,0,0,750,127,0)

[GCP_DATA_INFO]
Type: GCP, Graph Coloring Problem
Node: 128
Edge: 4226

[ADJACENCY_List]
4: [3]
5: [3, 4]
6: [2]
7: [2]
8: [2, 7]
9: [3, 4, 5]
10: [2, 6, 8]
11: [3]
12: [1, 5]
13: [2, 6, 10]
14: [7, 8]
15: [4, 9]
16: [3, 5, 12]
17: [11]
18: [3, 4, 9, 15]
19: [7, 8, 14]
20: [2, 7, 8, 10]
21: [3, 4, 5, 9, 15, 18]
22: [2, 10, 20]
23: [2, 6, 13]
24: [2, 10, 13, 20, 22]
25: [2, 7, 10, 20, 22, 24]
26: [3, 4, 9, 15, 18, 21]
27: [1, 7, 8, 14, 19]
28: [2, 7, 8, 10, 14, 19, 20, 24, 25, 27]
29: [4, 5, 9, 15, 18, 21, 26]
30: [2, 10, 13, 20, 22, 24, 25, 28]
31: [1, 12, 27]
32: [1, 3, 5, 12, 16, 31]
33: [1, 5, 12, 16, 31, 32]
35: [3, 5, 12, 16, 32, 33, 34]
36: [2, 10, 20, 22, 24, 25, 28, 30]
37: [1, 5, 12, 16, 31, 32, 33]
38: [2, 10, 20, 22, 24, 25, 28, 30, 36]
39: [7, 8, 14, 19, 27, 28, 33]
40: [4, 9, 15, 18, 21, 26, 29]
41: [2, 6, 10, 13, 20, 22, 24, 25, 28, 30, 36, 38]
42: [3, 9, 11, 17, 21]
43: [7, 8, 14, 19, 20, 27, 28, 39]
44: [1, 12, 31, 37]
45: [2, 7, 8, 10, 13, 14, 20, 22, 24, 25, 27, 28, 30, 36, 38, 41, 43]
46: [2, 7, 10, 20, 22, 24, 25, 28, 30, 36, 38, 41, 45]
47: [1, 12, 16, 31, 32, 33, 37, 44]
48: [3, 4, 5, 9, 12, 15, 16, 21, 29, 32, 33, 35, 37]
49: [3, 4, 9, 11, 15, 17, 18, 21, 26, 29, 40, 42]
50: [3, 11, 17, 42, 49]
51: [19, 34, 39]
52: [2, 7, 8, 10, 14, 19, 20, 22, 24, 25, 27, 28, 30, 36, 38, 39, 41, 43, 45, 46]
53: [2, 10, 20, 22, 24, 25, 28, 30, 36, 38, 41, 45, 46, 52]
54: [4, 9, 15, 18, 21, 26, 29, 40, 48, 49]
55: [1, 12, 23, 27, 31, 44, 47]
56: [6, 13, 23]
57: [1, 23, 27, 31, 44, 47, 55]
58: [2, 7, 8, 10, 20, 22, 24, 25, 28, 30, 36, 38, 41, 45, 46, 52, 53]
59: [3, 4, 9, 11, 17, 18, 21, 26, 40, 42, 49, 50]
60: [2, 6, 13, 23, 56]
61: [2, 10, 20, 22, 24, 25, 28, 30, 36, 38, 41, 45, 46, 52, 53, 58]
62: [2, 7, 8, 10, 14, 19, 20, 24, 25, 27, 28, 30, 38, 39, 43, 45, 46, 52, 53, 58]
63: [3, 5, 11, 17, 35, 42, 49, 50, 59]
64: [1, 2, 6, 8, 13, 23, 27, 28, 31, 43, 44, 52, 55, 56, 57, 60, 62]
65: [8, 14, 16, 19, 33, 34, 35, 39, 43, 51]
66: [2, 7, 8, 10, 14, 19, 20, 22, 24, 25, 27, 28, 30, 36, 38, 39, 41, 43, 45, 46, 52, 53, 58, 61, 62]
67: [1, 6, 13, 23, 27, 31, 44, 55, 56, 57, 60, 64]
68: [2, 7, 8, 10, 14, 19, 20, 24, 25, 27, 28, 30, 38, 39, 41, 43, 45, 46, 52, 53, 58, 61, 62, 64, 66, 67]
69: [2, 7, 8, 10, 14, 20, 22, 24, 25, 27, 28, 30, 36, 38, 41, 43, 45, 46, 52, 53, 58, 61, 62, 66, 68]
70: [1, 2, 6, 13, 23, 27, 44, 55, 56, 57, 60, 64, 67, 68]
71: [2, 6, 10, 13, 23, 24, 41, 45, 56, 60, 64, 67, 68, 70]
72: [1, 31, 37, 44, 47, 55, 57, 67]
73: [7, 8, 14, 19, 27, 28, 39, 43, 45, 51, 52, 62, 65, 66, 68, 69]
74: [1, 8, 12, 16, 19, 27, 28, 31, 32, 33, 35, 39, 43, 51, 62, 65, 68, 73]
75: [2, 6, 8, 10, 13, 20, 23, 24, 25, 27, 28, 30, 36, 38, 41, 45, 46, 52, 53, 58, 60, 61, 62, 64, 66, 68, 69, 70, 71]
76: [1, 2, 6, 7, 8, 10, 13, 14, 19, 20, 23, 27, 28, 30, 39, 43, 45, 52, 55, 57, 62, 64, 66, 67, 68, 69, 70, 71, 73, 74, 75]
77: [4, 5, 9, 15, 18, 21, 26, 29, 40, 48, 49, 54]
78: [7, 8, 14, 19, 27, 28, 33, 39, 43, 51, 52, 62, 65, 68, 73, 74, 76]
79: [1, 8, 12, 16, 19, 27, 28, 31, 32, 33, 39, 43, 44, 52, 55, 57, 62, 64, 65, 67, 68, 73, 74, 76, 78]
80: [1, 12, 16, 27, 31, 32, 33, 37, 39, 43, 44, 47, 55, 57, 64, 67, 72, 74, 76, 78, 79]
81: [3, 5, 9, 11, 17, 21, 42, 49, 50, 59, 63]
82: [2, 10, 20, 22, 24, 25, 28, 30, 36, 38, 41, 45, 46, 52, 53, 58, 61, 62, 66, 68, 69, 75]
83: [2, 7, 8, 10, 14, 20, 22, 24, 25, 27, 28, 30, 36, 38, 41, 43, 45, 46, 52, 53, 58, 61, 62, 66, 68, 69, 73, 75, 76, 82]
84: [2, 6, 10, 13, 20, 23, 24, 25, 30, 38, 41, 45, 52, 53, 56, 58, 60, 61, 64, 66, 68, 69, 70, 71, 75, 82]
85: [3, 9, 11, 17, 42, 49, 50, 59, 63, 81]
86: [2, 10, 20, 22, 24, 25, 28, 30, 36, 38, 41, 45, 46, 52, 53, 58, 61, 66, 69, 75, 82, 83, 84]
87: [3, 5, 9, 12, 16, 32, 33, 35, 37, 48]
88: [1, 2, 7, 8, 10, 14, 19, 20, 24, 27, 28, 30, 39, 43, 45, 52, 53, 55, 57, 58, 62, 64, 66, 67, 68, 69, 70, 71, 73, 74, 75, 76, 78, 79, 80, 83]
89: [2, 6, 13, 23, 56, 57, 60, 64, 67, 70, 71, 75, 76, 84]
90: [1, 8, 12, 16, 19, 27, 31, 32, 33, 39, 43, 44, 55, 57, 62, 64, 65, 67, 68, 73, 74, 76, 78, 79, 80, 88]
91: [2, 7, 8, 10, 14, 19, 20, 24, 25, 27, 28, 30, 38, 39, 43, 45, 46, 52, 53, 58, 62, 64, 66, 68, 69, 73, 74, 75, 76, 78, 79, 83, 88, 90]
92: [2, 7, 8, 10, 14, 19, 20, 24, 25, 27, 28, 30, 38, 39, 41, 43, 45, 46, 52, 53, 58, 61, 62, 64, 66, 68, 69, 70, 71, 73, 75, 76, 78, 79, 82, 83, 84, 86, 88, 90, 91]
93: [2, 6, 10, 13, 20, 22, 24, 25, 28, 30, 36, 38, 41, 45, 46, 52, 53, 58, 60, 61, 62, 66, 68, 69, 71, 75, 76, 82, 83, 84, 86, 88, 89, 91, 92]
94: [2, 7, 8, 10, 14, 20, 22, 24, 25, 28, 30, 36, 38, 41, 43, 45, 46, 52, 53, 58, 61, 62, 66, 68, 69, 75, 76, 82, 83, 84, 86, 88, 91, 92, 93]
95: [6, 13, 23, 56, 60, 70, 71, 84, 89]
96: [2, 6, 10, 13, 20, 23, 24, 28, 30, 38, 41, 45, 52, 53, 56, 60, 64, 66, 67, 68, 69, 70, 71, 75, 76, 84, 88, 89, 92, 93, 95]
97: [8, 14, 16, 19, 27, 33, 34, 35, 39, 43, 51, 62, 65, 73, 74, 78, 79, 80, 90, 91]
98: [1, 12, 27, 31, 32, 37, 44, 47, 55, 57, 64, 67, 70, 72, 74, 79, 80, 90]
99: [2, 7, 8, 10, 14, 19, 20, 24, 25, 27, 28, 30, 38, 39, 41, 43, 45, 46, 52, 53, 58, 62, 66, 68, 69, 73, 75, 76, 78, 79, 82, 83, 88, 91, 92, 93, 94]
100: [7, 8, 14, 19, 27, 28, 39, 43, 45, 51, 52, 62, 64, 65, 66, 68, 69, 73, 74, 76, 78, 79, 80, 83, 88, 90, 91, 92, 97, 99]
101: [7, 8, 14, 19, 27, 28, 39, 43, 51, 52, 62, 65, 66, 68, 73, 74, 76, 78, 79, 88, 90, 91, 92, 97, 99, 100]
102: [1, 8, 12, 16, 27, 31, 32, 33, 37, 39, 43, 44, 47, 55, 57, 65, 68, 72, 74, 76, 78, 79, 80, 88, 90, 97, 98, 100]
103: [1, 12, 27, 31, 37, 44, 47, 55, 57, 64, 67, 70, 72, 79, 80, 90, 98, 102]
104: [3, 4, 5, 9, 11, 15, 18, 21, 26, 29, 40, 42, 49, 50, 54, 59, 63, 77, 81, 85]
105: [1, 8, 16, 19, 27, 33, 35, 39, 43, 51, 62, 65, 73, 74, 76, 78, 79, 80, 88, 90, 91, 97, 100, 101, 102]
106: [6, 13, 23, 56, 60, 70, 71, 84, 89, 95, 96]
107: [2, 6, 7, 8, 10, 13, 20, 23, 24, 25, 27, 28, 30, 38, 41, 43, 45, 46, 52, 53, 58, 60, 61, 62, 64, 66, 68, 69, 70, 71, 75, 76, 83, 84, 88, 89, 91, 92, 93, 94, 96, 99, 100]
108: [1, 8, 12, 19, 27, 28, 31, 33, 39, 43, 44, 52, 55, 57, 62, 64, 67, 68, 70, 72, 73, 74, 76, 78, 79, 80, 88, 90, 91, 92, 97, 98, 100, 102, 103, 105]
109: [1, 12, 27, 31, 32, 33, 37, 39, 43, 44, 47, 55, 57, 64, 67, 68, 70, 72, 74, 76, 78, 79, 80, 88, 90, 97, 98, 102, 103, 105, 108]
110: [1, 7, 8, 12, 16, 19, 27, 28, 31, 33, 39, 43, 44, 52, 55, 57, 62, 64, 66, 67, 68, 70, 73, 74, 76, 78, 79, 80, 88, 90, 91, 92, 97, 98, 99, 100, 101, 102, 103, 105, 107, 108, 109]
111: [2, 6, 10, 13, 20, 23, 24, 25, 28, 30, 36, 38, 41, 45, 46, 52, 53, 56, 58, 60, 61, 66, 68, 69, 70, 71, 75, 76, 82, 83, 84, 86, 89, 92, 93, 94, 96, 107]
112: [12, 15, 29, 32, 37, 47, 48, 54, 77]
113: [2, 6, 7, 8, 10, 13, 20, 22, 24, 25, 27, 28, 30, 36, 38, 41, 43, 45, 46, 52, 53, 58, 61, 62, 66, 68, 69, 71, 75, 76, 82, 83, 84, 86, 88, 91, 92, 93, 94, 96, 99, 107, 111]
114: [1, 7, 8, 14, 16, 19, 27, 28, 33, 39, 43, 51, 52, 62, 64, 65, 66, 68, 73, 74, 76, 78, 79, 80, 88, 90, 91, 92, 97, 99, 100, 101, 102, 105, 108, 109, 110]
115: [2, 7, 8, 10, 14, 19, 20, 22, 24, 25, 27, 28, 30, 36, 38, 41, 43, 45, 46, 52, 53, 58, 61, 62, 66, 68, 69, 73, 75, 76, 82, 83, 84, 86, 88, 91, 92, 93, 94, 96, 99, 100, 101, 107, 111, 113, 114]
116: [2, 10, 20, 22, 24, 25, 28, 30, 36, 38, 41, 45, 46, 52, 53, 58, 61, 62, 66, 68, 69, 75, 82, 83, 84, 86, 88, 91, 92, 93, 94, 96, 99, 107, 111, 113, 115]
117: [1, 8, 12, 16, 19, 27, 31, 32, 33, 35, 39, 43, 51, 62, 65, 73, 74, 76, 78, 79, 80, 88, 90, 91, 97, 100, 101, 102, 105, 108, 109, 110, 114]
118: [2, 10, 20, 22, 24, 25, 28, 30, 36, 38, 41, 45, 46, 52, 53, 58, 61, 66, 69, 75, 82, 83, 86, 92, 93, 94, 99, 111, 113, 115, 116]
119: [1, 31, 44, 47, 55, 57, 64, 67, 72, 80, 98, 103, 109]
120: [1, 12, 31, 32, 33, 37, 44, 47, 55, 57, 67, 72, 80, 90, 98, 102, 103, 108, 109, 112, 119]
121: [16, 33, 34, 35, 39, 51, 65, 74, 78, 97, 105, 117]
122: [1, 2, 6, 8, 13, 23, 27, 31, 43, 44, 55, 56, 57, 60, 62, 64, 67, 68, 70, 71, 75, 76, 84, 88, 89, 91, 92, 95, 96, 98, 103, 107, 108, 109, 110, 111, 119]
123: [2, 7, 8, 10, 13, 14, 19, 20, 22, 24, 25, 27, 28, 30, 36, 38, 41, 43, 45, 46, 52, 53, 58, 61, 62, 64, 66, 68, 69, 71, 73, 75, 76, 82, 83, 84, 86, 88, 91, 92, 93, 94, 96, 99, 100, 107, 110, 111, 113, 114, 115, 116, 118]
124: [3, 4, 9, 15, 18, 21, 26, 29, 40, 49, 54, 59, 77, 104]
125: [7, 8, 14, 16, 19, 27, 28, 33, 34, 39, 43, 51, 62, 65, 68, 73, 74, 76, 78, 79, 80, 88, 90, 91, 97, 100, 101, 102, 105, 108, 110, 114, 117, 121]
126: [2, 7, 8, 10, 14, 19, 20, 22, 24, 25, 27, 28, 30, 36, 38, 41, 43, 45, 46, 52, 53, 58, 61, 62, 66, 68, 69, 71, 73, 75, 76, 82, 83, 84, 86, 88, 91, 92, 93, 94, 96, 99, 100, 107, 110, 111, 113, 114, 115, 116, 118, 123]
127: [2, 6, 10, 13, 20, 23, 24, 25, 27, 28, 30, 36, 38, 41, 45, 46, 52, 53, 56, 58, 60, 61, 62, 64, 66, 68, 69, 70, 71, 75, 76, 82, 83, 84, 86, 88, 89, 91, 92, 93, 94, 95, 96, 99, 107, 111, 113, 115, 116, 122, 123, 126]
128: [1, 2, 7, 8, 14, 19, 20, 27, 28, 39, 43, 45, 52, 55, 57, 62, 64, 66, 67, 68, 69, 70, 73, 74, 75, 76, 78, 79, 80, 83, 88, 90, 91, 92, 94, 97, 98, 99, 100, 101, 102, 105, 107, 108, 109, 110, 113, 114, 115, 117, 122, 123, 125, 126]