[METADATA]
File: miles500.col
Description: Translated from Stanford GraphBase File: miles500.gb Stanford GraphBase ID: miles(128,0,0,0,500,127,0)

[GCP_DATA_INFO]
Type: GCP, Graph Coloring Problem
Node: 128
Edge: 2340

[ADJACENCY_List]
5: [3]
8: [7]
9: [3, 4]
10: [2]
13: [6]
14: [7, 8]
15: [4]
16: [12]
17: [11]
18: [4, 9, 15]
19: [7, 8, 14]
20: [2, 10]
21: [4, 9, 15, 18]
22: [20]
23: [6, 13]
24: [2, 10, 20, 22]
25: [2, 10, 20, 22, 24]
26: [4, 9, 15, 18, 21]
27: [8]
28: [2, 7, 8, 10, 14, 20, 27]
29: [4, 9, 15, 21, 26]
30: [2, 10, 20, 22, 24, 25, 28]
31: [1, 12]
32: [5, 12, 16]
33: [12, 16, 32]
35: [16, 33]
36: [10, 20, 22, 24, 25, 30]
37: [12, 32, 33]
38: [2, 10, 20, 22, 24, 25, 30, 36]
39: [8, 19, 27]
40: [4, 9, 15, 18, 21, 26, 29]
41: [2, 10, 20, 24, 25, 30, 36, 38]
42: [11, 17]
43: [7, 8, 14, 19, 27, 28, 39]
44: [1, 31]
45: [2, 10, 20, 24, 25, 28, 30, 38, 41]
46: [10, 20, 22, 24, 25, 30, 36, 38, 41, 45]
47: [12, 31, 32, 37]
48: [3, 5, 32]
49: [4, 9, 18, 21, 26, 40]
50: [11, 17, 42]
51: [34]
52: [2, 7, 8, 10, 14, 20, 24, 25, 27, 28, 30, 43, 45, 46]
53: [2, 10, 20, 22, 24, 25, 28, 30, 36, 38, 41, 45, 46, 52]
54: [4, 15, 26, 29, 40]
55: [1, 31, 44]
56: [6, 13, 23]
57: [1, 31, 44, 55]
58: [2, 10, 20, 22, 24, 25, 28, 30, 36, 38, 41, 45, 46, 52, 53]
59: [11, 17, 42, 49, 50]
60: [6, 13, 23, 56]
61: [2, 10, 20, 22, 24, 25, 30, 36, 38, 41, 45, 46, 53, 58]
62: [7, 8, 14, 19, 27, 28, 39, 43, 45, 52]
63: [11, 17, 42, 50, 59]
64: [23, 27, 55, 57]
65: [19, 34, 39, 51]
66: [2, 7, 8, 10, 20, 24, 25, 28, 30, 38, 41, 43, 45, 46, 52, 53, 58, 62]
67: [1, 23, 44, 55, 57, 64]
68: [2, 7, 8, 20, 27, 28, 43, 45, 52, 62, 66]
69: [2, 10, 20, 24, 25, 28, 30, 36, 38, 41, 45, 46, 52, 53, 58, 61, 62, 66, 68]
70: [6, 13, 23, 55, 57, 60, 64, 67]
71: [6, 13, 23, 56, 60, 64, 70]
72: [1, 31, 44, 55, 57]
73: [7, 8, 14, 19, 27, 28, 39, 43, 62, 68]
74: [8, 16, 19, 33, 39, 43, 65, 73]
75: [2, 10, 13, 20, 24, 28, 30, 38, 41, 45, 52, 53, 66, 68, 69, 71]
76: [8, 27, 28, 43, 45, 52, 62, 64, 66, 68, 73]
77: [4, 15, 18, 21, 26, 29, 40, 54]
78: [8, 19, 39, 43, 51, 65, 73, 74]
79: [1, 27, 39, 43, 74, 76, 78]
80: [1, 12, 27, 31, 33, 44, 55, 74, 79]
81: [3, 11, 17, 42, 49, 50, 59, 63]
82: [2, 10, 20, 22, 24, 25, 30, 36, 38, 41, 45, 46, 53, 58, 61, 66, 69]
83: [7, 20, 22, 24, 25, 28, 30, 38, 45, 46, 52, 53, 58, 61, 62, 66, 68, 69, 82]
84: [2, 6, 10, 13, 24, 30, 41, 60, 71, 75]
85: [11, 17, 42, 50, 59, 63, 81]
86: [10, 20, 22, 24, 25, 30, 36, 38, 41, 46, 53, 58, 61, 69, 82, 83]
87: [3, 5, 16, 32, 33, 35, 48]
88: [7, 8, 19, 27, 28, 43, 45, 52, 62, 64, 66, 68, 73, 76, 79]
89: [6, 13, 23, 56, 60, 64, 70, 71, 84]
90: [1, 27, 31, 33, 39, 74, 76, 79, 80, 88]
91: [7, 8, 14, 19, 27, 28, 39, 43, 45, 52, 62, 66, 68, 69, 73, 76, 83, 88]
92: [2, 7, 8, 10, 20, 27, 28, 30, 43, 45, 52, 62, 66, 68, 69, 75, 76, 83, 88, 91]
93: [2, 10, 13, 20, 24, 25, 30, 38, 41, 45, 53, 58, 61, 66, 69, 75, 82, 84, 86]
94: [2, 10, 20, 22, 24, 25, 28, 30, 36, 38, 41, 45, 46, 52, 53, 58, 61, 66, 68, 69, 82, 83, 86, 92, 93]
95: [6, 13, 23, 56, 60, 71, 89]
96: [2, 6, 10, 13, 23, 41, 60, 70, 71, 75, 84, 89, 93]
97: [19, 39, 51, 65, 73, 74, 78, 79, 90]
98: [1, 31, 44, 55, 57, 67, 72, 79, 80, 90]
99: [7, 8, 14, 28, 43, 45, 52, 62, 66, 68, 69, 76, 83, 88, 91, 92, 94]
100: [8, 14, 19, 27, 28, 39, 43, 52, 62, 68, 73, 74, 76, 78, 79, 88, 91, 92, 97, 99]
101: [7, 8, 14, 19, 39, 43, 62, 65, 73, 74, 78, 91, 97, 100]
102: [1, 12, 16, 27, 31, 33, 74, 79, 80, 90, 97, 98]
103: [1, 31, 44, 55, 57, 64, 67, 72, 80, 98]
104: [4, 9, 18, 21, 26, 40, 49, 59]
105: [19, 39, 43, 51, 65, 73, 74, 78, 79, 80, 90, 97, 100, 101, 102]
106: [6, 13, 23, 56, 60, 71, 89, 95]
107: [2, 10, 28, 45, 52, 62, 66, 68, 69, 71, 75, 76, 84, 88, 91, 92, 93, 96, 99]
108: [1, 27, 31, 55, 57, 64, 67, 74, 76, 79, 80, 88, 90, 98, 102, 103]
109: [1, 27, 31, 44, 55, 57, 74, 79, 80, 90, 98, 102, 103, 108]
110: [1, 8, 27, 39, 43, 55, 64, 68, 74, 76, 78, 79, 80, 88, 90, 98, 102, 105, 108, 109]
111: [2, 6, 10, 13, 20, 24, 30, 38, 41, 45, 53, 71, 75, 84, 93, 96, 107]
112: [29, 47, 54]
113: [2, 10, 20, 24, 25, 28, 30, 36, 38, 41, 45, 46, 52, 53, 58, 61, 66, 68, 69, 75, 82, 83, 84, 86, 92, 93, 94, 96, 107, 111]
114: [8, 19, 27, 39, 43, 62, 65, 73, 74, 76, 78, 79, 88, 90, 91, 97, 100, 101, 102, 105, 108, 110]
115: [2, 7, 8, 10, 20, 24, 25, 28, 30, 38, 41, 43, 45, 46, 52, 53, 58, 62, 66, 68, 69, 75, 76, 82, 83, 88, 91, 92, 93, 94, 99, 107, 113]
116: [2, 10, 20, 22, 24, 25, 30, 36, 38, 41, 45, 46, 52, 53, 58, 61, 66, 69, 75, 82, 83, 86, 93, 94, 111, 113, 115]
117: [16, 33, 39, 43, 65, 74, 78, 79, 80, 90, 97, 100, 102, 105, 110, 114]
118: [10, 20, 22, 24, 25, 30, 36, 38, 41, 46, 53, 58, 61, 69, 82, 83, 86, 94, 113, 116]
119: [31, 44, 55, 57, 72, 98, 103]
120: [1, 31, 44, 47, 55, 57, 72, 98, 103, 119]
121: [34, 51, 65]
122: [6, 13, 23, 27, 55, 57, 64, 67, 70, 71, 76, 89, 96]
123: [2, 7, 8, 10, 20, 24, 25, 28, 30, 38, 41, 45, 46, 52, 53, 58, 62, 66, 68, 69, 75, 76, 83, 88, 91, 92, 93, 94, 99, 107, 111, 113, 115, 116]
124: [4, 9, 15, 18, 21, 26, 29, 40, 49, 77, 104]
125: [8, 19, 39, 43, 51, 65, 73, 74, 78, 79, 97, 100, 101, 105, 114, 117]
126: [2, 7, 8, 10, 20, 24, 25, 28, 30, 38, 41, 45, 46, 52, 53, 58, 61, 62, 66, 68, 69, 75, 76, 82, 83, 88, 91, 92, 93, 94, 99, 107, 111, 113, 115, 116, 123]
127: [2, 6, 10, 13, 20, 24, 30, 38, 41, 45, 68, 71, 75, 84, 89, 92, 93, 96, 107, 111, 113, 115, 123, 126]
128: [7, 8, 19, 27, 28, 39, 43, 52, 62, 64, 68, 73, 74, 76, 78, 79, 88, 90, 91, 92, 99, 100, 101, 102, 108, 110, 114, 123]