[METADATA]
File: miles1000.col
Description: Translated from Stanford GraphBase File: miles1000.gb Stanford GraphBase ID: miles(128,0,0,0,1000,127,0)

[GCP_DATA_INFO]
Type: GCP, Graph Coloring Problem
Node: 128
Edge: 6432

[ADJACENCY_List]
4: [3]
5: [3, 4]
6: [2]
7: [2]
8: [1, 2, 6, 7]
9: [3, 4, 5]
10: [2, 6, 7, 8]
11: [3, 4, 5, 9]
12: [1, 3, 5]
13: [2, 6, 8, 10]
14: [2, 7, 8, 10]
15: [3, 4, 5, 9]
16: [1, 3, 5, 8, 12]
17: [3, 4, 9, 11]
18: [3, 4, 5, 9, 11, 15]
19: [1, 2, 7, 8, 10, 14, 16]
20: [2, 6, 7, 8, 10, 13, 14, 19]
21: [3, 4, 5, 9, 11, 15, 17, 18]
22: [2, 7, 10, 20]
23: [1, 2, 6, 10, 13]
24: [2, 6, 7, 8, 10, 13, 14, 20, 22, 23]
25: [2, 7, 8, 10, 13, 14, 20, 22, 24]
26: [3, 4, 5, 9, 11, 15, 18, 21]
27: [1, 2, 6, 7, 8, 10, 12, 13, 14, 16, 19, 20, 23, 24, 25]
28: [1, 2, 6, 7, 8, 10, 13, 14, 19, 20, 22, 23, 24, 25, 27]
29: [3, 4, 5, 9, 12, 15, 18, 21, 26]
30: [2, 6, 7, 8, 10, 13, 14, 19, 20, 22, 24, 25, 27, 28]
31: [1, 12, 16, 27]
32: [1, 3, 5, 12, 16, 27, 29, 31]
33: [1, 3, 5, 8, 12, 16, 19, 27, 31, 32]
34: [3, 16, 19, 33]
35: [3, 5, 11, 12, 16, 32, 33, 34]
36: [2, 7, 8, 10, 20, 22, 24, 25, 28, 30]
37: [1, 3, 5, 12, 15, 16, 29, 31, 32, 33, 35]
38: [2, 6, 7, 8, 10, 13, 14, 20, 22, 24, 25, 27, 28, 30, 36]
39: [1, 7, 8, 12, 14, 16, 19, 20, 27, 28, 31, 32, 33, 34, 35]
40: [3, 4, 5, 9, 11, 15, 18, 21, 26, 29]
41: [2, 6, 7, 8, 10, 13, 20, 22, 23, 24, 25, 27, 28, 30, 36, 38]
42: [3, 4, 5, 9, 11, 17, 18, 21, 26, 35, 40]
43: [1, 2, 7, 8, 10, 14, 16, 19, 20, 24, 25, 27, 28, 30, 31, 33, 38, 39, 41]
44: [1, 12, 16, 23, 27, 31, 32, 33, 37]
45: [2, 6, 7, 8, 10, 13, 14, 19, 20, 22, 23, 24, 25, 27, 28, 30, 36, 38, 39, 41, 43]
46: [2, 7, 8, 10, 14, 20, 22, 24, 25, 27, 28, 30, 36, 38, 41, 43, 45]
47: [1, 5, 12, 16, 29, 31, 32, 33, 35, 37, 44]
48: [3, 4, 5, 9, 12, 15, 16, 18, 21, 26, 29, 32, 33, 35, 37, 40, 42, 47]
49: [3, 4, 5, 9, 11, 15, 17, 18, 21, 26, 29, 40, 42, 48]
50: [3, 4, 5, 9, 11, 17, 18, 21, 26, 34, 35, 42, 49]
51: [7, 8, 14, 16, 19, 33, 34, 35, 39, 43]
52: [2, 6, 7, 8, 10, 13, 14, 19, 20, 22, 23, 24, 25, 27, 28, 30, 36, 38, 39, 41, 43, 45, 46]
53: [2, 6, 7, 8, 10, 13, 14, 20, 22, 24, 25, 27, 28, 30, 36, 38, 41, 43, 45, 46, 52]
54: [3, 4, 5, 9, 15, 18, 21, 26, 29, 37, 40, 47, 48, 49]
55: [1, 6, 8, 12, 13, 23, 27, 28, 31, 32, 33, 37, 39, 43, 44, 47, 52]
56: [2, 6, 10, 13, 23, 41, 55]
57: [1, 6, 8, 12, 13, 23, 27, 31, 32, 33, 37, 39, 43, 44, 47, 55, 56]
58: [2, 7, 8, 10, 13, 14, 19, 20, 22, 24, 25, 27, 28, 30, 36, 38, 41, 43, 45, 46, 52, 53]
59: [3, 4, 5, 9, 11, 15, 17, 18, 21, 26, 29, 40, 42, 49, 50]
60: [2, 6, 10, 13, 23, 24, 27, 30, 38, 41, 45, 55, 56, 57]
61: [2, 7, 8, 10, 13, 20, 22, 24, 25, 28, 30, 36, 38, 41, 45, 46, 52, 53, 58]
62: [1, 2, 6, 7, 8, 10, 13, 14, 19, 20, 22, 23, 24, 25, 27, 28, 30, 33, 36, 38, 39, 41, 43, 45, 46, 51, 52, 53, 55, 57, 58, 61]
63: [3, 4, 5, 9, 11, 17, 18, 21, 26, 34, 35, 42, 48, 49, 50, 59]
64: [1, 2, 6, 7, 8, 10, 13, 19, 20, 23, 24, 27, 28, 30, 31, 39, 43, 44, 45, 52, 55, 56, 57, 60, 62]
65: [1, 7, 8, 14, 16, 19, 27, 28, 32, 33, 34, 35, 39, 43, 51, 62]
66: [2, 6, 7, 8, 10, 13, 14, 19, 20, 22, 23, 24, 25, 27, 28, 30, 36, 38, 39, 41, 43, 45, 46, 52, 53, 58, 61, 62, 64]
67: [1, 2, 6, 8, 12, 13, 19, 23, 27, 28, 31, 43, 44, 47, 52, 55, 56, 57, 60, 62, 64, 66]
68: [1, 2, 6, 7, 8, 10, 13, 14, 19, 20, 22, 23, 24, 25, 27, 28, 30, 36, 38, 39, 41, 43, 45, 46, 52, 53, 55, 57, 58, 60, 61, 62, 64, 65, 66, 67]
69: [2, 6, 7, 8, 10, 13, 14, 19, 20, 22, 24, 25, 27, 28, 30, 36, 38, 39, 41, 43, 45, 46, 52, 53, 58, 61, 62, 64, 66, 68]
70: [1, 2, 6, 8, 10, 13, 23, 24, 27, 28, 30, 31, 41, 43, 44, 45, 52, 55, 56, 57, 60, 62, 64, 66, 67, 68, 69]
71: [2, 6, 8, 10, 13, 20, 23, 24, 25, 27, 28, 30, 38, 41, 43, 44, 45, 52, 53, 55, 56, 57, 58, 60, 61, 62, 64, 66, 67, 68, 69, 70]
72: [1, 12, 23, 27, 31, 32, 33, 37, 44, 47, 55, 57, 64, 67, 70]
73: [1, 2, 7, 8, 10, 14, 16, 19, 20, 24, 25, 27, 28, 30, 33, 34, 39, 43, 45, 46, 51, 52, 53, 55, 58, 62, 64, 65, 66, 67, 68, 69]
74: [1, 5, 7, 8, 12, 14, 16, 19, 27, 28, 31, 32, 33, 34, 35, 37, 39, 43, 44, 45, 47, 51, 52, 55, 57, 62, 64, 65, 66, 67, 68, 69, 73]
75: [2, 6, 7, 8, 10, 13, 14, 19, 20, 22, 23, 24, 25, 27, 28, 30, 36, 38, 41, 43, 45, 46, 52, 53, 55, 56, 58, 60, 61, 62, 64, 66, 67, 68, 69, 70, 71, 73]
76: [1, 2, 6, 7, 8, 10, 13, 14, 19, 20, 23, 24, 25, 27, 28, 30, 31, 33, 38, 39, 41, 43, 44, 45, 46, 52, 53, 55, 56, 57, 58, 60, 61, 62, 64, 65, 66, 67, 68, 69, 70, 71, 73, 74, 75]
77: [3, 4, 5, 9, 15, 18, 21, 26, 29, 37, 40, 47, 48, 49, 54, 59]
78: [1, 7, 8, 12, 14, 16, 19, 27, 28, 31, 33, 34, 35, 39, 43, 45, 51, 52, 55, 62, 64, 65, 66, 68, 69, 73, 74, 76]
79: [1, 7, 8, 12, 14, 16, 19, 27, 28, 31, 32, 33, 35, 37, 39, 43, 44, 45, 47, 51, 52, 55, 57, 62, 64, 65, 66, 67, 68, 69, 70, 72, 73, 74, 75, 76, 78]
80: [1, 8, 12, 16, 19, 27, 28, 31, 32, 33, 35, 37, 39, 43, 44, 47, 51, 52, 55, 57, 62, 64, 65, 67, 68, 70, 72, 73, 74, 76, 78, 79]
81: [3, 4, 5, 9, 11, 17, 18, 21, 26, 34, 35, 40, 42, 48, 49, 50, 59, 63]
82: [2, 7, 8, 10, 13, 14, 20, 22, 24, 25, 28, 30, 36, 38, 41, 43, 45, 46, 52, 53, 58, 61, 62, 66, 68, 69, 75, 76]
83: [2, 7, 8, 10, 14, 19, 20, 22, 24, 25, 27, 28, 30, 36, 38, 39, 41, 43, 45, 46, 52, 53, 58, 61, 62, 66, 68, 69, 73, 75, 76, 78, 79, 82]
84: [2, 6, 8, 10, 13, 20, 22, 23, 24, 25, 27, 28, 30, 36, 38, 41, 45, 46, 52, 53, 56, 58, 60, 61, 62, 64, 66, 67, 68, 69, 70, 71, 75, 76, 82, 83]
85: [3, 4, 5, 9, 11, 17, 18, 21, 26, 40, 42, 49, 50, 59, 63, 81]
86: [2, 7, 8, 10, 13, 14, 20, 22, 24, 25, 28, 30, 36, 38, 41, 43, 45, 46, 52, 53, 58, 61, 62, 66, 68, 69, 71, 75, 76, 82, 83, 84]
87: [3, 4, 5, 9, 12, 16, 18, 21, 26, 29, 32, 33, 34, 35, 37, 42, 47, 48, 50, 54, 59, 63, 65, 74, 77, 79, 80, 81]
88: [1, 2, 6, 7, 8, 10, 13, 14, 19, 20, 23, 24, 25, 27, 28, 30, 31, 33, 36, 38, 39, 41, 43, 44, 45, 46, 52, 53, 55, 57, 58, 60, 61, 62, 64, 65, 66, 67, 68, 69, 70, 71, 73, 74, 75, 76, 78, 79, 80, 82, 83, 84, 86]
89: [2, 6, 8, 10, 13, 20, 23, 24, 27, 28, 30, 38, 41, 44, 45, 52, 55, 56, 57, 60, 62, 64, 66, 67, 68, 70, 71, 75, 76, 84, 88]
90: [1, 7, 8, 12, 14, 16, 19, 27, 28, 31, 32, 33, 35, 37, 39, 43, 44, 45, 47, 51, 52, 55, 57, 62, 64, 65, 66, 67, 68, 70, 72, 73, 74, 76, 78, 79, 80, 87, 88]
91: [1, 2, 6, 7, 8, 10, 13, 14, 19, 20, 22, 23, 24, 25, 27, 28, 30, 33, 36, 38, 39, 41, 43, 45, 46, 51, 52, 53, 55, 57, 58, 61, 62, 64, 65, 66, 67, 68, 69, 70, 71, 73, 74, 75, 76, 78, 79, 80, 82, 83, 84, 86, 88, 89, 90]
92: [1, 2, 6, 7, 8, 10, 13, 14, 19, 20, 22, 23, 24, 25, 27, 28, 30, 36, 38, 39, 41, 43, 45, 46, 52, 53, 55, 57, 58, 60, 61, 62, 64, 66, 67, 68, 69, 70, 71, 73, 74, 75, 76, 78, 79, 80, 82, 83, 84, 86, 88, 89, 90, 91]
93: [2, 6, 7, 8, 10, 13, 14, 20, 22, 23, 24, 25, 27, 28, 30, 36, 38, 41, 43, 45, 46, 52, 53, 56, 58, 60, 61, 62, 64, 66, 68, 69, 70, 71, 75, 76, 82, 83, 84, 86, 88, 89, 91, 92]
94: [2, 7, 8, 10, 13, 14, 19, 20, 22, 24, 25, 27, 28, 30, 36, 38, 39, 41, 43, 45, 46, 52, 53, 58, 61, 62, 66, 68, 69, 71, 73, 75, 76, 82, 83, 84, 86, 88, 91, 92, 93]
95: [2, 6, 13, 23, 56, 57, 60, 64, 67, 70, 71, 75, 76, 84, 89, 93]
96: [2, 6, 8, 10, 13, 20, 23, 24, 25, 27, 28, 30, 36, 38, 41, 43, 45, 46, 52, 53, 55, 56, 57, 58, 60, 61, 62, 64, 66, 67, 68, 69, 70, 71, 75, 76, 82, 83, 84, 86, 88, 89, 91, 92, 93, 94, 95]
97: [1, 7, 8, 12, 14, 16, 19, 27, 28, 31, 32, 33, 34, 35, 39, 43, 51, 52, 55, 62, 65, 66, 68, 73, 74, 76, 78, 79, 80, 87, 88, 90, 91, 92]
98: [1, 6, 8, 12, 16, 23, 27, 31, 32, 33, 37, 39, 43, 44, 47, 55, 57, 62, 64, 67, 68, 70, 71, 72, 74, 76, 78, 79, 80, 88, 89, 90, 91, 92, 97]
99: [2, 7, 8, 10, 14, 19, 20, 22, 24, 25, 27, 28, 30, 36, 38, 39, 41, 43, 45, 46, 52, 53, 58, 61, 62, 64, 65, 66, 67, 68, 69, 70, 71, 73, 74, 75, 76, 78, 79, 80, 82, 83, 84, 86, 88, 90, 91, 92, 93, 94, 96, 97]
100: [1, 2, 7, 8, 10, 14, 16, 19, 20, 24, 25, 27, 28, 30, 33, 38, 39, 43, 45, 46, 51, 52, 53, 55, 57, 58, 62, 64, 65, 66, 67, 68, 69, 70, 73, 74, 75, 76, 78, 79, 80, 83, 88, 90, 91, 92, 93, 94, 97, 98, 99]
101: [2, 7, 8, 14, 16, 19, 20, 27, 28, 33, 34, 39, 43, 45, 51, 52, 62, 64, 65, 66, 68, 69, 73, 74, 75, 76, 78, 79, 80, 83, 88, 90, 91, 92, 94, 97, 99, 100]
102: [1, 5, 7, 8, 12, 16, 19, 27, 28, 31, 32, 33, 35, 37, 39, 43, 44, 47, 51, 52, 55, 57, 62, 64, 65, 66, 67, 68, 70, 72, 73, 74, 76, 78, 79, 80, 87, 88, 90, 91, 92, 97, 98, 99, 100, 101]
103: [1, 6, 8, 12, 13, 23, 27, 31, 32, 33, 37, 39, 43, 44, 47, 55, 57, 60, 62, 64, 67, 68, 70, 71, 72, 74, 76, 79, 80, 88, 89, 90, 98, 102]
104: [3, 4, 5, 9, 11, 15, 17, 18, 21, 26, 29, 40, 42, 48, 49, 50, 54, 59, 63, 77, 81, 85, 87]
105: [1, 7, 8, 12, 14, 16, 19, 27, 28, 31, 32, 33, 34, 35, 37, 39, 43, 44, 51, 52, 55, 57, 62, 64, 65, 66, 68, 73, 74, 76, 78, 79, 80, 87, 88, 90, 91, 92, 97, 98, 99, 100, 101, 102, 103]
106: [2, 6, 13, 23, 56, 60, 64, 67, 70, 71, 75, 84, 89, 93, 95, 96]
107: [2, 6, 7, 8, 10, 13, 14, 19, 20, 22, 23, 24, 25, 27, 28, 30, 36, 38, 39, 41, 43, 45, 46, 52, 53, 55, 56, 57, 58, 60, 61, 62, 64, 66, 67, 68, 69, 70, 71, 73, 75, 76, 78, 79, 82, 83, 84, 86, 88, 89, 90, 91, 92, 93, 94, 95, 96, 99, 100, 101, 102, 106]
108: [1, 2, 6, 7, 8, 12, 13, 14, 16, 19, 23, 27, 28, 31, 32, 33, 37, 39, 43, 44, 45, 47, 52, 55, 57, 62, 64, 65, 66, 67, 68, 69, 70, 71, 72, 73, 74, 75, 76, 78, 79, 80, 83, 88, 89, 90, 91, 92, 96, 97, 98, 99, 100, 101, 102, 103, 105, 107]
109: [1, 8, 12, 16, 19, 23, 27, 28, 31, 32, 33, 37, 39, 43, 44, 47, 52, 55, 57, 62, 64, 65, 66, 67, 68, 70, 72, 73, 74, 76, 78, 79, 80, 88, 90, 91, 92, 97, 98, 99, 100, 101, 102, 103, 105, 107, 108]
110: [1, 2, 6, 7, 8, 10, 12, 14, 16, 19, 20, 23, 27, 28, 31, 32, 33, 37, 39, 43, 44, 45, 47, 51, 52, 55, 57, 62, 64, 65, 66, 67, 68, 69, 70, 71, 72, 73, 74, 75, 76, 78, 79, 80, 83, 88, 89, 90, 91, 92, 94, 96, 97, 98, 99, 100, 101, 102, 103, 105, 107, 108, 109]
111: [2, 6, 7, 8, 10, 13, 20, 22, 23, 24, 25, 27, 28, 30, 36, 38, 41, 43, 45, 46, 52, 53, 56, 58, 60, 61, 62, 64, 66, 67, 68, 69, 70, 71, 75, 76, 82, 83, 84, 86, 88, 89, 91, 92, 93, 94, 95, 96, 99, 106, 107]
112: [4, 5, 9, 12, 15, 18, 21, 26, 29, 31, 32, 33, 37, 40, 44, 47, 48, 54, 72, 77, 87, 98]
113: [2, 6, 7, 8, 10, 13, 14, 19, 20, 22, 23, 24, 25, 27, 28, 30, 36, 38, 39, 41, 43, 45, 46, 52, 53, 56, 58, 60, 61, 62, 64, 66, 68, 69, 70, 71, 73, 75, 76, 82, 83, 84, 86, 88, 89, 91, 92, 93, 94, 96, 99, 100, 101, 107, 108, 110, 111]
114: [1, 2, 7, 8, 10, 12, 14, 16, 19, 20, 27, 28, 30, 31, 32, 33, 34, 35, 39, 43, 44, 45, 51, 52, 53, 55, 57, 58, 62, 64, 65, 66, 67, 68, 69, 70, 73, 74, 75, 76, 78, 79, 80, 83, 88, 90, 91, 92, 94, 97, 98, 99, 100, 101, 102, 103, 105, 107, 108, 109, 110, 113]
115: [2, 6, 7, 8, 10, 13, 14, 19, 20, 22, 24, 25, 27, 28, 30, 36, 38, 39, 41, 43, 45, 46, 52, 53, 58, 61, 62, 64, 66, 67, 68, 69, 70, 71, 73, 74, 75, 76, 78, 79, 82, 83, 84, 86, 88, 89, 90, 91, 92, 93, 94, 96, 99, 100, 101, 105, 107, 108, 110, 111, 113, 114]
116: [2, 6, 7, 8, 10, 13, 14, 20, 22, 24, 25, 27, 28, 30, 36, 38, 41, 43, 45, 46, 52, 53, 58, 61, 62, 66, 68, 69, 71, 73, 75, 76, 82, 83, 84, 86, 88, 89, 91, 92, 93, 94, 96, 99, 100, 107, 111, 113, 115]
117: [1, 5, 7, 8, 12, 14, 16, 19, 27, 28, 31, 32, 33, 34, 35, 37, 39, 43, 44, 47, 51, 52, 55, 57, 62, 64, 65, 66, 67, 68, 73, 74, 76, 78, 79, 80, 87, 88, 90, 91, 92, 97, 98, 99, 100, 101, 102, 103, 105, 108, 109, 110, 114, 115]
118: [2, 7, 8, 10, 14, 20, 22, 24, 25, 28, 30, 36, 38, 41, 43, 45, 46, 52, 53, 58, 61, 62, 66, 68, 69, 75, 76, 82, 83, 84, 86, 88, 91, 92, 93, 94, 96, 99, 107, 111, 113, 115, 116]
119: [1, 12, 23, 27, 31, 37, 44, 47, 55, 57, 64, 67, 70, 72, 79, 80, 89, 90, 98, 102, 103, 108, 109, 110]
120: [1, 12, 16, 27, 31, 32, 33, 37, 44, 47, 55, 57, 64, 67, 70, 72, 74, 79, 80, 90, 98, 102, 103, 108, 109, 110, 112, 117, 119]
121: [3, 5, 12, 16, 19, 32, 33, 34, 35, 39, 51, 63, 65, 73, 74, 78, 79, 87, 90, 97, 100, 101, 102, 105, 114, 117]
122: [1, 2, 6, 7, 8, 10, 13, 19, 20, 23, 24, 27, 28, 30, 31, 38, 39, 41, 43, 44, 45, 52, 55, 56, 57, 60, 62, 64, 66, 67, 68, 69, 70, 71, 72, 73, 75, 76, 79, 80, 84, 88, 89, 90, 91, 92, 93, 95, 96, 98, 99, 100, 102, 103, 106, 107, 108, 109, 110, 111, 113, 114, 115, 119, 120]
123: [2, 6, 7, 8, 10, 13, 14, 19, 20, 22, 23, 24, 25, 27, 28, 30, 36, 38, 39, 41, 43, 45, 46, 52, 53, 58, 60, 61, 62, 64, 66, 67, 68, 69, 70, 71, 73, 74, 75, 76, 78, 79, 82, 83, 84, 86, 88, 89, 90, 91, 92, 93, 94, 96, 99, 100, 101, 102, 105, 107, 108, 109, 110, 111, 113, 114, 115, 116, 117, 118, 122]
124: [3, 4, 5, 9, 11, 15, 18, 21, 26, 29, 40, 42, 48, 49, 50, 54, 59, 63, 77, 81, 85, 87, 104, 112]
125: [1, 7, 8, 12, 14, 16, 19, 27, 28, 31, 33, 34, 35, 39, 43, 45, 51, 52, 62, 64, 65, 66, 68, 69, 73, 74, 76, 78, 79, 80, 83, 88, 90, 91, 92, 97, 98, 99, 100, 101, 102, 105, 108, 109, 110, 114, 115, 117, 121, 123]
126: [2, 6, 7, 8, 10, 13, 14, 19, 20, 22, 23, 24, 25, 27, 28, 30, 36, 38, 39, 41, 43, 45, 46, 52, 53, 58, 60, 61, 62, 64, 66, 67, 68, 69, 70, 71, 73, 74, 75, 76, 78, 79, 82, 83, 84, 86, 88, 89, 90, 91, 92, 93, 94, 96, 99, 100, 101, 102, 105, 107, 108, 109, 110, 111, 113, 114, 115, 116, 117, 118, 122, 123, 125]
127: [2, 6, 7, 8, 10, 13, 14, 20, 22, 23, 24, 25, 27, 28, 30, 36, 38, 41, 43, 45, 46, 52, 53, 55, 56, 57, 58, 60, 61, 62, 64, 66, 67, 68, 69, 70, 71, 73, 75, 76, 82, 83, 84, 86, 88, 89, 91, 92, 93, 94, 95, 96, 99, 100, 106, 107, 108, 110, 111, 113, 114, 115, 116, 118, 122, 123, 126]
128: [1, 2, 6, 7, 8, 10, 12, 13, 14, 16, 19, 20, 23, 24, 25, 27, 28, 30, 31, 32, 33, 38, 39, 41, 43, 44, 45, 46, 51, 52, 53, 55, 57, 58, 60, 62, 64, 65, 66, 67, 68, 69, 70, 71, 73, 74, 75, 76, 78, 79, 80, 82, 83, 84, 88, 89, 90, 91, 92, 93, 94, 96, 97, 98, 99, 100, 101, 102, 103, 105, 107, 108, 109, 110, 111, 113, 114, 115, 116, 117, 122, 123, 125, 126, 127]