[METADATA]
File: miles250.col
Description: Translated from Stanford GraphBase File: miles250.gb Stanford GraphBase ID: miles(128,0,0,0,250,127,0)

[GCP_DATA_INFO]
Type: GCP, Graph Coloring Problem
Node: 128
Edge: 774

[ADJACENCY_List]
5: [3]
9: [4]
10: [2]
13: [6]
14: [7]
17: [11]
18: [4, 9]
19: [8]
20: [10]
21: [4, 9, 18]
23: [6]
24: [10, 20]
25: [20]
26: [4, 18, 21]
29: [15]
30: [10, 20, 24, 25]
31: [1]
32: [12]
33: [16]
36: [22, 25]
37: [12, 32]
38: [10, 20, 24, 25, 30, 36]
39: [19]
40: [4, 15, 18, 21, 26]
41: [10, 24, 30, 38]
42: [11]
43: [8, 19]
44: [31]
45: [2, 10, 20]
46: [20, 25]
47: [37]
48: [5]
49: [21]
50: [11, 17, 42]
52: [28, 45]
53: [10, 20, 24, 25, 30, 38, 41, 46]
54: [15, 29]
55: [1]
56: [23]
57: [44, 55]
58: [20, 25, 30, 46, 53]
59: [11, 42]
60: [6, 13, 23, 56]
61: [22, 24, 25, 30, 36, 38, 53, 58]
62: [8, 28, 43, 52]
63: [42, 50]
66: [28, 45, 52]
67: [55, 57, 64]
68: [28, 52, 62, 66]
69: [20, 45, 52, 53, 58, 66]
70: [64]
71: [6, 13, 23, 60]
72: [44]
73: [8, 19, 39, 43]
75: [2, 10]
76: [27, 62, 68]
77: [15, 29, 54]
78: [19, 39, 73]
79: [74]
80: [1]
81: [42, 50, 63]
82: [20, 22, 25, 30, 36, 38, 46, 53, 58, 61]
83: [46, 58, 69]
85: [11, 17, 42, 50, 59]
86: [22, 25, 36, 38, 53, 58, 61, 82]
87: [5]
88: [8, 27, 62, 68, 76]
89: [6, 13, 23, 56, 60, 71]
90: [79, 80]
91: [7, 8, 28, 43, 52, 62, 68, 88]
92: [28, 45, 52, 62, 66, 68, 76, 88, 91]
93: [2, 10, 24, 30, 75, 84]
94: [20, 25, 46, 53, 58, 69, 82, 83]
95: [56, 60]
96: [13, 71, 84]
97: [65, 74, 78]
98: [1, 31, 44, 55, 57]
99: [7, 28, 52, 62, 91]
100: [8, 19, 39, 43, 73, 78]
101: [19, 73, 78, 100]
102: [79, 80, 90]
103: [31, 44, 55, 57, 98]
104: [4, 9, 18, 21, 26, 49]
105: [39, 74, 78, 97]
106: [56, 60, 95]
107: [75, 92]
108: [27, 79, 90]
109: [1, 80, 90, 98, 108]
110: [27, 79, 90, 108]
111: [2, 10, 75, 84, 93, 96]
113: [2, 10, 20, 24, 30, 38, 45, 53, 75, 93]
114: [39, 43, 74, 78, 100]
115: [20, 28, 45, 52, 66, 69, 92, 113]
116: [10, 20, 24, 25, 30, 38, 41, 53, 58, 61, 82, 86, 94, 113]
117: [74, 97, 105]
118: [22, 25, 36, 46, 58, 61, 82, 86]
119: [44, 72]
120: [31, 44, 72]
121: [34]
122: [64, 67, 70]
123: [2, 28, 45, 52, 66, 68, 69, 92, 113, 115]
124: [4, 9, 18, 21, 26, 40, 104]
125: [39, 65, 78, 97, 105]
126: [20, 28, 45, 52, 66, 69, 92, 113, 115, 123]
127: [2, 75, 84, 93, 96, 107, 111]
128: [8, 27, 43, 76, 88]