[METADATA]
File: myciel7.col
Description: SOURCE: Michael Trick (trick@cmu.edu) DESCRIPTION: Graph based on Mycielski transformation. Triangle free (clique number 2) but increasing coloring number

[GCP_DATA_INFO]
Type: GCP, Graph Coloring Problem
Node: 191
Edge: 2360

[ADJACENCY_List]
2: [1]
3: [2]
4: [1]
5: [3, 4]
6: [2, 4]
7: [1, 3]
8: [2, 5]
9: [1, 5]
10: [3, 4]
11: [6, 7, 8, 9, 10]
12: [2, 4, 7, 9]
13: [1, 3, 6, 8]
14: [2, 5, 7, 10]
15: [1, 5, 6, 10]
16: [3, 4, 8, 9]
17: [2, 4, 11]
18: [1, 3, 11]
19: [2, 5, 11]
20: [1, 5, 11]
21: [3, 4, 11]
22: [6, 7, 8, 9, 10]
23: [12, 13, 14, 15, 16, 17, 18, 19, 20, 21, 22]
24: [2, 4, 7, 9, 13, 15, 18, 20]
25: [1, 3, 6, 8, 12, 14, 17, 19]
26: [2, 5, 7, 10, 13, 16, 18, 21]
27: [1, 5, 6, 10, 12, 16, 17, 21]
28: [3, 4, 8, 9, 14, 15, 19, 20]
29: [2, 4, 11, 13, 15, 22]
30: [1, 3, 11, 12, 14, 22]
31: [2, 5, 11, 13, 16, 22]
32: [1, 5, 11, 12, 16, 22]
33: [3, 4, 11, 14, 15, 22]
34: [6, 7, 8, 9, 10, 17, 18, 19, 20, 21]
35: [2, 4, 7, 9, 23]
36: [1, 3, 6, 8, 23]
37: [2, 5, 7, 10, 23]
38: [1, 5, 6, 10, 23]
39: [3, 4, 8, 9, 23]
40: [2, 4, 11, 23]
41: [1, 3, 11, 23]
42: [2, 5, 11, 23]
43: [1, 5, 11, 23]
44: [3, 4, 11, 23]
45: [6, 7, 8, 9, 10, 23]
46: [12, 13, 14, 15, 16, 17, 18, 19, 20, 21, 22]
47: [24, 25, 26, 27, 28, 29, 30, 31, 32, 33, 34, 35, 36, 37, 38, 39, 40, 41, 42, 43, 44, 45, 46]
48: [2, 4, 7, 9, 13, 15, 18, 20, 25, 27, 30, 32, 36, 38, 41, 43]
49: [1, 3, 6, 8, 12, 14, 17, 19, 24, 26, 29, 31, 35, 37, 40, 42]
50: [2, 5, 7, 10, 13, 16, 18, 21, 25, 28, 30, 33, 36, 39, 41, 44]
51: [1, 5, 6, 10, 12, 16, 17, 21, 24, 28, 29, 33, 35, 39, 40, 44]
52: [3, 4, 8, 9, 14, 15, 19, 20, 26, 27, 31, 32, 37, 38, 42, 43]
53: [2, 4, 11, 13, 15, 22, 25, 27, 34, 36, 38, 45]
54: [1, 3, 11, 12, 14, 22, 24, 26, 34, 35, 37, 45]
55: [2, 5, 11, 13, 16, 22, 25, 28, 34, 36, 39, 45]
56: [1, 5, 11, 12, 16, 22, 24, 28, 34, 35, 39, 45]
57: [3, 4, 11, 14, 15, 22, 26, 27, 34, 37, 38, 45]
58: [6, 7, 8, 9, 10, 17, 18, 19, 20, 21, 29, 30, 31, 32, 33, 40, 41, 42, 43, 44]
59: [2, 4, 7, 9, 23, 25, 27, 30, 32, 46]
60: [1, 3, 6, 8, 23, 24, 26, 29, 31, 46]
61: [2, 5, 7, 10, 23, 25, 28, 30, 33, 46]
62: [1, 5, 6, 10, 23, 24, 28, 29, 33, 46]
63: [3, 4, 8, 9, 23, 26, 27, 31, 32, 46]
64: [2, 4, 11, 23, 25, 27, 34, 46]
65: [1, 3, 11, 23, 24, 26, 34, 46]
66: [2, 5, 11, 23, 25, 28, 34, 46]
67: [1, 5, 11, 23, 24, 28, 34, 46]
68: [3, 4, 11, 23, 26, 27, 34, 46]
69: [6, 7, 8, 9, 10, 23, 29, 30, 31, 32, 33, 46]
70: [12, 13, 14, 15, 16, 17, 18, 19, 20, 21, 22, 35, 36, 37, 38, 39, 40, 41, 42, 43, 44, 45]
71: [2, 4, 7, 9, 13, 15, 18, 20, 47]
72: [1, 3, 6, 8, 12, 14, 17, 19, 47]
73: [2, 5, 7, 10, 13, 16, 18, 21, 47]
74: [1, 5, 6, 10, 12, 16, 17, 21, 47]
75: [3, 4, 8, 9, 14, 15, 19, 20, 47]
76: [2, 4, 11, 13, 15, 22, 47]
77: [1, 3, 11, 12, 14, 22, 47]
78: [2, 5, 11, 13, 16, 22, 47]
79: [1, 5, 11, 12, 16, 22, 47]
80: [3, 4, 11, 14, 15, 22, 47]
81: [6, 7, 8, 9, 10, 17, 18, 19, 20, 21, 47]
82: [2, 4, 7, 9, 23, 47]
83: [1, 3, 6, 8, 23, 47]
84: [2, 5, 7, 10, 23, 47]
85: [1, 5, 6, 10, 23, 47]
86: [3, 4, 8, 9, 23, 47]
87: [2, 4, 11, 23, 47]
88: [1, 3, 11, 23, 47]
89: [2, 5, 11, 23, 47]
90: [1, 5, 11, 23, 47]
91: [3, 4, 11, 23, 47]
92: [6, 7, 8, 9, 10, 23, 47]
93: [12, 13, 14, 15, 16, 17, 18, 19, 20, 21, 22, 47]
94: [24, 25, 26, 27, 28, 29, 30, 31, 32, 33, 34, 35, 36, 37, 38, 39, 40, 41, 42, 43, 44, 45, 46]
95: [48, 49, 50, 51, 52, 53, 54, 55, 56, 57, 58, 59, 60, 61, 62, 63, 64, 65, 66, 67, 68, 69, 70, 71, 72, 73, 74, 75, 76, 77, 78, 79, 80, 81, 82, 83, 84, 85, 86, 87, 88, 89, 90, 91, 92, 93, 94]
96: [2, 4, 7, 9, 13, 15, 18, 20, 25, 27, 30, 32, 36, 38, 41, 43, 49, 51, 54, 56, 60, 62, 65, 67, 72, 74, 77, 79, 83, 85, 88, 90]
97: [1, 3, 6, 8, 12, 14, 17, 19, 24, 26, 29, 31, 35, 37, 40, 42, 48, 50, 53, 55, 59, 61, 64, 66, 71, 73, 76, 78, 82, 84, 87, 89]
98: [2, 5, 7, 10, 13, 16, 18, 21, 25, 28, 30, 33, 36, 39, 41, 44, 49, 52, 54, 57, 60, 63, 65, 68, 72, 75, 77, 80, 83, 86, 88, 91]
99: [1, 5, 6, 10, 12, 16, 17, 21, 24, 28, 29, 33, 35, 39, 40, 44, 48, 52, 53, 57, 59, 63, 64, 68, 71, 75, 76, 80, 82, 86, 87, 91]
100: [3, 4, 8, 9, 14, 15, 19, 20, 26, 27, 31, 32, 37, 38, 42, 43, 50, 51, 55, 56, 61, 62, 66, 67, 73, 74, 78, 79, 84, 85, 89, 90]
101: [2, 4, 11, 13, 15, 22, 25, 27, 34, 36, 38, 45, 49, 51, 58, 60, 62, 69, 72, 74, 81, 83, 85, 92]
102: [1, 3, 11, 12, 14, 22, 24, 26, 34, 35, 37, 45, 48, 50, 58, 59, 61, 69, 71, 73, 81, 82, 84, 92]
103: [2, 5, 11, 13, 16, 22, 25, 28, 34, 36, 39, 45, 49, 52, 58, 60, 63, 69, 72, 75, 81, 83, 86, 92]
104: [1, 5, 11, 12, 16, 22, 24, 28, 34, 35, 39, 45, 48, 52, 58, 59, 63, 69, 71, 75, 81, 82, 86, 92]
105: [3, 4, 11, 14, 15, 22, 26, 27, 34, 37, 38, 45, 50, 51, 58, 61, 62, 69, 73, 74, 81, 84, 85, 92]
106: [6, 7, 8, 9, 10, 17, 18, 19, 20, 21, 29, 30, 31, 32, 33, 40, 41, 42, 43, 44, 53, 54, 55, 56, 57, 64, 65, 66, 67, 68, 76, 77, 78, 79, 80, 87, 88, 89, 90, 91]
107: [2, 4, 7, 9, 23, 25, 27, 30, 32, 46, 49, 51, 54, 56, 70, 72, 74, 77, 79, 93]
108: [1, 3, 6, 8, 23, 24, 26, 29, 31, 46, 48, 50, 53, 55, 70, 71, 73, 76, 78, 93]
109: [2, 5, 7, 10, 23, 25, 28, 30, 33, 46, 49, 52, 54, 57, 70, 72, 75, 77, 80, 93]
110: [1, 5, 6, 10, 23, 24, 28, 29, 33, 46, 48, 52, 53, 57, 70, 71, 75, 76, 80, 93]
111: [3, 4, 8, 9, 23, 26, 27, 31, 32, 46, 50, 51, 55, 56, 70, 73, 74, 78, 79, 93]
112: [2, 4, 11, 23, 25, 27, 34, 46, 49, 51, 58, 70, 72, 74, 81, 93]
113: [1, 3, 11, 23, 24, 26, 34, 46, 48, 50, 58, 70, 71, 73, 81, 93]
114: [2, 5, 11, 23, 25, 28, 34, 46, 49, 52, 58, 70, 72, 75, 81, 93]
115: [1, 5, 11, 23, 24, 28, 34, 46, 48, 52, 58, 70, 71, 75, 81, 93]
116: [3, 4, 11, 23, 26, 27, 34, 46, 50, 51, 58, 70, 73, 74, 81, 93]
117: [6, 7, 8, 9, 10, 23, 29, 30, 31, 32, 33, 46, 53, 54, 55, 56, 57, 70, 76, 77, 78, 79, 80, 93]
118: [12, 13, 14, 15, 16, 17, 18, 19, 20, 21, 22, 35, 36, 37, 38, 39, 40, 41, 42, 43, 44, 45, 59, 60, 61, 62, 63, 64, 65, 66, 67, 68, 69, 82, 83, 84, 85, 86, 87, 88, 89, 90, 91, 92]
119: [2, 4, 7, 9, 13, 15, 18, 20, 47, 49, 51, 54, 56, 60, 62, 65, 67, 94]
120: [1, 3, 6, 8, 12, 14, 17, 19, 47, 48, 50, 53, 55, 59, 61, 64, 66, 94]
121: [2, 5, 7, 10, 13, 16, 18, 21, 47, 49, 52, 54, 57, 60, 63, 65, 68, 94]
122: [1, 5, 6, 10, 12, 16, 17, 21, 47, 48, 52, 53, 57, 59, 63, 64, 68, 94]
123: [3, 4, 8, 9, 14, 15, 19, 20, 47, 50, 51, 55, 56, 61, 62, 66, 67, 94]
124: [2, 4, 11, 13, 15, 22, 47, 49, 51, 58, 60, 62, 69, 94]
125: [1, 3, 11, 12, 14, 22, 47, 48, 50, 58, 59, 61, 69, 94]
126: [2, 5, 11, 13, 16, 22, 47, 49, 52, 58, 60, 63, 69, 94]
127: [1, 5, 11, 12, 16, 22, 47, 48, 52, 58, 59, 63, 69, 94]
128: [3, 4, 11, 14, 15, 22, 47, 50, 51, 58, 61, 62, 69, 94]
129: [6, 7, 8, 9, 10, 17, 18, 19, 20, 21, 47, 53, 54, 55, 56, 57, 64, 65, 66, 67, 68, 94]
130: [2, 4, 7, 9, 23, 47, 49, 51, 54, 56, 70, 94]
131: [1, 3, 6, 8, 23, 47, 48, 50, 53, 55, 70, 94]
132: [2, 5, 7, 10, 23, 47, 49, 52, 54, 57, 70, 94]
133: [1, 5, 6, 10, 23, 47, 48, 52, 53, 57, 70, 94]
134: [3, 4, 8, 9, 23, 47, 50, 51, 55, 56, 70, 94]
135: [2, 4, 11, 23, 47, 49, 51, 58, 70, 94]
136: [1, 3, 11, 23, 47, 48, 50, 58, 70, 94]
137: [2, 5, 11, 23, 47, 49, 52, 58, 70, 94]
138: [1, 5, 11, 23, 47, 48, 52, 58, 70, 94]
139: [3, 4, 11, 23, 47, 50, 51, 58, 70, 94]
140: [6, 7, 8, 9, 10, 23, 47, 53, 54, 55, 56, 57, 70, 94]
141: [12, 13, 14, 15, 16, 17, 18, 19, 20, 21, 22, 47, 59, 60, 61, 62, 63, 64, 65, 66, 67, 68, 69, 94]
142: [24, 25, 26, 27, 28, 29, 30, 31, 32, 33, 34, 35, 36, 37, 38, 39, 40, 41, 42, 43, 44, 45, 46, 71, 72, 73, 74, 75, 76, 77, 78, 79, 80, 81, 82, 83, 84, 85, 86, 87, 88, 89, 90, 91, 92, 93]
143: [2, 4, 7, 9, 13, 15, 18, 20, 25, 27, 30, 32, 36, 38, 41, 43, 95]
144: [1, 3, 6, 8, 12, 14, 17, 19, 24, 26, 29, 31, 35, 37, 40, 42, 95]
145: [2, 5, 7, 10, 13, 16, 18, 21, 25, 28, 30, 33, 36, 39, 41, 44, 95]
146: [1, 5, 6, 10, 12, 16, 17, 21, 24, 28, 29, 33, 35, 39, 40, 44, 95]
147: [3, 4, 8, 9, 14, 15, 19, 20, 26, 27, 31, 32, 37, 38, 42, 43, 95]
148: [2, 4, 11, 13, 15, 22, 25, 27, 34, 36, 38, 45, 95]
149: [1, 3, 11, 12, 14, 22, 24, 26, 34, 35, 37, 45, 95]
150: [2, 5, 11, 13, 16, 22, 25, 28, 34, 36, 39, 45, 95]
151: [1, 5, 11, 12, 16, 22, 24, 28, 34, 35, 39, 45, 95]
152: [3, 4, 11, 14, 15, 22, 26, 27, 34, 37, 38, 45, 95]
153: [6, 7, 8, 9, 10, 17, 18, 19, 20, 21, 29, 30, 31, 32, 33, 40, 41, 42, 43, 44, 95]
154: [2, 4, 7, 9, 23, 25, 27, 30, 32, 46, 95]
155: [1, 3, 6, 8, 23, 24, 26, 29, 31, 46, 95]
156: [2, 5, 7, 10, 23, 25, 28, 30, 33, 46, 95]
157: [1, 5, 6, 10, 23, 24, 28, 29, 33, 46, 95]
158: [3, 4, 8, 9, 23, 26, 27, 31, 32, 46, 95]
159: [2, 4, 11, 23, 25, 27, 34, 46, 95]
160: [1, 3, 11, 23, 24, 26, 34, 46, 95]
161: [2, 5, 11, 23, 25, 28, 34, 46, 95]
162: [1, 5, 11, 23, 24, 28, 34, 46, 95]
163: [3, 4, 11, 23, 26, 27, 34, 46, 95]
164: [6, 7, 8, 9, 10, 23, 29, 30, 31, 32, 33, 46, 95]
165: [12, 13, 14, 15, 16, 17, 18, 19, 20, 21, 22, 35, 36, 37, 38, 39, 40, 41, 42, 43, 44, 45, 95]
166: [2, 4, 7, 9, 13, 15, 18, 20, 47, 95]
167: [1, 3, 6, 8, 12, 14, 17, 19, 47, 95]
168: [2, 5, 7, 10, 13, 16, 18, 21, 47, 95]
169: [1, 5, 6, 10, 12, 16, 17, 21, 47, 95]
170: [3, 4, 8, 9, 14, 15, 19, 20, 47, 95]
171: [2, 4, 11, 13, 15, 22, 47, 95]
172: [1, 3, 11, 12, 14, 22, 47, 95]
173: [2, 5, 11, 13, 16, 22, 47, 95]
174: [1, 5, 11, 12, 16, 22, 47, 95]
175: [3, 4, 11, 14, 15, 22, 47, 95]
176: [6, 7, 8, 9, 10, 17, 18, 19, 20, 21, 47, 95]
177: [2, 4, 7, 9, 23, 47, 95]
178: [1, 3, 6, 8, 23, 47, 95]
179: [2, 5, 7, 10, 23, 47, 95]
180: [1, 5, 6, 10, 23, 47, 95]
181: [3, 4, 8, 9, 23, 47, 95]
182: [2, 4, 11, 23, 47, 95]
183: [1, 3, 11, 23, 47, 95]
184: [2, 5, 11, 23, 47, 95]
185: [1, 5, 11, 23, 47, 95]
186: [3, 4, 11, 23, 47, 95]
187: [6, 7, 8, 9, 10, 23, 47, 95]
188: [12, 13, 14, 15, 16, 17, 18, 19, 20, 21, 22, 47, 95]
189: [24, 25, 26, 27, 28, 29, 30, 31, 32, 33, 34, 35, 36, 37, 38, 39, 40, 41, 42, 43, 44, 45, 46, 95]
190: [48, 49, 50, 51, 52, 53, 54, 55, 56, 57, 58, 59, 60, 61, 62, 63, 64, 65, 66, 67, 68, 69, 70, 71, 72, 73, 74, 75, 76, 77, 78, 79, 80, 81, 82, 83, 84, 85, 86, 87, 88, 89, 90, 91, 92, 93, 94]
191: [96, 97, 98, 99, 100, 101, 102, 103, 104, 105, 106, 107, 108, 109, 110, 111, 112, 113, 114, 115, 116, 117, 118, 119, 120, 121, 122, 123, 124, 125, 126, 127, 128, 129, 130, 131, 132, 133, 134, 135, 136, 137, 138, 139, 140, 141, 142, 143, 144, 145, 146, 147, 148, 149, 150, 151, 152, 153, 154, 155, 156, 157, 158, 159, 160, 161, 162, 163, 164, 165, 166, 167, 168, 169, 170, 171, 172, 173, 174, 175, 176, 177, 178, 179, 180, 181, 182, 183, 184, 185, 186, 187, 188, 189, 190]