[METADATA]
File: myciel5.col
Description: SOURCE: Michael Trick (trick@cmu.edu) DESCRIPTION: Graph based on Mycielski transformation. Triangle free (clique number 2) but increasing coloring number

[GCP_DATA_INFO]
Type: GCP, Graph Coloring Problem
Node: 47
Edge: 236

[ADJACENCY_List]
2: [1]
3: [2]
4: [1]
5: [3, 4]
6: [2, 4]
7: [1, 3]
8: [2, 5]
9: [1, 5]
10: [3, 4]
11: [6, 7, 8, 9, 10]
12: [2, 4, 7, 9]
13: [1, 3, 6, 8]
14: [2, 5, 7, 10]
15: [1, 5, 6, 10]
16: [3, 4, 8, 9]
17: [2, 4, 11]
18: [1, 3, 11]
19: [2, 5, 11]
20: [1, 5, 11]
21: [3, 4, 11]
22: [6, 7, 8, 9, 10]
23: [12, 13, 14, 15, 16, 17, 18, 19, 20, 21, 22]
24: [2, 4, 7, 9, 13, 15, 18, 20]
25: [1, 3, 6, 8, 12, 14, 17, 19]
26: [2, 5, 7, 10, 13, 16, 18, 21]
27: [1, 5, 6, 10, 12, 16, 17, 21]
28: [3, 4, 8, 9, 14, 15, 19, 20]
29: [2, 4, 11, 13, 15, 22]
30: [1, 3, 11, 12, 14, 22]
31: [2, 5, 11, 13, 16, 22]
32: [1, 5, 11, 12, 16, 22]
33: [3, 4, 11, 14, 15, 22]
34: [6, 7, 8, 9, 10, 17, 18, 19, 20, 21]
35: [2, 4, 7, 9, 23]
36: [1, 3, 6, 8, 23]
37: [2, 5, 7, 10, 23]
38: [1, 5, 6, 10, 23]
39: [3, 4, 8, 9, 23]
40: [2, 4, 11, 23]
41: [1, 3, 11, 23]
42: [2, 5, 11, 23]
43: [1, 5, 11, 23]
44: [3, 4, 11, 23]
45: [6, 7, 8, 9, 10, 23]
46: [12, 13, 14, 15, 16, 17, 18, 19, 20, 21, 22]
47: [24, 25, 26, 27, 28, 29, 30, 31, 32, 33, 34, 35, 36, 37, 38, 39, 40, 41, 42, 43, 44, 45, 46]