[METADATA]
File: myciel6.col
Description: SOURCE: Michael Trick (trick@cmu.edu) DESCRIPTION: Graph based on Mycielski transformation. Triangle free (clique number 2) but increasing coloring number

[GCP_DATA_INFO]
Type: GCP, Graph Coloring Problem
Node: 95
Edge: 755

[ADJACENCY_List]
2: [1]
3: [2]
4: [1]
5: [3, 4]
6: [2, 4]
7: [1, 3]
8: [2, 5]
9: [1, 5]
10: [3, 4]
11: [6, 7, 8, 9, 10]
12: [2, 4, 7, 9]
13: [1, 3, 6, 8]
14: [2, 5, 7, 10]
15: [1, 5, 6, 10]
16: [3, 4, 8, 9]
17: [2, 4, 11]
18: [1, 3, 11]
19: [2, 5, 11]
20: [1, 5, 11]
21: [3, 4, 11]
22: [6, 7, 8, 9, 10]
23: [12, 13, 14, 15, 16, 17, 18, 19, 20, 21, 22]
24: [2, 4, 7, 9, 13, 15, 18, 20]
25: [1, 3, 6, 8, 12, 14, 17, 19]
26: [2, 5, 7, 10, 13, 16, 18, 21]
27: [1, 5, 6, 10, 12, 16, 17, 21]
28: [3, 4, 8, 9, 14, 15, 19, 20]
29: [2, 4, 11, 13, 15, 22]
30: [1, 3, 11, 12, 14, 22]
31: [2, 5, 11, 13, 16, 22]
32: [1, 5, 11, 12, 16, 22]
33: [3, 4, 11, 14, 15, 22]
34: [6, 7, 8, 9, 10, 17, 18, 19, 20, 21]
35: [2, 4, 7, 9, 23]
36: [1, 3, 6, 8, 23]
37: [2, 5, 7, 10, 23]
38: [1, 5, 6, 10, 23]
39: [3, 4, 8, 9, 23]
40: [2, 4, 11, 23]
41: [1, 3, 11, 23]
42: [2, 5, 11, 23]
43: [1, 5, 11, 23]
44: [3, 4, 11, 23]
45: [6, 7, 8, 9, 10, 23]
46: [12, 13, 14, 15, 16, 17, 18, 19, 20, 21, 22]
47: [24, 25, 26, 27, 28, 29, 30, 31, 32, 33, 34, 35, 36, 37, 38, 39, 40, 41, 42, 43, 44, 45, 46]
48: [2, 4, 7, 9, 13, 15, 18, 20, 25, 27, 30, 32, 36, 38, 41, 43]
49: [1, 3, 6, 8, 12, 14, 17, 19, 24, 26, 29, 31, 35, 37, 40, 42]
50: [2, 5, 7, 10, 13, 16, 18, 21, 25, 28, 30, 33, 36, 39, 41, 44]
51: [1, 5, 6, 10, 12, 16, 17, 21, 24, 28, 29, 33, 35, 39, 40, 44]
52: [3, 4, 8, 9, 14, 15, 19, 20, 26, 27, 31, 32, 37, 38, 42, 43]
53: [2, 4, 11, 13, 15, 22, 25, 27, 34, 36, 38, 45]
54: [1, 3, 11, 12, 14, 22, 24, 26, 34, 35, 37, 45]
55: [2, 5, 11, 13, 16, 22, 25, 28, 34, 36, 39, 45]
56: [1, 5, 11, 12, 16, 22, 24, 28, 34, 35, 39, 45]
57: [3, 4, 11, 14, 15, 22, 26, 27, 34, 37, 38, 45]
58: [6, 7, 8, 9, 10, 17, 18, 19, 20, 21, 29, 30, 31, 32, 33, 40, 41, 42, 43, 44]
59: [2, 4, 7, 9, 23, 25, 27, 30, 32, 46]
60: [1, 3, 6, 8, 23, 24, 26, 29, 31, 46]
61: [2, 5, 7, 10, 23, 25, 28, 30, 33, 46]
62: [1, 5, 6, 10, 23, 24, 28, 29, 33, 46]
63: [3, 4, 8, 9, 23, 26, 27, 31, 32, 46]
64: [2, 4, 11, 23, 25, 27, 34, 46]
65: [1, 3, 11, 23, 24, 26, 34, 46]
66: [2, 5, 11, 23, 25, 28, 34, 46]
67: [1, 5, 11, 23, 24, 28, 34, 46]
68: [3, 4, 11, 23, 26, 27, 34, 46]
69: [6, 7, 8, 9, 10, 23, 29, 30, 31, 32, 33, 46]
70: [12, 13, 14, 15, 16, 17, 18, 19, 20, 21, 22, 35, 36, 37, 38, 39, 40, 41, 42, 43, 44, 45]
71: [2, 4, 7, 9, 13, 15, 18, 20, 47]
72: [1, 3, 6, 8, 12, 14, 17, 19, 47]
73: [2, 5, 7, 10, 13, 16, 18, 21, 47]
74: [1, 5, 6, 10, 12, 16, 17, 21, 47]
75: [3, 4, 8, 9, 14, 15, 19, 20, 47]
76: [2, 4, 11, 13, 15, 22, 47]
77: [1, 3, 11, 12, 14, 22, 47]
78: [2, 5, 11, 13, 16, 22, 47]
79: [1, 5, 11, 12, 16, 22, 47]
80: [3, 4, 11, 14, 15, 22, 47]
81: [6, 7, 8, 9, 10, 17, 18, 19, 20, 21, 47]
82: [2, 4, 7, 9, 23, 47]
83: [1, 3, 6, 8, 23, 47]
84: [2, 5, 7, 10, 23, 47]
85: [1, 5, 6, 10, 23, 47]
86: [3, 4, 8, 9, 23, 47]
87: [2, 4, 11, 23, 47]
88: [1, 3, 11, 23, 47]
89: [2, 5, 11, 23, 47]
90: [1, 5, 11, 23, 47]
91: [3, 4, 11, 23, 47]
92: [6, 7, 8, 9, 10, 23, 47]
93: [12, 13, 14, 15, 16, 17, 18, 19, 20, 21, 22, 47]
94: [24, 25, 26, 27, 28, 29, 30, 31, 32, 33, 34, 35, 36, 37, 38, 39, 40, 41, 42, 43, 44, 45, 46]
95: [48, 49, 50, 51, 52, 53, 54, 55, 56, 57, 58, 59, 60, 61, 62, 63, 64, 65, 66, 67, 68, 69, 70, 71, 72, 73, 74, 75, 76, 77, 78, 79, 80, 81, 82, 83, 84, 85, 86, 87, 88, 89, 90, 91, 92, 93, 94]