[METADATA]
File: queen5_5.col
Description: Translated from Stanford GraphBase File: queen5_5.sgb Stanford GraphBase ID: gunion(board(5,5,0,0,-1,0,0),board(5,5,0,0,-2,0,0),0,0)

[GCP_DATA_INFO]
Type: GCP, Graph Coloring Problem
Node: 25
Edge: 320

[ADJACENCY_List]
2: [1]
3: [1, 2]
4: [1, 2, 3]
5: [1, 2, 3, 4]
6: [1, 2]
7: [1, 2, 3, 6]
8: [2, 3, 4, 6, 7]
9: [3, 4, 5, 6, 7, 8]
10: [4, 5, 6, 7, 8, 9]
11: [1, 3, 6, 7]
12: [2, 4, 6, 7, 8, 11]
13: [1, 3, 5, 7, 8, 9, 11, 12]
14: [2, 4, 8, 9, 10, 11, 12, 13]
15: [3, 5, 9, 10, 11, 12, 13, 14]
16: [1, 4, 6, 8, 11, 12]
17: [2, 5, 7, 9, 11, 12, 13, 16]
18: [3, 6, 8, 10, 12, 13, 14, 16, 17]
19: [1, 4, 7, 9, 13, 14, 15, 16, 17, 18]
20: [2, 5, 8, 10, 14, 15, 16, 17, 18, 19]
21: [1, 5, 6, 9, 11, 13, 16, 17]
22: [2, 7, 10, 12, 14, 16, 17, 18, 21]
23: [3, 8, 11, 13, 15, 17, 18, 19, 21, 22]
24: [4, 6, 9, 12, 14, 18, 19, 20, 21, 22, 23]
25: [1, 5, 7, 10, 13, 15, 19, 20, 21, 22, 23, 24]