[METADATA]
File: queen11_11.col
Description: Translated from Stanford GraphBase File: queen11_11.gb Stanford GraphBase ID: gunion(board(11,11,0,0,-1,0,0),board(11,11,0,0,-2,0,0),0,0)

[GCP_DATA_INFO]
Type: GCP, Graph Coloring Problem
Node: 121
Edge: 3960

[ADJACENCY_List]
2: [1]
3: [1, 2]
4: [1, 2, 3]
5: [1, 2, 3, 4]
6: [1, 2, 3, 4, 5]
7: [1, 2, 3, 4, 5, 6]
8: [1, 2, 3, 4, 5, 6, 7]
9: [1, 2, 3, 4, 5, 6, 7, 8]
10: [1, 2, 3, 4, 5, 6, 7, 8, 9]
11: [1, 2, 3, 4, 5, 6, 7, 8, 9, 10]
12: [1, 2]
13: [1, 2, 3, 12]
14: [2, 3, 4, 12, 13]
15: [3, 4, 5, 12, 13, 14]
16: [4, 5, 6, 12, 13, 14, 15]
17: [5, 6, 7, 12, 13, 14, 15, 16]
18: [6, 7, 8, 12, 13, 14, 15, 16, 17]
19: [7, 8, 9, 12, 13, 14, 15, 16, 17, 18]
20: [8, 9, 10, 12, 13, 14, 15, 16, 17, 18, 19]
21: [9, 10, 11, 12, 13, 14, 15, 16, 17, 18, 19, 20]
22: [10, 11, 12, 13, 14, 15, 16, 17, 18, 19, 20, 21]
23: [1, 3, 12, 13]
24: [2, 4, 12, 13, 14, 23]
25: [1, 3, 5, 13, 14, 15, 23, 24]
26: [2, 4, 6, 14, 15, 16, 23, 24, 25]
27: [3, 5, 7, 15, 16, 17, 23, 24, 25, 26]
28: [4, 6, 8, 16, 17, 18, 23, 24, 25, 26, 27]
29: [5, 7, 9, 17, 18, 19, 23, 24, 25, 26, 27, 28]
30: [6, 8, 10, 18, 19, 20, 23, 24, 25, 26, 27, 28, 29]
31: [7, 9, 11, 19, 20, 21, 23, 24, 25, 26, 27, 28, 29, 30]
32: [8, 10, 20, 21, 22, 23, 24, 25, 26, 27, 28, 29, 30, 31]
33: [9, 11, 21, 22, 23, 24, 25, 26, 27, 28, 29, 30, 31, 32]
34: [1, 4, 12, 14, 23, 24]
35: [2, 5, 13, 15, 23, 24, 25, 34]
36: [3, 6, 12, 14, 16, 24, 25, 26, 34, 35]
37: [1, 4, 7, 13, 15, 17, 25, 26, 27, 34, 35, 36]
38: [2, 5, 8, 14, 16, 18, 26, 27, 28, 34, 35, 36, 37]
39: [3, 6, 9, 15, 17, 19, 27, 28, 29, 34, 35, 36, 37, 38]
40: [4, 7, 10, 16, 18, 20, 28, 29, 30, 34, 35, 36, 37, 38, 39]
41: [5, 8, 11, 17, 19, 21, 29, 30, 31, 34, 35, 36, 37, 38, 39, 40]
42: [6, 9, 18, 20, 22, 30, 31, 32, 34, 35, 36, 37, 38, 39, 40, 41]
43: [7, 10, 19, 21, 31, 32, 33, 34, 35, 36, 37, 38, 39, 40, 41, 42]
44: [8, 11, 20, 22, 32, 33, 34, 35, 36, 37, 38, 39, 40, 41, 42, 43]
45: [1, 5, 12, 15, 23, 25, 34, 35]
46: [2, 6, 13, 16, 24, 26, 34, 35, 36, 45]
47: [3, 7, 14, 17, 23, 25, 27, 35, 36, 37, 45, 46]
48: [4, 8, 12, 15, 18, 24, 26, 28, 36, 37, 38, 45, 46, 47]
49: [1, 5, 9, 13, 16, 19, 25, 27, 29, 37, 38, 39, 45, 46, 47, 48]
50: [2, 6, 10, 14, 17, 20, 26, 28, 30, 38, 39, 40, 45, 46, 47, 48, 49]
51: [3, 7, 11, 15, 18, 21, 27, 29, 31, 39, 40, 41, 45, 46, 47, 48, 49, 50]
52: [4, 8, 16, 19, 22, 28, 30, 32, 40, 41, 42, 45, 46, 47, 48, 49, 50, 51]
53: [5, 9, 17, 20, 29, 31, 33, 41, 42, 43, 45, 46, 47, 48, 49, 50, 51, 52]
54: [6, 10, 18, 21, 30, 32, 42, 43, 44, 45, 46, 47, 48, 49, 50, 51, 52, 53]
55: [7, 11, 19, 22, 31, 33, 43, 44, 45, 46, 47, 48, 49, 50, 51, 52, 53, 54]
56: [1, 6, 12, 16, 23, 26, 34, 36, 45, 46]
57: [2, 7, 13, 17, 24, 27, 35, 37, 45, 46, 47, 56]
58: [3, 8, 14, 18, 25, 28, 34, 36, 38, 46, 47, 48, 56, 57]
59: [4, 9, 15, 19, 23, 26, 29, 35, 37, 39, 47, 48, 49, 56, 57, 58]
60: [5, 10, 12, 16, 20, 24, 27, 30, 36, 38, 40, 48, 49, 50, 56, 57, 58, 59]
61: [1, 6, 11, 13, 17, 21, 25, 28, 31, 37, 39, 41, 49, 50, 51, 56, 57, 58, 59, 60]
62: [2, 7, 14, 18, 22, 26, 29, 32, 38, 40, 42, 50, 51, 52, 56, 57, 58, 59, 60, 61]
63: [3, 8, 15, 19, 27, 30, 33, 39, 41, 43, 51, 52, 53, 56, 57, 58, 59, 60, 61, 62]
64: [4, 9, 16, 20, 28, 31, 40, 42, 44, 52, 53, 54, 56, 57, 58, 59, 60, 61, 62, 63]
65: [5, 10, 17, 21, 29, 32, 41, 43, 53, 54, 55, 56, 57, 58, 59, 60, 61, 62, 63, 64]
66: [6, 11, 18, 22, 30, 33, 42, 44, 54, 55, 56, 57, 58, 59, 60, 61, 62, 63, 64, 65]
67: [1, 7, 12, 17, 23, 27, 34, 37, 45, 47, 56, 57]
68: [2, 8, 13, 18, 24, 28, 35, 38, 46, 48, 56, 57, 58, 67]
69: [3, 9, 14, 19, 25, 29, 36, 39, 45, 47, 49, 57, 58, 59, 67, 68]
70: [4, 10, 15, 20, 26, 30, 34, 37, 40, 46, 48, 50, 58, 59, 60, 67, 68, 69]
71: [5, 11, 16, 21, 23, 27, 31, 35, 38, 41, 47, 49, 51, 59, 60, 61, 67, 68, 69, 70]
72: [6, 12, 17, 22, 24, 28, 32, 36, 39, 42, 48, 50, 52, 60, 61, 62, 67, 68, 69, 70, 71]
73: [1, 7, 13, 18, 25, 29, 33, 37, 40, 43, 49, 51, 53, 61, 62, 63, 67, 68, 69, 70, 71, 72]
74: [2, 8, 14, 19, 26, 30, 38, 41, 44, 50, 52, 54, 62, 63, 64, 67, 68, 69, 70, 71, 72, 73]
75: [3, 9, 15, 20, 27, 31, 39, 42, 51, 53, 55, 63, 64, 65, 67, 68, 69, 70, 71, 72, 73, 74]
76: [4, 10, 16, 21, 28, 32, 40, 43, 52, 54, 64, 65, 66, 67, 68, 69, 70, 71, 72, 73, 74, 75]
77: [5, 11, 17, 22, 29, 33, 41, 44, 53, 55, 65, 66, 67, 68, 69, 70, 71, 72, 73, 74, 75, 76]
78: [1, 8, 12, 18, 23, 28, 34, 38, 45, 48, 56, 58, 67, 68]
79: [2, 9, 13, 19, 24, 29, 35, 39, 46, 49, 57, 59, 67, 68, 69, 78]
80: [3, 10, 14, 20, 25, 30, 36, 40, 47, 50, 56, 58, 60, 68, 69, 70, 78, 79]
81: [4, 11, 15, 21, 26, 31, 37, 41, 45, 48, 51, 57, 59, 61, 69, 70, 71, 78, 79, 80]
82: [5, 16, 22, 27, 32, 34, 38, 42, 46, 49, 52, 58, 60, 62, 70, 71, 72, 78, 79, 80, 81]
83: [6, 17, 23, 28, 33, 35, 39, 43, 47, 50, 53, 59, 61, 63, 71, 72, 73, 78, 79, 80, 81, 82]
84: [7, 12, 18, 24, 29, 36, 40, 44, 48, 51, 54, 60, 62, 64, 72, 73, 74, 78, 79, 80, 81, 82, 83]
85: [1, 8, 13, 19, 25, 30, 37, 41, 49, 52, 55, 61, 63, 65, 73, 74, 75, 78, 79, 80, 81, 82, 83, 84]
86: [2, 9, 14, 20, 26, 31, 38, 42, 50, 53, 62, 64, 66, 74, 75, 76, 78, 79, 80, 81, 82, 83, 84, 85]
87: [3, 10, 15, 21, 27, 32, 39, 43, 51, 54, 63, 65, 75, 76, 77, 78, 79, 80, 81, 82, 83, 84, 85, 86]
88: [4, 11, 16, 22, 28, 33, 40, 44, 52, 55, 64, 66, 76, 77, 78, 79, 80, 81, 82, 83, 84, 85, 86, 87]
89: [1, 9, 12, 19, 23, 29, 34, 39, 45, 49, 56, 59, 67, 69, 78, 79]
90: [2, 10, 13, 20, 24, 30, 35, 40, 46, 50, 57, 60, 68, 70, 78, 79, 80, 89]
91: [3, 11, 14, 21, 25, 31, 36, 41, 47, 51, 58, 61, 67, 69, 71, 79, 80, 81, 89, 90]
92: [4, 15, 22, 26, 32, 37, 42, 48, 52, 56, 59, 62, 68, 70, 72, 80, 81, 82, 89, 90, 91]
93: [5, 16, 27, 33, 38, 43, 45, 49, 53, 57, 60, 63, 69, 71, 73, 81, 82, 83, 89, 90, 91, 92]
94: [6, 17, 28, 34, 39, 44, 46, 50, 54, 58, 61, 64, 70, 72, 74, 82, 83, 84, 89, 90, 91, 92, 93]
95: [7, 18, 23, 29, 35, 40, 47, 51, 55, 59, 62, 65, 71, 73, 75, 83, 84, 85, 89, 90, 91, 92, 93, 94]
96: [8, 12, 19, 24, 30, 36, 41, 48, 52, 60, 63, 66, 72, 74, 76, 84, 85, 86, 89, 90, 91, 92, 93, 94, 95]
97: [1, 9, 13, 20, 25, 31, 37, 42, 49, 53, 61, 64, 73, 75, 77, 85, 86, 87, 89, 90, 91, 92, 93, 94, 95, 96]
98: [2, 10, 14, 21, 26, 32, 38, 43, 50, 54, 62, 65, 74, 76, 86, 87, 88, 89, 90, 91, 92, 93, 94, 95, 96, 97]
99: [3, 11, 15, 22, 27, 33, 39, 44, 51, 55, 63, 66, 75, 77, 87, 88, 89, 90, 91, 92, 93, 94, 95, 96, 97, 98]
100: [1, 10, 12, 20, 23, 30, 34, 40, 45, 50, 56, 60, 67, 70, 78, 80, 89, 90]
101: [2, 11, 13, 21, 24, 31, 35, 41, 46, 51, 57, 61, 68, 71, 79, 81, 89, 90, 91, 100]
102: [3, 14, 22, 25, 32, 36, 42, 47, 52, 58, 62, 69, 72, 78, 80, 82, 90, 91, 92, 100, 101]
103: [4, 15, 26, 33, 37, 43, 48, 53, 59, 63, 67, 70, 73, 79, 81, 83, 91, 92, 93, 100, 101, 102]
104: [5, 16, 27, 38, 44, 49, 54, 56, 60, 64, 68, 71, 74, 80, 82, 84, 92, 93, 94, 100, 101, 102, 103]
105: [6, 17, 28, 39, 45, 50, 55, 57, 61, 65, 69, 72, 75, 81, 83, 85, 93, 94, 95, 100, 101, 102, 103, 104]
106: [7, 18, 29, 34, 40, 46, 51, 58, 62, 66, 70, 73, 76, 82, 84, 86, 94, 95, 96, 100, 101, 102, 103, 104, 105]
107: [8, 19, 23, 30, 35, 41, 47, 52, 59, 63, 71, 74, 77, 83, 85, 87, 95, 96, 97, 100, 101, 102, 103, 104, 105, 106]
108: [9, 12, 20, 24, 31, 36, 42, 48, 53, 60, 64, 72, 75, 84, 86, 88, 96, 97, 98, 100, 101, 102, 103, 104, 105, 106, 107]
109: [1, 10, 13, 21, 25, 32, 37, 43, 49, 54, 61, 65, 73, 76, 85, 87, 97, 98, 99, 100, 101, 102, 103, 104, 105, 106, 107, 108]
110: [2, 11, 14, 22, 26, 33, 38, 44, 50, 55, 62, 66, 74, 77, 86, 88, 98, 99, 100, 101, 102, 103, 104, 105, 106, 107, 108, 109]
111: [1, 11, 12, 21, 23, 31, 34, 41, 45, 51, 56, 61, 67, 71, 78, 81, 89, 91, 100, 101]
112: [2, 13, 22, 24, 32, 35, 42, 46, 52, 57, 62, 68, 72, 79, 82, 90, 92, 100, 101, 102, 111]
113: [3, 14, 25, 33, 36, 43, 47, 53, 58, 63, 69, 73, 80, 83, 89, 91, 93, 101, 102, 103, 111, 112]
114: [4, 15, 26, 37, 44, 48, 54, 59, 64, 70, 74, 78, 81, 84, 90, 92, 94, 102, 103, 104, 111, 112, 113]
115: [5, 16, 27, 38, 49, 55, 60, 65, 67, 71, 75, 79, 82, 85, 91, 93, 95, 103, 104, 105, 111, 112, 113, 114]
116: [6, 17, 28, 39, 50, 56, 61, 66, 68, 72, 76, 80, 83, 86, 92, 94, 96, 104, 105, 106, 111, 112, 113, 114, 115]
117: [7, 18, 29, 40, 45, 51, 57, 62, 69, 73, 77, 81, 84, 87, 93, 95, 97, 105, 106, 107, 111, 112, 113, 114, 115, 116]
118: [8, 19, 30, 34, 41, 46, 52, 58, 63, 70, 74, 82, 85, 88, 94, 96, 98, 106, 107, 108, 111, 112, 113, 114, 115, 116, 117]
119: [9, 20, 23, 31, 35, 42, 47, 53, 59, 64, 71, 75, 83, 86, 95, 97, 99, 107, 108, 109, 111, 112, 113, 114, 115, 116, 117, 118]
120: [10, 12, 21, 24, 32, 36, 43, 48, 54, 60, 65, 72, 76, 84, 87, 96, 98, 108, 109, 110, 111, 112, 113, 114, 115, 116, 117, 118, 119]
121: [1, 11, 13, 22, 25, 33, 37, 44, 49, 55, 61, 66, 73, 77, 85, 88, 97, 99, 109, 110, 111, 112, 113, 114, 115, 116, 117, 118, 119, 120]