[METADATA]
File: queen7_7.col
Description: Translated from Stanford GraphBase File: queen7_7.sgb Stanford GraphBase ID: gunion(board(7,7,0,0,-1,0,0),board(7,7,0,0,-2,0,0),0,0)

[GCP_DATA_INFO]
Type: GCP, Graph Coloring Problem
Node: 49
Edge: 952

[ADJACENCY_List]
2: [1]
3: [1, 2]
4: [1, 2, 3]
5: [1, 2, 3, 4]
6: [1, 2, 3, 4, 5]
7: [1, 2, 3, 4, 5, 6]
8: [1, 2]
9: [1, 2, 3, 8]
10: [2, 3, 4, 8, 9]
11: [3, 4, 5, 8, 9, 10]
12: [4, 5, 6, 8, 9, 10, 11]
13: [5, 6, 7, 8, 9, 10, 11, 12]
14: [6, 7, 8, 9, 10, 11, 12, 13]
15: [1, 3, 8, 9]
16: [2, 4, 8, 9, 10, 15]
17: [1, 3, 5, 9, 10, 11, 15, 16]
18: [2, 4, 6, 10, 11, 12, 15, 16, 17]
19: [3, 5, 7, 11, 12, 13, 15, 16, 17, 18]
20: [4, 6, 12, 13, 14, 15, 16, 17, 18, 19]
21: [5, 7, 13, 14, 15, 16, 17, 18, 19, 20]
22: [1, 4, 8, 10, 15, 16]
23: [2, 5, 9, 11, 15, 16, 17, 22]
24: [3, 6, 8, 10, 12, 16, 17, 18, 22, 23]
25: [1, 4, 7, 9, 11, 13, 17, 18, 19, 22, 23, 24]
26: [2, 5, 10, 12, 14, 18, 19, 20, 22, 23, 24, 25]
27: [3, 6, 11, 13, 19, 20, 21, 22, 23, 24, 25, 26]
28: [4, 7, 12, 14, 20, 21, 22, 23, 24, 25, 26, 27]
29: [1, 5, 8, 11, 15, 17, 22, 23]
30: [2, 6, 9, 12, 16, 18, 22, 23, 24, 29]
31: [3, 7, 10, 13, 15, 17, 19, 23, 24, 25, 29, 30]
32: [4, 8, 11, 14, 16, 18, 20, 24, 25, 26, 29, 30, 31]
33: [1, 5, 9, 12, 17, 19, 21, 25, 26, 27, 29, 30, 31, 32]
34: [2, 6, 10, 13, 18, 20, 26, 27, 28, 29, 30, 31, 32, 33]
35: [3, 7, 11, 14, 19, 21, 27, 28, 29, 30, 31, 32, 33, 34]
36: [1, 6, 8, 12, 15, 18, 22, 24, 29, 30]
37: [2, 7, 9, 13, 16, 19, 23, 25, 29, 30, 31, 36]
38: [3, 10, 14, 17, 20, 22, 24, 26, 30, 31, 32, 36, 37]
39: [4, 11, 15, 18, 21, 23, 25, 27, 31, 32, 33, 36, 37, 38]
40: [5, 8, 12, 16, 19, 24, 26, 28, 32, 33, 34, 36, 37, 38, 39]
41: [1, 6, 9, 13, 17, 20, 25, 27, 33, 34, 35, 36, 37, 38, 39, 40]
42: [2, 7, 10, 14, 18, 21, 26, 28, 34, 35, 36, 37, 38, 39, 40, 41]
43: [1, 7, 8, 13, 15, 19, 22, 25, 29, 31, 36, 37]
44: [2, 9, 14, 16, 20, 23, 26, 30, 32, 36, 37, 38, 43]
45: [3, 10, 17, 21, 24, 27, 29, 31, 33, 37, 38, 39, 43, 44]
46: [4, 11, 18, 22, 25, 28, 30, 32, 34, 38, 39, 40, 43, 44, 45]
47: [5, 12, 15, 19, 23, 26, 31, 33, 35, 39, 40, 41, 43, 44, 45, 46]
48: [6, 8, 13, 16, 20, 24, 27, 32, 34, 40, 41, 42, 43, 44, 45, 46, 47]
49: [1, 7, 9, 14, 17, 21, 25, 28, 33, 35, 41, 42, 43, 44, 45, 46, 47, 48]