[METADATA]
File: queen12_12.col
Description: Translated from Stanford GraphBase File: queen12_12.gb Stanford GraphBase ID: gunion(board(12,12,0,0,-1,0,0),board(12,12,0,0,-2,0,0),0,0)

[GCP_DATA_INFO]
Type: GCP, Graph Coloring Problem
Node: 144
Edge: 5192

[ADJACENCY_List]
2: [1]
3: [1, 2]
4: [1, 2, 3]
5: [1, 2, 3, 4]
6: [1, 2, 3, 4, 5]
7: [1, 2, 3, 4, 5, 6]
8: [1, 2, 3, 4, 5, 6, 7]
9: [1, 2, 3, 4, 5, 6, 7, 8]
10: [1, 2, 3, 4, 5, 6, 7, 8, 9]
11: [1, 2, 3, 4, 5, 6, 7, 8, 9, 10]
12: [1, 2, 3, 4, 5, 6, 7, 8, 9, 10, 11]
13: [1, 2]
14: [1, 2, 3, 13]
15: [2, 3, 4, 13, 14]
16: [3, 4, 5, 13, 14, 15]
17: [4, 5, 6, 13, 14, 15, 16]
18: [5, 6, 7, 13, 14, 15, 16, 17]
19: [6, 7, 8, 13, 14, 15, 16, 17, 18]
20: [7, 8, 9, 13, 14, 15, 16, 17, 18, 19]
21: [8, 9, 10, 13, 14, 15, 16, 17, 18, 19, 20]
22: [9, 10, 11, 13, 14, 15, 16, 17, 18, 19, 20, 21]
23: [10, 11, 12, 13, 14, 15, 16, 17, 18, 19, 20, 21, 22]
24: [11, 12, 13, 14, 15, 16, 17, 18, 19, 20, 21, 22, 23]
25: [1, 3, 13, 14]
26: [2, 4, 13, 14, 15, 25]
27: [1, 3, 5, 14, 15, 16, 25, 26]
28: [2, 4, 6, 15, 16, 17, 25, 26, 27]
29: [3, 5, 7, 16, 17, 18, 25, 26, 27, 28]
30: [4, 6, 8, 17, 18, 19, 25, 26, 27, 28, 29]
31: [5, 7, 9, 18, 19, 20, 25, 26, 27, 28, 29, 30]
32: [6, 8, 10, 19, 20, 21, 25, 26, 27, 28, 29, 30, 31]
33: [7, 9, 11, 20, 21, 22, 25, 26, 27, 28, 29, 30, 31, 32]
34: [8, 10, 12, 21, 22, 23, 25, 26, 27, 28, 29, 30, 31, 32, 33]
35: [9, 11, 22, 23, 24, 25, 26, 27, 28, 29, 30, 31, 32, 33, 34]
36: [10, 12, 23, 24, 25, 26, 27, 28, 29, 30, 31, 32, 33, 34, 35]
37: [1, 4, 13, 15, 25, 26]
38: [2, 5, 14, 16, 25, 26, 27, 37]
39: [3, 6, 13, 15, 17, 26, 27, 28, 37, 38]
40: [1, 4, 7, 14, 16, 18, 27, 28, 29, 37, 38, 39]
41: [2, 5, 8, 15, 17, 19, 28, 29, 30, 37, 38, 39, 40]
42: [3, 6, 9, 16, 18, 20, 29, 30, 31, 37, 38, 39, 40, 41]
43: [4, 7, 10, 17, 19, 21, 30, 31, 32, 37, 38, 39, 40, 41, 42]
44: [5, 8, 11, 18, 20, 22, 31, 32, 33, 37, 38, 39, 40, 41, 42, 43]
45: [6, 9, 12, 19, 21, 23, 32, 33, 34, 37, 38, 39, 40, 41, 42, 43, 44]
46: [7, 10, 20, 22, 24, 33, 34, 35, 37, 38, 39, 40, 41, 42, 43, 44, 45]
47: [8, 11, 21, 23, 34, 35, 36, 37, 38, 39, 40, 41, 42, 43, 44, 45, 46]
48: [9, 12, 22, 24, 35, 36, 37, 38, 39, 40, 41, 42, 43, 44, 45, 46, 47]
49: [1, 5, 13, 16, 25, 27, 37, 38]
50: [2, 6, 14, 17, 26, 28, 37, 38, 39, 49]
51: [3, 7, 15, 18, 25, 27, 29, 38, 39, 40, 49, 50]
52: [4, 8, 13, 16, 19, 26, 28, 30, 39, 40, 41, 49, 50, 51]
53: [1, 5, 9, 14, 17, 20, 27, 29, 31, 40, 41, 42, 49, 50, 51, 52]
54: [2, 6, 10, 15, 18, 21, 28, 30, 32, 41, 42, 43, 49, 50, 51, 52, 53]
55: [3, 7, 11, 16, 19, 22, 29, 31, 33, 42, 43, 44, 49, 50, 51, 52, 53, 54]
56: [4, 8, 12, 17, 20, 23, 30, 32, 34, 43, 44, 45, 49, 50, 51, 52, 53, 54, 55]
57: [5, 9, 18, 21, 24, 31, 33, 35, 44, 45, 46, 49, 50, 51, 52, 53, 54, 55, 56]
58: [6, 10, 19, 22, 32, 34, 36, 45, 46, 47, 49, 50, 51, 52, 53, 54, 55, 56, 57]
59: [7, 11, 20, 23, 33, 35, 46, 47, 48, 49, 50, 51, 52, 53, 54, 55, 56, 57, 58]
60: [8, 12, 21, 24, 34, 36, 47, 48, 49, 50, 51, 52, 53, 54, 55, 56, 57, 58, 59]
61: [1, 6, 13, 17, 25, 28, 37, 39, 49, 50]
62: [2, 7, 14, 18, 26, 29, 38, 40, 49, 50, 51, 61]
63: [3, 8, 15, 19, 27, 30, 37, 39, 41, 50, 51, 52, 61, 62]
64: [4, 9, 16, 20, 25, 28, 31, 38, 40, 42, 51, 52, 53, 61, 62, 63]
65: [5, 10, 13, 17, 21, 26, 29, 32, 39, 41, 43, 52, 53, 54, 61, 62, 63, 64]
66: [1, 6, 11, 14, 18, 22, 27, 30, 33, 40, 42, 44, 53, 54, 55, 61, 62, 63, 64, 65]
67: [2, 7, 12, 15, 19, 23, 28, 31, 34, 41, 43, 45, 54, 55, 56, 61, 62, 63, 64, 65, 66]
68: [3, 8, 16, 20, 24, 29, 32, 35, 42, 44, 46, 55, 56, 57, 61, 62, 63, 64, 65, 66, 67]
69: [4, 9, 17, 21, 30, 33, 36, 43, 45, 47, 56, 57, 58, 61, 62, 63, 64, 65, 66, 67, 68]
70: [5, 10, 18, 22, 31, 34, 44, 46, 48, 57, 58, 59, 61, 62, 63, 64, 65, 66, 67, 68, 69]
71: [6, 11, 19, 23, 32, 35, 45, 47, 58, 59, 60, 61, 62, 63, 64, 65, 66, 67, 68, 69, 70]
72: [7, 12, 20, 24, 33, 36, 46, 48, 59, 60, 61, 62, 63, 64, 65, 66, 67, 68, 69, 70, 71]
73: [1, 7, 13, 18, 25, 29, 37, 40, 49, 51, 61, 62]
74: [2, 8, 14, 19, 26, 30, 38, 41, 50, 52, 61, 62, 63, 73]
75: [3, 9, 15, 20, 27, 31, 39, 42, 49, 51, 53, 62, 63, 64, 73, 74]
76: [4, 10, 16, 21, 28, 32, 37, 40, 43, 50, 52, 54, 63, 64, 65, 73, 74, 75]
77: [5, 11, 17, 22, 25, 29, 33, 38, 41, 44, 51, 53, 55, 64, 65, 66, 73, 74, 75, 76]
78: [6, 12, 13, 18, 23, 26, 30, 34, 39, 42, 45, 52, 54, 56, 65, 66, 67, 73, 74, 75, 76, 77]
79: [1, 7, 14, 19, 24, 27, 31, 35, 40, 43, 46, 53, 55, 57, 66, 67, 68, 73, 74, 75, 76, 77, 78]
80: [2, 8, 15, 20, 28, 32, 36, 41, 44, 47, 54, 56, 58, 67, 68, 69, 73, 74, 75, 76, 77, 78, 79]
81: [3, 9, 16, 21, 29, 33, 42, 45, 48, 55, 57, 59, 68, 69, 70, 73, 74, 75, 76, 77, 78, 79, 80]
82: [4, 10, 17, 22, 30, 34, 43, 46, 56, 58, 60, 69, 70, 71, 73, 74, 75, 76, 77, 78, 79, 80, 81]
83: [5, 11, 18, 23, 31, 35, 44, 47, 57, 59, 70, 71, 72, 73, 74, 75, 76, 77, 78, 79, 80, 81, 82]
84: [6, 12, 19, 24, 32, 36, 45, 48, 58, 60, 71, 72, 73, 74, 75, 76, 77, 78, 79, 80, 81, 82, 83]
85: [1, 8, 13, 19, 25, 30, 37, 41, 49, 52, 61, 63, 73, 74]
86: [2, 9, 14, 20, 26, 31, 38, 42, 50, 53, 62, 64, 73, 74, 75, 85]
87: [3, 10, 15, 21, 27, 32, 39, 43, 51, 54, 61, 63, 65, 74, 75, 76, 85, 86]
88: [4, 11, 16, 22, 28, 33, 40, 44, 49, 52, 55, 62, 64, 66, 75, 76, 77, 85, 86, 87]
89: [5, 12, 17, 23, 29, 34, 37, 41, 45, 50, 53, 56, 63, 65, 67, 76, 77, 78, 85, 86, 87, 88]
90: [6, 18, 24, 25, 30, 35, 38, 42, 46, 51, 54, 57, 64, 66, 68, 77, 78, 79, 85, 86, 87, 88, 89]
91: [7, 13, 19, 26, 31, 36, 39, 43, 47, 52, 55, 58, 65, 67, 69, 78, 79, 80, 85, 86, 87, 88, 89, 90]
92: [1, 8, 14, 20, 27, 32, 40, 44, 48, 53, 56, 59, 66, 68, 70, 79, 80, 81, 85, 86, 87, 88, 89, 90, 91]
93: [2, 9, 15, 21, 28, 33, 41, 45, 54, 57, 60, 67, 69, 71, 80, 81, 82, 85, 86, 87, 88, 89, 90, 91, 92]
94: [3, 10, 16, 22, 29, 34, 42, 46, 55, 58, 68, 70, 72, 81, 82, 83, 85, 86, 87, 88, 89, 90, 91, 92, 93]
95: [4, 11, 17, 23, 30, 35, 43, 47, 56, 59, 69, 71, 82, 83, 84, 85, 86, 87, 88, 89, 90, 91, 92, 93, 94]
96: [5, 12, 18, 24, 31, 36, 44, 48, 57, 60, 70, 72, 83, 84, 85, 86, 87, 88, 89, 90, 91, 92, 93, 94, 95]
97: [1, 9, 13, 20, 25, 31, 37, 42, 49, 53, 61, 64, 73, 75, 85, 86]
98: [2, 10, 14, 21, 26, 32, 38, 43, 50, 54, 62, 65, 74, 76, 85, 86, 87, 97]
99: [3, 11, 15, 22, 27, 33, 39, 44, 51, 55, 63, 66, 73, 75, 77, 86, 87, 88, 97, 98]
100: [4, 12, 16, 23, 28, 34, 40, 45, 52, 56, 61, 64, 67, 74, 76, 78, 87, 88, 89, 97, 98, 99]
101: [5, 17, 24, 29, 35, 41, 46, 49, 53, 57, 62, 65, 68, 75, 77, 79, 88, 89, 90, 97, 98, 99, 100]
102: [6, 18, 30, 36, 37, 42, 47, 50, 54, 58, 63, 66, 69, 76, 78, 80, 89, 90, 91, 97, 98, 99, 100, 101]
103: [7, 19, 25, 31, 38, 43, 48, 51, 55, 59, 64, 67, 70, 77, 79, 81, 90, 91, 92, 97, 98, 99, 100, 101, 102]
104: [8, 13, 20, 26, 32, 39, 44, 52, 56, 60, 65, 68, 71, 78, 80, 82, 91, 92, 93, 97, 98, 99, 100, 101, 102, 103]
105: [1, 9, 14, 21, 27, 33, 40, 45, 53, 57, 66, 69, 72, 79, 81, 83, 92, 93, 94, 97, 98, 99, 100, 101, 102, 103, 104]
106: [2, 10, 15, 22, 28, 34, 41, 46, 54, 58, 67, 70, 80, 82, 84, 93, 94, 95, 97, 98, 99, 100, 101, 102, 103, 104, 105]
107: [3, 11, 16, 23, 29, 35, 42, 47, 55, 59, 68, 71, 81, 83, 94, 95, 96, 97, 98, 99, 100, 101, 102, 103, 104, 105, 106]
108: [4, 12, 17, 24, 30, 36, 43, 48, 56, 60, 69, 72, 82, 84, 95, 96, 97, 98, 99, 100, 101, 102, 103, 104, 105, 106, 107]
109: [1, 10, 13, 21, 25, 32, 37, 43, 49, 54, 61, 65, 73, 76, 85, 87, 97, 98]
110: [2, 11, 14, 22, 26, 33, 38, 44, 50, 55, 62, 66, 74, 77, 86, 88, 97, 98, 99, 109]
111: [3, 12, 15, 23, 27, 34, 39, 45, 51, 56, 63, 67, 75, 78, 85, 87, 89, 98, 99, 100, 109, 110]
112: [4, 16, 24, 28, 35, 40, 46, 52, 57, 64, 68, 73, 76, 79, 86, 88, 90, 99, 100, 101, 109, 110, 111]
113: [5, 17, 29, 36, 41, 47, 53, 58, 61, 65, 69, 74, 77, 80, 87, 89, 91, 100, 101, 102, 109, 110, 111, 112]
114: [6, 18, 30, 42, 48, 49, 54, 59, 62, 66, 70, 75, 78, 81, 88, 90, 92, 101, 102, 103, 109, 110, 111, 112, 113]
115: [7, 19, 31, 37, 43, 50, 55, 60, 63, 67, 71, 76, 79, 82, 89, 91, 93, 102, 103, 104, 109, 110, 111, 112, 113, 114]
116: [8, 20, 25, 32, 38, 44, 51, 56, 64, 68, 72, 77, 80, 83, 90, 92, 94, 103, 104, 105, 109, 110, 111, 112, 113, 114, 115]
117: [9, 13, 21, 26, 33, 39, 45, 52, 57, 65, 69, 78, 81, 84, 91, 93, 95, 104, 105, 106, 109, 110, 111, 112, 113, 114, 115, 116]
118: [1, 10, 14, 22, 27, 34, 40, 46, 53, 58, 66, 70, 79, 82, 92, 94, 96, 105, 106, 107, 109, 110, 111, 112, 113, 114, 115, 116, 117]
119: [2, 11, 15, 23, 28, 35, 41, 47, 54, 59, 67, 71, 80, 83, 93, 95, 106, 107, 108, 109, 110, 111, 112, 113, 114, 115, 116, 117, 118]
120: [3, 12, 16, 24, 29, 36, 42, 48, 55, 60, 68, 72, 81, 84, 94, 96, 107, 108, 109, 110, 111, 112, 113, 114, 115, 116, 117, 118, 119]
121: [1, 11, 13, 22, 25, 33, 37, 44, 49, 55, 61, 66, 73, 77, 85, 88, 97, 99, 109, 110]
122: [2, 12, 14, 23, 26, 34, 38, 45, 50, 56, 62, 67, 74, 78, 86, 89, 98, 100, 109, 110, 111, 121]
123: [3, 15, 24, 27, 35, 39, 46, 51, 57, 63, 68, 75, 79, 87, 90, 97, 99, 101, 110, 111, 112, 121, 122]
124: [4, 16, 28, 36, 40, 47, 52, 58, 64, 69, 76, 80, 85, 88, 91, 98, 100, 102, 111, 112, 113, 121, 122, 123]
125: [5, 17, 29, 41, 48, 53, 59, 65, 70, 73, 77, 81, 86, 89, 92, 99, 101, 103, 112, 113, 114, 121, 122, 123, 124]
126: [6, 18, 30, 42, 54, 60, 61, 66, 71, 74, 78, 82, 87, 90, 93, 100, 102, 104, 113, 114, 115, 121, 122, 123, 124, 125]
127: [7, 19, 31, 43, 49, 55, 62, 67, 72, 75, 79, 83, 88, 91, 94, 101, 103, 105, 114, 115, 116, 121, 122, 123, 124, 125, 126]
128: [8, 20, 32, 37, 44, 50, 56, 63, 68, 76, 80, 84, 89, 92, 95, 102, 104, 106, 115, 116, 117, 121, 122, 123, 124, 125, 126, 127]
129: [9, 21, 25, 33, 38, 45, 51, 57, 64, 69, 77, 81, 90, 93, 96, 103, 105, 107, 116, 117, 118, 121, 122, 123, 124, 125, 126, 127, 128]
130: [10, 13, 22, 26, 34, 39, 46, 52, 58, 65, 70, 78, 82, 91, 94, 104, 106, 108, 117, 118, 119, 121, 122, 123, 124, 125, 126, 127, 128, 129]
131: [1, 11, 14, 23, 27, 35, 40, 47, 53, 59, 66, 71, 79, 83, 92, 95, 105, 107, 118, 119, 120, 121, 122, 123, 124, 125, 126, 127, 128, 129, 130]
132: [2, 12, 15, 24, 28, 36, 41, 48, 54, 60, 67, 72, 80, 84, 93, 96, 106, 108, 119, 120, 121, 122, 123, 124, 125, 126, 127, 128, 129, 130, 131]
133: [1, 12, 13, 23, 25, 34, 37, 45, 49, 56, 61, 67, 73, 78, 85, 89, 97, 100, 109, 111, 121, 122]
134: [2, 14, 24, 26, 35, 38, 46, 50, 57, 62, 68, 74, 79, 86, 90, 98, 101, 110, 112, 121, 122, 123, 133]
135: [3, 15, 27, 36, 39, 47, 51, 58, 63, 69, 75, 80, 87, 91, 99, 102, 109, 111, 113, 122, 123, 124, 133, 134]
136: [4, 16, 28, 40, 48, 52, 59, 64, 70, 76, 81, 88, 92, 97, 100, 103, 110, 112, 114, 123, 124, 125, 133, 134, 135]
137: [5, 17, 29, 41, 53, 60, 65, 71, 77, 82, 85, 89, 93, 98, 101, 104, 111, 113, 115, 124, 125, 126, 133, 134, 135, 136]
138: [6, 18, 30, 42, 54, 66, 72, 73, 78, 83, 86, 90, 94, 99, 102, 105, 112, 114, 116, 125, 126, 127, 133, 134, 135, 136, 137]
139: [7, 19, 31, 43, 55, 61, 67, 74, 79, 84, 87, 91, 95, 100, 103, 106, 113, 115, 117, 126, 127, 128, 133, 134, 135, 136, 137, 138]
140: [8, 20, 32, 44, 49, 56, 62, 68, 75, 80, 88, 92, 96, 101, 104, 107, 114, 116, 118, 127, 128, 129, 133, 134, 135, 136, 137, 138, 139]
141: [9, 21, 33, 37, 45, 50, 57, 63, 69, 76, 81, 89, 93, 102, 105, 108, 115, 117, 119, 128, 129, 130, 133, 134, 135, 136, 137, 138, 139, 140]
142: [10, 22, 25, 34, 38, 46, 51, 58, 64, 70, 77, 82, 90, 94, 103, 106, 116, 118, 120, 129, 130, 131, 133, 134, 135, 136, 137, 138, 139, 140, 141]
143: [11, 13, 23, 26, 35, 39, 47, 52, 59, 65, 71, 78, 83, 91, 95, 104, 107, 117, 119, 130, 131, 132, 133, 134, 135, 136, 137, 138, 139, 140, 141, 142]
144: [1, 12, 14, 24, 27, 36, 40, 48, 53, 60, 66, 72, 79, 84, 92, 96, 105, 108, 118, 120, 131, 132, 133, 134, 135, 136, 137, 138, 139, 140, 141, 142, 143]