[METADATA]
File: queen8_8.col
Description: Translated from Stanford GraphBase File: queen8_8.gb Stanford GraphBase ID: gunion(board(8,8,0,0,-1,0,0),board(8,8,0,0,-2,0,0),0,0)

[GCP_DATA_INFO]
Type: GCP, Graph Coloring Problem
Node: 64
Edge: 1456

[ADJACENCY_List]
2: [1]
3: [1, 2]
4: [1, 2, 3]
5: [1, 2, 3, 4]
6: [1, 2, 3, 4, 5]
7: [1, 2, 3, 4, 5, 6]
8: [1, 2, 3, 4, 5, 6, 7]
9: [1, 2]
10: [1, 2, 3, 9]
11: [2, 3, 4, 9, 10]
12: [3, 4, 5, 9, 10, 11]
13: [4, 5, 6, 9, 10, 11, 12]
14: [5, 6, 7, 9, 10, 11, 12, 13]
15: [6, 7, 8, 9, 10, 11, 12, 13, 14]
16: [7, 8, 9, 10, 11, 12, 13, 14, 15]
17: [1, 3, 9, 10]
18: [2, 4, 9, 10, 11, 17]
19: [1, 3, 5, 10, 11, 12, 17, 18]
20: [2, 4, 6, 11, 12, 13, 17, 18, 19]
21: [3, 5, 7, 12, 13, 14, 17, 18, 19, 20]
22: [4, 6, 8, 13, 14, 15, 17, 18, 19, 20, 21]
23: [5, 7, 14, 15, 16, 17, 18, 19, 20, 21, 22]
24: [6, 8, 15, 16, 17, 18, 19, 20, 21, 22, 23]
25: [1, 4, 9, 11, 17, 18]
26: [2, 5, 10, 12, 17, 18, 19, 25]
27: [3, 6, 9, 11, 13, 18, 19, 20, 25, 26]
28: [1, 4, 7, 10, 12, 14, 19, 20, 21, 25, 26, 27]
29: [2, 5, 8, 11, 13, 15, 20, 21, 22, 25, 26, 27, 28]
30: [3, 6, 12, 14, 16, 21, 22, 23, 25, 26, 27, 28, 29]
31: [4, 7, 13, 15, 22, 23, 24, 25, 26, 27, 28, 29, 30]
32: [5, 8, 14, 16, 23, 24, 25, 26, 27, 28, 29, 30, 31]
33: [1, 5, 9, 12, 17, 19, 25, 26]
34: [2, 6, 10, 13, 18, 20, 25, 26, 27, 33]
35: [3, 7, 11, 14, 17, 19, 21, 26, 27, 28, 33, 34]
36: [4, 8, 9, 12, 15, 18, 20, 22, 27, 28, 29, 33, 34, 35]
37: [1, 5, 10, 13, 16, 19, 21, 23, 28, 29, 30, 33, 34, 35, 36]
38: [2, 6, 11, 14, 20, 22, 24, 29, 30, 31, 33, 34, 35, 36, 37]
39: [3, 7, 12, 15, 21, 23, 30, 31, 32, 33, 34, 35, 36, 37, 38]
40: [4, 8, 13, 16, 22, 24, 31, 32, 33, 34, 35, 36, 37, 38, 39]
41: [1, 6, 9, 13, 17, 20, 25, 27, 33, 34]
42: [2, 7, 10, 14, 18, 21, 26, 28, 33, 34, 35, 41]
43: [3, 8, 11, 15, 19, 22, 25, 27, 29, 34, 35, 36, 41, 42]
44: [4, 12, 16, 17, 20, 23, 26, 28, 30, 35, 36, 37, 41, 42, 43]
45: [5, 9, 13, 18, 21, 24, 27, 29, 31, 36, 37, 38, 41, 42, 43, 44]
46: [1, 6, 10, 14, 19, 22, 28, 30, 32, 37, 38, 39, 41, 42, 43, 44, 45]
47: [2, 7, 11, 15, 20, 23, 29, 31, 38, 39, 40, 41, 42, 43, 44, 45, 46]
48: [3, 8, 12, 16, 21, 24, 30, 32, 39, 40, 41, 42, 43, 44, 45, 46, 47]
49: [1, 7, 9, 14, 17, 21, 25, 28, 33, 35, 41, 42]
50: [2, 8, 10, 15, 18, 22, 26, 29, 34, 36, 41, 42, 43, 49]
51: [3, 11, 16, 19, 23, 27, 30, 33, 35, 37, 42, 43, 44, 49, 50]
52: [4, 12, 20, 24, 25, 28, 31, 34, 36, 38, 43, 44, 45, 49, 50, 51]
53: [5, 13, 17, 21, 26, 29, 32, 35, 37, 39, 44, 45, 46, 49, 50, 51, 52]
54: [6, 9, 14, 18, 22, 27, 30, 36, 38, 40, 45, 46, 47, 49, 50, 51, 52, 53]
55: [1, 7, 10, 15, 19, 23, 28, 31, 37, 39, 46, 47, 48, 49, 50, 51, 52, 53, 54]
56: [2, 8, 11, 16, 20, 24, 29, 32, 38, 40, 47, 48, 49, 50, 51, 52, 53, 54, 55]
57: [1, 8, 9, 15, 17, 22, 25, 29, 33, 36, 41, 43, 49, 50]
58: [2, 10, 16, 18, 23, 26, 30, 34, 37, 42, 44, 49, 50, 51, 57]
59: [3, 11, 19, 24, 27, 31, 35, 38, 41, 43, 45, 50, 51, 52, 57, 58]
60: [4, 12, 20, 28, 32, 33, 36, 39, 42, 44, 46, 51, 52, 53, 57, 58, 59]
61: [5, 13, 21, 25, 29, 34, 37, 40, 43, 45, 47, 52, 53, 54, 57, 58, 59, 60]
62: [6, 14, 17, 22, 26, 30, 35, 38, 44, 46, 48, 53, 54, 55, 57, 58, 59, 60, 61]
63: [7, 9, 15, 18, 23, 27, 31, 36, 39, 45, 47, 54, 55, 56, 57, 58, 59, 60, 61, 62]
64: [1, 8, 10, 16, 19, 24, 28, 32, 37, 40, 46, 48, 55, 56, 57, 58, 59, 60, 61, 62, 63]