[METADATA]
File: queen6_6.col
Description: Translated from Stanford GraphBase File: queen6_6.sgb Stanford GraphBase ID: gunion(board(6,6,0,0,-1,0,0),board(6,6,0,0,-2,0,0),0,0)

[GCP_DATA_INFO]
Type: GCP, Graph Coloring Problem
Node: 36
Edge: 580

[ADJACENCY_List]
2: [1]
3: [1, 2]
4: [1, 2, 3]
5: [1, 2, 3, 4]
6: [1, 2, 3, 4, 5]
7: [1, 2]
8: [1, 2, 3, 7]
9: [2, 3, 4, 7, 8]
10: [3, 4, 5, 7, 8, 9]
11: [4, 5, 6, 7, 8, 9, 10]
12: [5, 6, 7, 8, 9, 10, 11]
13: [1, 3, 7, 8]
14: [2, 4, 7, 8, 9, 13]
15: [1, 3, 5, 8, 9, 10, 13, 14]
16: [2, 4, 6, 9, 10, 11, 13, 14, 15]
17: [3, 5, 10, 11, 12, 13, 14, 15, 16]
18: [4, 6, 11, 12, 13, 14, 15, 16, 17]
19: [1, 4, 7, 9, 13, 14]
20: [2, 5, 8, 10, 13, 14, 15, 19]
21: [3, 6, 7, 9, 11, 14, 15, 16, 19, 20]
22: [1, 4, 8, 10, 12, 15, 16, 17, 19, 20, 21]
23: [2, 5, 9, 11, 16, 17, 18, 19, 20, 21, 22]
24: [3, 6, 10, 12, 17, 18, 19, 20, 21, 22, 23]
25: [1, 5, 7, 10, 13, 15, 19, 20]
26: [2, 6, 8, 11, 14, 16, 19, 20, 21, 25]
27: [3, 9, 12, 13, 15, 17, 20, 21, 22, 25, 26]
28: [4, 7, 10, 14, 16, 18, 21, 22, 23, 25, 26, 27]
29: [1, 5, 8, 11, 15, 17, 22, 23, 24, 25, 26, 27, 28]
30: [2, 6, 9, 12, 16, 18, 23, 24, 25, 26, 27, 28, 29]
31: [1, 6, 7, 11, 13, 16, 19, 21, 25, 26]
32: [2, 8, 12, 14, 17, 20, 22, 25, 26, 27, 31]
33: [3, 9, 15, 18, 19, 21, 23, 26, 27, 28, 31, 32]
34: [4, 10, 13, 16, 20, 22, 24, 27, 28, 29, 31, 32, 33]
35: [5, 7, 11, 14, 17, 21, 23, 28, 29, 30, 31, 32, 33, 34]
36: [1, 6, 8, 12, 15, 18, 22, 24, 29, 30, 31, 32, 33, 34, 35]