[METADATA]
File: school1_nsh.col
Description: Source: Gary Lewandowski (lewandow@cs.wisc.edu) Description: Class Scheduling Graph Final Schedules, no study halls

[GCP_DATA_INFO]
Type: GCP, Graph Coloring Problem
Node: 352
Edge: 14612

[ADJACENCY_List]
2: [1]
4: [3]
5: [1, 3, 4]
6: [3, 4, 5]
7: [3, 4, 5, 6]
8: [3, 4, 5, 6, 7]
9: [3, 4, 5, 6, 7, 8]
10: [3, 4, 5, 6, 7, 8, 9]
11: [1, 3, 4, 5, 6, 7, 8, 9, 10]
12: [3, 4, 5, 6, 7, 8, 9, 10, 11]
13: [3, 4, 5, 6, 7, 8, 10, 11, 12]
14: [3, 4, 5, 6, 7, 8, 9, 10, 11, 12, 13]
15: [3, 4, 5, 6, 7, 9, 10, 11, 12, 13, 14]
16: [3, 4, 5, 6, 7, 8, 9, 10, 11, 12, 13, 14, 15]
17: [1, 3, 4, 5, 6, 7, 8, 10, 11, 12, 14, 15, 16]
18: [4, 5, 7, 10, 11, 12, 15]
19: [4, 5, 7, 8, 9, 11, 15, 18]
20: [5, 10, 12, 17, 18, 19]
21: [1, 5, 7, 11, 12, 15, 16, 18, 19, 20]
22: [18, 19, 20, 21]
23: [10, 18, 19, 20, 21, 22]
24: [18, 19, 20, 21, 22, 23]
25: [15, 18, 19, 20, 21, 22, 23, 24]
26: [10, 18, 19, 20, 21, 22, 23, 24, 25]
27: [15, 18, 19, 20, 21, 23, 24, 25, 26]
28: [19, 20, 27]
29: [12, 16, 20, 21, 28]
30: [5, 10, 14, 17, 18, 20, 21, 23, 27, 28, 29]
31: [1, 5, 18, 19, 20, 23, 27, 28, 29, 30]
32: [10, 18, 19, 21, 23, 24, 26, 28, 29, 30, 31]
33: [1, 18, 20, 32]
34: [5, 7, 15, 20, 21, 25, 26, 27, 28, 29, 30, 31, 32, 33]
35: [4, 5, 8, 9, 10, 11, 20, 23, 24, 25, 26, 27, 32, 33, 34]
36: [4, 5, 7, 11, 15, 18, 21, 23, 25, 26, 27, 30, 32, 33, 34, 35]
37: [5, 12, 14, 16, 17, 18, 19, 26, 30, 31, 32, 33, 34, 35, 36]
38: [1, 17, 18, 19, 21, 23, 24, 26, 30, 33, 35, 36, 37]
39: [1, 4, 7, 10, 11, 14, 18, 20, 25, 26, 27, 29, 32, 34, 35, 36, 37, 38]
41: [10, 18, 19, 24, 26, 32, 33, 34, 35, 37, 38, 39]
42: [5, 7, 12, 15, 16, 18, 20, 21, 23, 24, 25, 26, 27, 33, 34, 36, 39, 41]
43: [7, 11, 15, 16, 21, 32, 33, 36, 37, 38, 39, 41, 42]
44: [33, 34, 42, 43]
45: [11, 15, 16, 18, 19, 20, 21, 27, 28, 29, 30, 31, 32, 33, 34, 36, 39, 42]
46: [5, 10, 12, 14, 15, 16, 18, 19, 20, 21, 25, 26, 27, 28, 29, 30, 31, 32, 34, 35, 38, 39, 42, 45]
47: [11, 15, 16, 17, 18, 19, 20, 21, 25, 32, 33, 34, 35, 36, 37, 38, 39, 43]
48: [4, 7, 10, 12, 14, 16, 18, 19, 20, 28, 32, 35, 36, 37, 38, 39, 41, 47]
49: [12, 14, 15, 18, 19, 21, 24, 27, 29, 30, 32, 34, 35, 36, 37, 38, 39, 43, 47, 48]
50: [1, 4, 10, 11, 12, 14, 15, 19, 20, 21, 22, 23, 26, 27, 31, 33, 34, 37, 39, 41, 42, 43, 44, 46]
51: [23, 24, 25, 26, 27, 32, 33, 34, 35, 37, 41, 42, 43, 44, 50]
52: [19, 23, 24, 25, 27, 32, 33, 35, 36, 37, 41, 42, 43, 44, 50, 51]
53: [23, 24, 26, 27, 33, 34, 35, 37, 41, 42, 43, 44, 50, 51, 52]
54: [1, 19, 23, 24, 25, 26, 27, 32, 33, 34, 35, 36, 38, 41, 42, 43, 44, 50, 51, 52, 53]
55: [19, 23, 24, 26, 27, 30, 35, 36, 37, 38, 39, 47, 48, 49, 51, 52, 53, 54]
56: [19, 23, 24, 26, 27, 30, 35, 36, 37, 38, 39, 47, 48, 49, 51, 52, 53, 54, 55]
57: [3]
58: [3, 6]
59: [3, 6, 58]
60: [1, 3, 6, 58, 59]
61: [3, 6, 57, 58, 59, 60]
62: [6, 58, 59, 60, 61]
63: [6, 58, 59, 60, 61, 62]
64: [3, 6, 58, 59, 60]
65: [3, 6, 30, 58, 59, 60, 64]
66: [1, 3, 58, 59, 60, 64, 65]
67: [3, 6, 61, 62, 63, 64, 65, 66]
68: [6, 61, 62, 63, 64, 65, 66, 67]
69: [6, 61, 62, 63, 64, 65, 66, 67, 68]
70: [5, 17, 20, 21, 25, 28, 29, 30, 31, 32, 36, 37, 58, 59, 60, 61, 62, 63]
71: [16, 17, 18, 19, 20, 28, 30, 31, 32, 41, 48, 58, 59, 60, 61, 62, 63, 70]
72: [16, 17, 20, 21, 29, 30, 31, 38, 50, 58, 59, 60, 61, 62, 63, 65, 70, 71]
73: [5, 16, 17, 18, 28, 29, 30, 31, 32, 38, 39, 48, 58, 59, 60, 61, 62, 63, 70, 71, 72]
74: [1, 4, 5, 16, 17, 18, 19, 21, 28, 29, 30, 31, 37, 58, 59, 60, 61, 62, 63, 70, 71, 72, 73]
75: [4, 5, 15, 16, 17, 21, 28, 29, 30, 31, 38, 39, 61, 64, 65, 66, 67, 68, 69, 72, 73, 74]
76: [1, 5, 17, 18, 19, 21, 28, 29, 30, 31, 60, 64, 65, 66, 67, 68, 69, 72, 73, 74, 75]
77: [1, 5, 16, 17, 18, 19, 20, 21, 28, 29, 30, 31, 37, 38, 64, 65, 66, 67, 68, 69, 72, 73, 74, 75, 76]
78: [16, 17, 19, 20, 21, 25, 28, 29, 30, 31, 32, 64, 65, 66, 67, 68, 69, 70, 71, 75, 76, 77]
79: [5, 17, 18, 21, 28, 29, 30, 31, 37, 41, 64, 65, 66, 67, 68, 69, 70, 71, 75, 76, 77, 78]
80: [11, 14, 15, 17, 18, 20, 21, 23, 27, 31, 32, 35, 37, 39, 43, 45, 46, 47, 49, 50]
81: [4, 10, 12, 15, 16, 18, 19, 20, 25, 27, 28, 30, 32, 34, 36, 37, 38, 39, 41, 43, 46, 47, 48, 49, 50, 71, 73, 80]
82: [12, 14, 16, 18, 19, 20, 21, 30, 32, 33, 34, 35, 36, 37, 38, 39, 42, 43, 45, 46, 47, 48, 49, 50, 80, 81]
83: [12, 15, 16, 18, 19, 20, 22, 23, 28, 29, 31, 34, 41, 45, 46, 47, 48, 49, 50, 72, 75, 80, 81, 82]
84: [4, 5, 7, 10, 14, 15, 19, 21, 24, 25, 26, 27, 28, 29, 30, 31, 33, 34, 35, 39, 42, 45, 46, 47, 48, 49, 50, 80, 81, 82, 83]
85: [1, 2, 12, 16, 18, 26, 29, 37, 41, 46, 48, 49, 50]
86: [1, 2, 85]
87: [4, 5, 10, 14, 15, 19, 20, 21, 22, 23, 24, 25, 27, 28, 29, 30, 39, 45, 46, 47, 48, 49, 50, 72, 80, 81, 82, 83, 84]
88: [4, 7, 10, 15, 16, 18, 19, 20, 21, 26, 27, 28, 31, 33, 34, 35, 39, 41, 42, 45, 46, 48, 49, 50, 80, 81, 82, 83, 84, 87]
89: [1, 4, 10, 11, 12, 14, 15, 16, 17, 18, 19, 20, 21, 26, 27, 28, 30, 32, 35, 36, 37, 38, 39, 41, 43, 47, 48, 49, 50, 73, 80, 81, 82, 83, 84, 85, 87, 88]
90: [11, 12, 14, 15, 16, 18, 19, 21, 29, 32, 34, 37, 38, 39, 42, 43, 45, 46, 47, 48, 49, 50, 71, 80, 81, 82, 83, 84, 85, 87, 88, 89]
91: [11, 12, 15, 18, 19, 20, 21, 23, 25, 27, 30, 31, 32, 33, 34, 35, 36, 37, 38, 39, 43, 45, 46, 47, 49, 50, 55, 56, 80, 81, 82, 83, 84, 87, 88, 89, 90]
92: [1, 4, 5, 7, 8, 9, 10, 11, 14, 18, 19, 23, 24, 25, 26, 33, 35, 37, 38, 39, 41, 42, 51, 52, 53, 54, 55, 56]
93: [1, 4, 7, 10, 11, 12, 15, 18, 19, 23, 24, 25, 26, 27, 30, 32, 33, 34, 35, 36, 38, 39, 41, 42, 43, 50, 52, 53, 54, 55, 56, 89, 91, 92]
94: [5, 12, 16, 19, 21, 24, 25, 35, 36, 42, 51, 52, 53, 54, 55, 56, 92, 93]
95: [4, 5, 7, 8, 9, 11, 12, 15, 16, 17, 19, 20, 21, 23, 24, 33, 34, 35, 37, 38, 39, 41, 42, 43, 45, 51, 53, 92, 93, 94]
96: [12, 17, 23, 24, 25, 26, 27, 32, 33, 34, 35, 36, 37, 39, 41, 42, 44, 51, 52, 53, 54, 55, 56, 92, 93, 94, 95]
97: [1, 7, 8, 9, 10, 11, 12, 14, 15, 18, 23, 26, 27, 32, 33, 34, 35, 36, 38, 39, 41, 42, 43, 50, 51, 52, 53, 54, 55, 56, 89, 92, 93, 94, 95, 96]
98: [4, 5, 7, 8, 9, 10, 11, 14, 18, 19, 23, 24, 25, 26, 27, 35, 36, 37, 39, 41, 42, 52, 54, 55, 56, 92, 93, 94, 95, 96, 97]
99: [92, 93, 94, 96, 97, 98]
100: [35, 71, 79, 92, 93, 94, 95, 96, 97, 98, 99]
101: [11, 12, 15, 16, 17, 21, 23, 24, 25, 26, 27, 34, 35, 37, 39, 42, 43, 51, 52, 53, 54, 55, 56, 92, 93, 94, 95, 96, 97, 98, 99, 100]
102: [19, 24, 25, 34, 35, 36, 38, 39, 43, 45, 51, 92, 93, 94, 95, 96, 97, 98, 99, 100, 101]
103: [4, 5, 7, 8, 9, 10, 11, 12, 16, 17, 19, 20, 21, 23, 24, 25, 26, 32, 33, 34, 35, 36, 37, 38, 39, 41, 42, 43, 44, 51, 53, 54, 56, 92, 93, 94, 95, 96, 97, 98, 99, 100, 101, 102]
105: [92, 93, 94, 95, 96, 97, 98, 99, 100, 101, 102, 103]
106: [7, 10, 17, 19, 20, 21, 23, 24, 34, 36, 38, 39, 42, 43, 51, 56, 92, 93, 94, 95, 96, 97, 98, 99, 100, 101, 102, 103, 105]
107: [7, 10, 17, 19, 20, 21, 23, 24, 34, 36, 38, 39, 42, 43, 51, 56, 92, 93, 94, 95, 96, 97, 98, 99, 100, 101, 102, 103, 105, 106]
108: [6, 46, 50, 58, 60, 61, 62, 63, 64, 66, 68, 69, 83, 88]
109: [5, 17, 30, 45, 58, 59, 61, 63, 64, 67, 68, 69, 70, 74, 75, 79, 83, 87, 108]
110: [6, 30, 46, 50, 58, 59, 60, 62, 63, 64, 66, 67, 68, 70, 74, 75, 79, 83, 88, 108, 109]
111: [5, 17, 45, 58, 59, 61, 63, 64, 67, 68, 69, 70, 79, 83, 87, 108, 109, 110]
112: [20, 28, 38, 41, 43, 71, 74, 77, 78, 79, 95, 103, 108, 109, 110, 111]
113: [20, 28, 38, 41, 43, 71, 74, 77, 78, 79, 95, 103, 108, 109, 110, 111, 112]
114: [71, 73, 75, 76, 79, 108, 109, 110, 111, 112, 113]
115: [71, 73, 75, 76, 79, 108, 109, 110, 111, 112, 113, 114]
116: [39, 56, 59, 66, 103, 106, 107, 108, 109, 110, 111, 112, 113, 115]
117: [39, 56, 59, 66, 103, 106, 107, 108, 109, 110, 111, 112, 113, 114, 116]
118: [49, 81, 91, 101, 102, 106, 107, 108, 109, 110, 111, 112, 113, 115, 117]
119: [49, 81, 91, 101, 102, 106, 107, 108, 109, 110, 111, 112, 113, 114, 116, 118]
120: [16, 17, 29, 43, 46, 47, 49, 58, 59, 60, 61, 62, 63, 64, 65, 66, 67, 68, 69, 70, 72, 75, 77, 79, 80, 82, 89, 90, 91]
121: [6, 18, 23, 27, 28, 29, 30, 39, 42, 45, 46, 47, 49, 55, 56, 59, 60, 62, 63, 64, 66, 68, 69, 70, 71, 72, 76, 77, 78, 79, 83, 84, 87, 88, 91, 92, 93, 95, 98, 102, 120]
122: [6, 29, 32, 36, 43, 46, 47, 48, 58, 60, 61, 62, 63, 64, 65, 66, 67, 68, 69, 74, 75, 82, 83, 84, 87, 88, 91, 93, 97, 120, 121]
123: [6, 16, 23, 27, 28, 29, 30, 43, 46, 47, 49, 55, 56, 58, 59, 60, 62, 63, 64, 65, 66, 67, 68, 69, 70, 74, 75, 79, 80, 82, 84, 87, 89, 90, 91, 93, 120, 121, 122]
124: [17, 28, 29, 46, 47, 58, 60, 61, 62, 63, 64, 65, 67, 68, 69, 71, 72, 75, 77, 78, 79, 83, 84, 87, 88, 120, 121, 122, 123]
125: [17, 18, 32, 36, 42, 43, 46, 47, 48, 49, 58, 59, 60, 61, 62, 63, 64, 66, 67, 68, 69, 70, 72, 75, 76, 77, 79, 82, 83, 84, 87, 88, 91, 92, 93, 97, 98, 120, 121, 122, 123, 124]
126: [1, 5, 18, 20, 28, 30, 31, 33, 35, 36, 38, 45, 46, 47, 48, 50, 71, 72, 73, 74, 75, 76, 77, 78, 80, 81, 82, 83, 88, 90, 91, 95, 101, 103, 106, 107, 120, 121, 122, 123, 124, 125]
127: [18, 19, 21, 24, 29, 31, 32, 34, 35, 39, 41, 43, 45, 46, 47, 49, 50, 70, 71, 72, 74, 75, 77, 78, 79, 80, 81, 82, 83, 84, 87, 88, 89, 91, 92, 94, 95, 98, 100, 102, 106, 107, 120, 121, 122, 123, 124, 125, 126]
128: [18, 20, 21, 29, 31, 32, 35, 39, 43, 46, 47, 50, 70, 71, 72, 74, 77, 78, 79, 80, 81, 82, 83, 84, 87, 88, 89, 91, 95, 101, 102, 103, 120, 121, 122, 123, 124, 125, 126, 127]
129: [18, 19, 20, 24, 28, 30, 33, 34, 35, 36, 38, 41, 43, 45, 46, 47, 48, 49, 72, 73, 74, 75, 76, 81, 82, 83, 84, 87, 88, 90, 91, 92, 98, 101, 102, 106, 107, 120, 121, 122, 123, 124, 125, 126, 127, 128]
130: [28, 31, 36, 37, 42, 43, 46, 50, 70, 72, 73, 74, 75, 77, 78, 81, 83, 87, 90, 94, 102, 103, 106, 107, 120, 121, 122, 123, 124, 125, 126, 127, 128, 129]
131: [28, 31, 36, 37, 42, 43, 46, 50, 70, 72, 73, 74, 75, 77, 78, 81, 83, 87, 90, 94, 102, 103, 106, 107, 120, 121, 122, 123, 124, 125, 126, 127, 128, 129, 130]
132: [18, 46, 81, 82, 90, 91, 120, 121, 122, 123, 124, 125, 126, 127, 128, 129, 131]
133: [18, 46, 81, 82, 90, 91, 120, 121, 122, 123, 124, 125, 126, 127, 128, 129, 130, 132]
134: [34, 52, 54, 55, 56, 92, 94, 95, 96, 97, 101, 102, 120, 121, 122, 123, 124, 125, 126, 127, 128, 129, 131, 133]
135: [34, 52, 54, 55, 56, 92, 94, 95, 96, 97, 101, 102, 120, 121, 122, 123, 124, 125, 126, 127, 128, 129, 130, 132, 134]
136: [104]
139: [1, 10, 18, 19, 23, 24, 25, 26, 33, 38, 39, 41, 54, 56, 60, 62, 66, 69, 92, 97, 98, 103, 106, 107, 116, 117, 127, 129]
140: [57, 61]
141: [3, 57, 61, 140]
142: [20, 30, 31, 72, 77]
143: [3, 6, 18, 19, 21, 29, 42, 43, 47, 48, 50, 58, 59, 60, 61, 62, 63, 64, 65, 66, 67, 68, 69, 74, 77, 80, 82, 85, 89, 90, 92, 98, 121, 122, 123, 124, 125, 139, 142]
144: [3, 19, 29, 30, 31, 35, 49, 57, 58, 59, 60, 61, 62, 63, 65, 66, 67, 68, 69, 74, 76, 77, 84, 87, 93, 97, 108, 110, 111, 116, 117, 120, 121, 122, 123, 124, 125, 139, 141, 142, 143]
145: [1, 6, 10, 11, 21, 25, 26, 27, 30, 32, 33, 34, 35, 36, 37, 39, 41, 42, 44, 50, 51, 54, 57, 60, 61, 62, 63, 66, 67, 68, 69, 70, 84, 88, 92, 93, 96, 97, 98, 101, 103, 109, 111, 120, 121, 122, 123, 124, 140, 141, 142, 143, 144]
146: [4, 5, 7, 8, 9, 11, 19, 21, 23, 24, 25, 27, 30, 32, 36, 43, 47, 51, 52, 54, 55, 56, 70, 80, 89, 91, 92, 93, 94, 95, 97, 101, 103, 121, 123, 142, 143, 144, 145]
147: [1, 4, 5, 8, 9, 11, 12, 16, 18, 21, 23, 24, 26, 32, 35, 38, 39, 42, 43, 49, 50, 51, 54, 61, 62, 68, 82, 89, 90, 91, 92, 93, 94, 96, 97, 98, 103, 142, 143, 144, 145, 146]
148: [10, 18, 19, 20, 23, 26, 28, 30, 32, 33, 34, 35, 36, 37, 38, 41, 42, 47, 48, 49, 50, 51, 53, 70, 72, 74, 76, 77, 78, 81, 82, 84, 87, 89, 90, 92, 93, 95, 97, 98, 103, 121, 125, 127, 128, 139, 142, 143, 144, 145, 146, 147]
149: [1, 10, 18, 20, 21, 23, 24, 25, 26, 27, 30, 32, 33, 34, 35, 36, 37, 38, 39, 41, 45, 46, 47, 51, 52, 53, 54, 70, 78, 80, 82, 83, 87, 88, 89, 91, 92, 93, 94, 95, 96, 97, 98, 101, 103, 126, 127, 128, 129, 134, 135, 139, 142, 143, 144, 145, 146, 147, 148]
150: [5, 18, 19, 24, 30, 32, 33, 36, 37, 38, 41, 42, 48, 49, 50, 52, 53, 54, 55, 56, 73, 75, 81, 82, 89, 90, 93, 94, 95, 96, 97, 98, 101, 102, 103, 112, 113, 130, 131, 142, 143, 144, 145, 146, 147, 148, 149]
151: [3, 5, 19, 26, 29, 35, 36, 37, 41, 42, 49, 50, 55, 56, 57, 58, 60, 61, 63, 64, 65, 66, 67, 68, 69, 73, 76, 82, 85, 89, 90, 94, 95, 101, 103, 109, 111, 112, 113, 120, 121, 122, 123, 124, 125, 139, 142, 143, 144, 145, 146, 147, 148, 149, 150]
152: [4, 8, 9, 10, 11, 18, 19, 20, 23, 26, 28, 32, 33, 35, 36, 37, 41, 42, 48, 51, 52, 53, 54, 59, 60, 61, 62, 64, 65, 67, 68, 69, 70, 78, 82, 90, 92, 93, 95, 97, 98, 103, 108, 110, 120, 121, 122, 123, 125, 126, 128, 139, 142, 143, 144, 145, 146, 147, 148, 149, 150, 151]
153: [4, 7, 9, 10, 12, 15, 16, 17, 18, 19, 20, 25, 37, 38, 46, 47, 49, 61, 62, 67, 69, 71, 73, 77, 78, 80, 82, 84, 85, 87, 90, 91, 92, 93, 95, 96, 97, 98, 101, 103, 132, 133, 145, 152]
154: [1, 3, 6, 7, 9, 10, 11, 21, 25, 26, 27, 29, 34, 39, 42, 50, 58, 59, 60, 61, 63, 64, 66, 67, 68, 69, 74, 76, 89, 92, 93, 96, 97, 101, 108, 109, 110, 111, 120, 121, 122, 123, 124, 125, 145, 147]
155: [11, 15, 24, 25, 26, 32, 34, 35, 42, 47, 48, 58, 59, 60, 61, 62, 64, 65, 66, 67, 69, 70, 71, 79, 80, 81, 89, 90, 92, 93, 97, 98, 108, 110, 120, 122, 123, 139, 149, 153, 154]
156: [27, 52, 53, 55, 56, 93, 97, 154]
157: [6, 16, 58, 61, 62, 64, 68, 69, 71, 74, 77, 78, 144, 154, 155, 156]
158: [6, 58, 59, 60, 65, 66, 70, 73, 77, 79, 144, 154, 155, 156, 157]
159: [4, 17, 31, 50, 58, 59, 60, 61, 64, 65, 66, 67, 71, 72, 74, 75, 77, 79, 83, 87, 100, 143, 144, 154, 155, 156, 157, 158]
160: [3, 5, 6, 18, 30, 37, 57, 58, 59, 60, 61, 62, 63, 64, 66, 67, 68, 69, 74, 77, 109, 111, 120, 121, 122, 124, 141, 143, 144, 153, 155]
161: [4, 6, 10, 12, 14, 15, 16, 27, 29, 37, 42, 46, 48, 50, 58, 59, 60, 62, 65, 66, 69, 72, 81, 82, 83, 84, 85, 87, 89, 90, 91, 94, 101, 144, 154, 155, 156, 157, 158, 159]
162: [155, 156, 157, 158, 159, 161]
163: [5, 7, 10, 14, 15, 16, 17, 20, 21, 30, 39, 43, 45, 46, 50, 72, 73, 74, 75, 77, 83, 84, 87, 88, 95, 103, 106, 107, 120, 125, 154, 155, 156, 157, 158, 159, 161, 162]
164: [4, 7, 9, 10, 11, 12, 14, 15, 18, 32, 34, 35, 37, 39, 41, 42, 45, 71, 78, 80, 90, 91, 92, 93, 97, 98, 144, 145, 147, 149, 152, 153, 154, 155, 156, 157, 158, 159, 161, 162, 163]
165: [1, 5, 10, 14, 16, 17, 18, 19, 20, 21, 37, 45, 47, 49, 50, 71, 72, 74, 75, 77, 79, 80, 82, 83, 88, 89, 91, 103, 106, 107, 120, 124, 153, 160, 163]
166: [5, 12, 15, 16, 18, 27, 28, 30, 31, 37, 46, 65, 70, 72, 73, 74, 77, 78, 79, 83, 84, 87, 153, 157, 160, 161, 163, 165]
167: [12, 15, 17, 30, 31, 32, 33, 36, 45, 46, 52, 54, 71, 72, 74, 75, 76, 77, 78, 80, 81, 84, 88, 90, 91, 93, 97, 150, 152, 153, 160, 161, 163, 164, 165, 166]
168: [7, 9, 10, 92, 97, 153, 154, 160, 164, 165, 166, 167]
169: [5, 7, 10, 11, 12, 14, 15, 17, 18, 20, 21, 27, 30, 34, 35, 36, 42, 43, 45, 46, 47, 48, 49, 72, 74, 75, 77, 80, 81, 82, 84, 85, 87, 88, 89, 90, 91, 95, 103, 120, 124, 153, 155, 157, 160, 163, 164, 165, 166, 167, 168]
170: [11, 12, 15, 17, 19, 37, 45, 46, 47, 50, 72, 75, 76, 80, 81, 82, 83, 88, 89, 91, 153, 160, 161, 164, 165, 166, 167, 168, 169]
171: [4, 7, 10, 12, 14, 15, 16, 19, 20, 25, 37, 43, 45, 46, 47, 48, 49, 74, 77, 80, 82, 83, 84, 87, 88, 89, 90, 91, 95, 103, 153, 160, 161, 163, 165, 166, 167, 168, 169, 170]
172: [4, 5, 7, 8, 9, 10, 11, 12, 15, 16, 19, 21, 35, 43, 50, 81, 91, 92, 95, 97, 98, 101, 145, 146, 147, 152, 153, 154, 160, 161, 164, 165, 166, 167, 168, 169, 170, 171]
173: [4, 5, 7, 10, 11, 12, 14, 18, 20, 34, 35, 36, 37, 39, 42, 45, 50, 84, 87, 88, 92, 93, 95, 97, 98, 103, 144, 145, 147, 152, 153, 155, 160, 163, 164, 165, 166, 167, 169, 170, 171, 172]
174: [4, 7, 8, 9, 10, 11, 12, 14, 15, 18, 21, 35, 36, 39, 43, 50, 84, 87, 92, 93, 95, 97, 98, 101, 144, 145, 146, 147, 152, 153, 154, 160, 164, 165, 166, 167, 168, 169, 170, 171, 172, 173]
175: [4, 5, 8, 9, 10, 11, 12, 14, 15, 16, 19, 35, 37, 39, 45, 50, 81, 84, 87, 88, 91, 92, 93, 95, 97, 98, 101, 145, 147, 152, 153, 155, 160, 161, 163, 164, 165, 166, 167, 168, 169, 170, 171, 172, 173, 174]
176: [11, 14, 39, 92, 97, 153, 160, 165, 166, 167, 168, 169, 171, 172, 173, 174, 175]
177: [4, 7, 10, 11, 12, 14, 16, 17, 21, 32, 37, 39, 42, 43, 48, 61, 71, 72, 75, 78, 81, 84, 88, 90, 92, 93, 94, 95, 97, 98, 103, 145, 147, 152, 153, 154, 155, 156, 157, 158, 159, 161, 162, 163, 164, 169, 171, 173, 174, 175, 176]
178: [3, 6, 12, 15, 17, 19, 50, 58, 59, 60, 61, 62, 65, 66, 67, 68, 69, 75, 82, 83, 91, 96, 101, 108, 110, 122, 124, 143, 145, 147, 153, 154, 155, 156, 157, 158, 159, 160, 161, 162, 163, 164, 165, 170, 177]
179: [1, 11, 15, 34, 39, 42, 46, 50, 58, 59, 61, 62, 63, 64, 66, 67, 68, 69, 84, 88, 89, 93, 97, 108, 109, 111, 122, 124, 143, 147, 153, 154, 155, 156, 157, 158, 159, 161, 162, 163, 164, 167, 169, 173, 175, 177, 178]
180: [3, 6, 8, 9, 10, 12, 16, 18, 19, 21, 23, 26, 28, 42, 48, 58, 59, 60, 62, 63, 64, 65, 66, 67, 68, 73, 77, 85, 89, 92, 94, 98, 103, 109, 110, 120, 121, 125, 139, 143, 144, 147, 148, 152, 154, 155, 156, 157, 158, 159, 161, 162, 163, 164, 166, 172, 175, 177, 178, 179]
181: [4, 10, 12, 14, 15, 16, 19, 21, 26, 27, 29, 37, 39, 41, 43, 45, 46, 47, 48, 50, 72, 75, 80, 82, 83, 84, 85, 87, 88, 89, 90, 127, 128, 143, 146, 151, 159, 161, 166, 170, 171, 173, 174, 175, 178, 180]
182: [4, 7, 8, 9, 10, 11, 15, 16, 18, 19, 21, 24, 25, 27, 35, 36, 38, 39, 41, 42, 45, 46, 47, 48, 49, 50, 52, 54, 55, 56, 80, 81, 84, 88, 89, 90, 91, 94, 98, 101, 146, 149, 151, 161, 163, 164, 167, 169, 170, 171, 172, 173, 175, 177, 179, 180]
183: [4, 8, 9, 10, 12, 14, 15, 16, 19, 27, 35, 36, 37, 45, 46, 48, 49, 55, 56, 75, 80, 81, 82, 83, 84, 88, 89, 90, 94, 98, 101, 151, 161, 163, 164, 167, 169, 170, 171, 172, 175, 178, 179, 180, 181, 182]
184: [4, 7, 10, 14, 15, 18, 21, 24, 25, 26, 37, 39, 41, 43, 47, 48, 50, 52, 54, 72, 80, 81, 83, 84, 85, 87, 88, 89, 91, 127, 128, 143, 146, 149, 151, 159, 161, 163, 169, 171, 173, 174, 175, 177, 180, 181, 182]
186: [3, 57, 61, 140, 141, 144, 145, 151, 160, 185]
187: [6, 59, 65, 161, 186]
188: [185, 186, 187]
189: [3, 6, 12, 15, 18, 21, 30, 32, 36, 49, 58, 59, 60, 61, 62, 63, 65, 66, 67, 69, 70, 83, 85, 90, 109, 111, 120, 121, 122, 124, 143, 145, 146, 149, 151, 152, 153, 154, 157, 159, 160, 161, 166, 169, 170, 179, 180]
190: [1, 3, 17, 19, 28, 30, 58, 59, 60, 61, 62, 64, 65, 66, 68, 69, 72, 74, 75, 76, 77, 109, 111, 120, 121, 124, 125, 139, 143, 144, 145, 151, 152, 158, 160, 161, 166, 177, 178, 180, 189]
191: [1, 3, 4, 6, 12, 15, 16, 17, 18, 21, 30, 31, 32, 36, 49, 58, 59, 60, 61, 62, 63, 65, 66, 67, 69, 70, 74, 75, 76, 77, 83, 85, 90, 109, 111, 120, 121, 124, 143, 145, 146, 149, 151, 152, 153, 154, 157, 159, 160, 161, 163, 166, 167, 169, 170, 171, 179, 180, 187, 189, 190]
192: [1, 3, 5, 18, 19, 28, 30, 37, 57, 58, 59, 60, 61, 62, 64, 65, 66, 68, 69, 72, 73, 74, 75, 76, 77, 109, 111, 120, 121, 124, 125, 139, 143, 144, 145, 150, 151, 152, 158, 159, 160, 161, 166, 177, 178, 180, 186, 189, 190, 191]
193: [188]
194: [185, 186, 193]
195: [3, 57, 61, 140, 141, 144, 145, 160, 185, 186, 187, 188, 193, 194]
196: [6, 30, 31, 32, 58, 59, 60, 61, 62, 63, 64, 65, 66, 67, 68, 69, 70, 74, 76, 77, 78, 108, 109, 110, 111, 122, 124, 125, 144, 145, 148, 151, 152, 153, 154, 155, 157, 159, 178, 179, 180, 191, 192]
197: [3, 6, 25, 47, 58, 59, 60, 61, 62, 63, 64, 65, 66, 67, 68, 70, 71, 78, 84, 87, 108, 109, 110, 111, 120, 122, 123, 124, 125, 139, 143, 144, 145, 151, 152, 154, 158, 160, 161, 177, 178, 179, 180, 181, 183]
198: [1, 5, 17, 31, 58, 59, 60, 61, 62, 63, 64, 65, 66, 67, 68, 69, 70, 74, 76, 79, 108, 109, 110, 111, 116, 117, 121, 122, 123, 124, 126, 143, 144, 145, 147, 151, 152, 154, 155, 157, 159, 160, 178, 179, 180, 181, 183, 197]
199: [6, 46, 58, 59, 60, 61, 63, 64, 65, 66, 67, 68, 69, 72, 75, 83, 87, 121, 122, 123, 124, 125, 127, 128, 143, 144, 149, 153, 155, 157, 159, 178, 179, 180, 182, 184, 189]
200: [6, 28, 30, 31, 32, 46, 48, 58, 59, 60, 61, 62, 63, 64, 65, 66, 67, 68, 69, 70, 73, 74, 76, 77, 78, 81, 84, 89, 108, 109, 110, 111, 122, 124, 125, 144, 145, 148, 151, 152, 153, 154, 155, 157, 159, 178, 179, 191, 196]
201: [1, 3, 5, 6, 17, 31, 47, 49, 58, 59, 60, 61, 62, 63, 65, 66, 67, 68, 69, 70, 74, 76, 79, 84, 87, 90, 108, 109, 110, 111, 120, 121, 122, 123, 124, 125, 126, 139, 143, 145, 147, 148, 151, 152, 155, 158, 160, 161, 179, 180, 181, 183, 197, 198]
202: [3, 6, 58, 59, 60, 61, 62, 63, 64, 65, 66, 67, 68, 69, 71, 78, 79, 108, 110, 120, 121, 122, 123, 124, 125, 144, 145, 147, 151, 152, 154, 155, 157, 158, 159, 160, 177, 178, 179, 180, 181, 183, 197, 198, 199, 201]
203: [6, 25, 46, 58, 59, 60, 61, 63, 64, 65, 66, 67, 68, 69, 70, 72, 75, 78, 83, 87, 116, 117, 121, 122, 123, 124, 125, 127, 128, 143, 144, 149, 152, 153, 155, 157, 159, 178, 179, 180, 182, 184, 189, 197, 198, 199]
204: [16, 20, 21, 27, 30, 31, 32, 34, 37, 38, 43, 45, 46, 47, 48, 50, 52, 53, 54, 55, 56, 71, 81, 82, 83, 84, 87, 88, 90, 91, 92, 93, 97, 120, 123, 126, 127, 128, 129, 130, 131, 134, 135, 149, 155, 156, 163, 165, 171, 177, 200]
205: [12, 14, 18, 19, 20, 21, 24, 29, 32, 33, 34, 35, 37, 38, 43, 45, 47, 48, 49, 50, 52, 53, 80, 82, 83, 84, 87, 88, 89, 90, 91, 94, 101, 121, 124, 126, 127, 129, 143, 144, 147, 148, 150, 151, 152, 165, 169, 170, 171, 178, 200, 204]
206: [16, 18, 19, 20, 21, 27, 31, 32, 34, 37, 38, 43, 45, 47, 48, 49, 50, 52, 53, 54, 55, 56, 71, 81, 82, 83, 84, 87, 88, 90, 91, 92, 93, 97, 120, 121, 123, 124, 126, 127, 128, 129, 130, 131, 134, 135, 143, 147, 148, 149, 150, 151, 152, 155, 156, 163, 165, 171, 177, 200, 204, 205]
207: [12, 14, 19, 20, 21, 24, 29, 30, 32, 33, 34, 35, 38, 43, 45, 46, 47, 48, 49, 50, 52, 53, 80, 82, 83, 84, 87, 88, 89, 91, 94, 101, 126, 129, 144, 147, 148, 149, 150, 165, 169, 170, 171, 178, 200, 204, 205, 206]
208: [3, 6, 58, 59, 60, 61, 62, 63, 64, 65, 66, 67, 69, 108, 109, 110, 111, 120, 121, 122, 123, 124, 125, 143, 144, 145, 151, 152, 154, 155, 178, 180, 182, 184, 199, 201, 203]
209: [3, 6, 58, 59, 60, 61, 62, 63, 64, 65, 66, 67, 68, 108, 109, 110, 111, 120, 121, 122, 123, 124, 125, 144, 152, 154, 155, 158, 160, 179, 180, 182, 184, 199, 203, 208]
210: [3, 6, 58, 59, 61, 62, 63, 64, 65, 66, 67, 68, 69, 108, 109, 110, 111, 120, 121, 122, 123, 124, 125, 144, 151, 152, 154, 160, 178, 180, 182, 184, 199, 203, 208, 209]
211: [3, 6, 58, 59, 60, 61, 62, 63, 65, 66, 67, 68, 69, 108, 110, 111, 120, 121, 122, 123, 125, 143, 145, 151, 152, 154, 155, 158, 179, 180, 182, 184, 199, 203, 208, 209, 210]
212: [19, 21, 27, 28, 29, 30, 31, 45, 70, 71, 74, 75, 77, 78, 79, 84, 88, 109, 110, 126, 127, 128, 130, 131, 189, 190, 191, 192, 202]
213: [18, 20, 28, 29, 30, 31, 38, 46, 70, 71, 72, 73, 74, 75, 76, 78, 79, 83, 87, 121, 122, 123, 124, 126, 129, 130, 131, 151, 166, 189, 190, 191, 192, 212]
214: [11, 16, 17, 19, 20, 21, 28, 29, 31, 35, 38, 39, 47, 49, 60, 70, 71, 72, 73, 74, 75, 76, 77, 78, 79, 80, 84, 87, 89, 112, 113, 114, 115, 120, 121, 123, 124, 125, 130, 131, 142, 144, 148, 153, 154, 155, 164, 167, 169, 189, 190, 191, 192, 212, 213]
215: [11, 16, 19, 20, 21, 28, 29, 30, 31, 35, 38, 46, 47, 70, 71, 72, 74, 75, 76, 77, 78, 79, 80, 83, 87, 89, 114, 115, 122, 123, 126, 129, 130, 131, 144, 148, 155, 166, 169, 189, 190, 191, 192, 212, 213, 214]
216: [17, 18, 19, 28, 29, 30, 31, 39, 49, 70, 71, 72, 73, 74, 75, 76, 77, 78, 80, 89, 112, 113, 120, 121, 123, 124, 126, 127, 128, 153, 164, 167, 189, 190, 191, 192, 212, 213, 214, 215]
217: [17, 18, 20, 21, 27, 28, 29, 30, 31, 38, 45, 49, 60, 71, 72, 73, 74, 75, 76, 77, 79, 84, 87, 88, 109, 110, 121, 125, 142, 153, 154, 189, 190, 191, 192, 202, 212, 213, 214, 215, 216]
218: [16, 21, 28, 29, 30, 31, 37, 38, 70, 71, 72, 73, 74, 75, 77, 78, 79, 100, 109, 110, 114, 115, 120, 121, 123, 127, 128, 129, 130, 131, 155, 157, 158, 159, 166, 180, 182, 184, 199, 203, 208, 209, 210, 211]
219: [16, 18, 20, 28, 29, 30, 31, 41, 70, 71, 72, 73, 75, 76, 78, 79, 112, 113, 114, 115, 120, 121, 125, 126, 127, 128, 129, 130, 131, 163, 167, 170, 182, 184, 199, 203, 208, 209, 210, 211, 218]
220: [16, 18, 21, 29, 30, 31, 38, 70, 71, 72, 73, 74, 75, 76, 77, 79, 100, 121, 125, 127, 128, 129, 130, 131, 158, 159, 163, 167, 170, 182, 184, 199, 203, 208, 209, 210, 211, 218, 219]
221: [16, 20, 28, 29, 31, 37, 41, 70, 71, 72, 73, 75, 76, 77, 78, 79, 109, 110, 112, 113, 114, 115, 120, 121, 123, 125, 126, 127, 128, 129, 130, 131, 155, 157, 158, 166, 180, 182, 184, 199, 203, 208, 209, 210, 211, 218, 219, 220]
222: [11, 18, 19, 20, 21, 25, 26, 31, 35, 39, 41, 46, 47, 48, 49, 50, 56, 80, 81, 82, 83, 84, 88, 90, 91, 96, 103, 108, 110, 120, 121, 122, 123, 124, 125, 127, 128, 129, 132, 133, 153, 171, 181, 183, 197, 198, 201, 202]
223: [4, 7, 12, 15, 17, 18, 19, 20, 21, 22, 23, 27, 30, 31, 34, 38, 39, 42, 43, 45, 46, 48, 49, 50, 80, 81, 82, 83, 84, 87, 89, 90, 91, 94, 95, 101, 102, 103, 118, 119, 121, 122, 125, 126, 127, 128, 129, 148, 153, 161, 163, 167, 169, 170, 171, 177, 181, 183, 197, 198, 201, 202, 222]
224: [12, 15, 18, 19, 20, 21, 25, 26, 30, 34, 35, 38, 39, 42, 45, 46, 47, 48, 49, 50, 56, 80, 81, 82, 84, 87, 88, 89, 90, 91, 96, 103, 121, 122, 124, 125, 126, 127, 128, 129, 132, 133, 148, 153, 161, 167, 170, 171, 181, 183, 197, 198, 201, 202, 222, 223]
225: [7, 11, 18, 19, 21, 22, 23, 27, 31, 39, 41, 42, 43, 46, 47, 48, 49, 50, 80, 81, 82, 83, 87, 88, 90, 91, 94, 95, 101, 103, 108, 110, 118, 119, 120, 122, 123, 125, 127, 128, 129, 161, 163, 169, 171, 177, 181, 183, 197, 198, 201, 202, 222, 223, 224]
226: [12, 17, 19, 21, 23, 24, 25, 34, 35, 36, 38, 51, 54, 94, 96, 100, 101, 102, 106, 107, 118, 119, 127, 134, 135, 146, 149, 153, 178, 181, 183, 197, 198, 201, 202, 222, 223, 224, 225]
227: [7, 12, 17, 19, 21, 24, 25, 34, 35, 36, 41, 42, 51, 54, 94, 96, 100, 101, 102, 103, 106, 107, 118, 119, 127, 134, 135, 153, 178, 181, 183, 197, 198, 201, 202, 222, 223, 224, 225, 226]
228: [4, 16, 17, 20, 21, 23, 24, 25, 26, 27, 28, 29, 30, 31, 32, 34, 37, 39, 41, 42, 43, 45, 46, 47, 49, 50, 51, 53, 70, 71, 79, 81, 82, 83, 84, 87, 88, 90, 91, 92, 95, 96, 97, 98, 102, 103, 109, 111, 118, 119, 122, 125, 127, 128, 132, 133, 134, 135, 139, 144, 149, 152, 153, 155, 171, 177, 189, 190, 191, 192, 205, 206, 207, 212, 213, 214, 215, 216, 217, 222, 223, 224, 225, 226, 227]
229: [102, 106, 107, 118, 119, 189, 190, 191, 192, 212, 213, 215, 216, 217, 226, 227, 228]
230: [5, 10, 14, 18, 20, 21, 22, 23, 24, 25, 26, 30, 34, 39, 41, 42, 45, 46, 48, 50, 70, 79, 83, 84, 87, 88, 92, 95, 98, 102, 103, 121, 139, 149, 155, 163, 169, 173, 189, 190, 191, 192, 212, 213, 215, 216, 217, 222, 223, 225, 228, 229]
231: [1, 6, 18, 28, 29, 30, 31, 57, 59, 60, 61, 62, 63, 65, 66, 67, 68, 69, 70, 71, 73, 74, 76, 77, 78, 79, 114, 115, 127, 128, 140, 141, 143, 145, 148, 149, 151, 152, 154, 155, 186, 189, 190, 192, 195, 196, 197, 199, 200, 202, 203, 209, 210, 212, 213, 214, 215, 216, 217, 218, 221]
232: [1, 6, 18, 21, 28, 29, 30, 31, 57, 59, 60, 61, 62, 63, 65, 66, 67, 68, 69, 70, 71, 73, 74, 76, 77, 78, 79, 122, 124, 140, 141, 143, 145, 148, 149, 151, 152, 154, 155, 186, 189, 190, 192, 195, 196, 197, 198, 199, 200, 202, 203, 209, 210, 212, 213, 214, 216, 217, 228, 230, 231]
233: [10, 12, 16, 18, 19, 21, 23, 24, 26, 29, 30, 31, 32, 33, 34, 35, 36, 37, 38, 39, 41, 42, 43, 45, 46, 47, 48, 49, 50, 51, 52, 53, 55, 56, 58, 59, 61, 62, 63, 64, 65, 67, 68, 69, 71, 72, 73, 75, 76, 78, 79, 80, 81, 83, 84, 85, 87, 88, 89, 90, 92, 93, 94, 95, 97, 98, 101, 102, 106, 107, 108, 110, 114, 115, 120, 121, 122, 123, 125, 126, 127, 128, 129, 134, 135, 139, 143, 144, 145, 148, 150, 160, 161, 165, 167, 170, 172, 173, 175, 177, 178, 179, 180, 181, 182, 183, 184, 189, 190, 191, 192, 196, 197, 198, 199, 200, 201, 202, 203, 204, 205, 206, 207, 208, 209, 210, 212, 214, 215, 216, 217, 218, 220, 221, 222, 223, 224, 225, 228, 231, 232]
234: [10, 12, 16, 18, 19, 21, 23, 24, 26, 27, 28, 29, 30, 31, 32, 33, 34, 35, 36, 37, 38, 39, 41, 42, 43, 45, 46, 47, 48, 49, 50, 51, 52, 53, 55, 56, 58, 59, 61, 62, 63, 64, 65, 67, 68, 69, 71, 72, 73, 75, 76, 78, 79, 80, 81, 83, 84, 85, 87, 88, 89, 90, 92, 93, 94, 95, 97, 98, 101, 102, 106, 107, 108, 110, 120, 121, 122, 123, 125, 126, 127, 128, 129, 130, 131, 134, 135, 139, 143, 144, 145, 148, 149, 150, 160, 161, 165, 167, 172, 173, 175, 177, 178, 179, 180, 181, 182, 184, 189, 190, 191, 192, 196, 197, 198, 199, 200, 201, 202, 203, 204, 205, 206, 207, 208, 209, 210, 211, 212, 213, 214, 215, 216, 217, 218, 220, 222, 223, 224, 225, 226, 228, 231, 232, 233]
235: [47, 83, 87, 103, 106, 107, 121, 124, 130, 131, 205, 206]
236: [235]
237: [3, 6, 20, 29, 38, 45, 49, 58, 59, 60, 61, 62, 64, 65, 66, 67, 68, 70, 71, 72, 73, 74, 75, 76, 77, 79, 83, 84, 87, 88, 102, 106, 107, 108, 109, 110, 111, 122, 125, 143, 144, 145, 147, 151, 152, 154, 157, 160, 166, 169, 179, 189, 191, 196, 198, 199, 200, 201, 202, 203, 204, 205, 206, 207, 208, 210, 211, 212, 213, 215, 216, 217, 219, 220, 226, 227, 228, 232, 236]
238: [3, 6, 16, 20, 29, 38, 45, 49, 58, 59, 60, 61, 62, 64, 65, 66, 67, 68, 70, 71, 72, 73, 74, 75, 76, 77, 78, 79, 83, 84, 87, 88, 102, 106, 107, 108, 109, 110, 111, 122, 125, 143, 144, 145, 147, 151, 152, 154, 157, 160, 166, 169, 179, 189, 191, 196, 198, 199, 200, 201, 202, 203, 204, 205, 206, 207, 208, 210, 211, 212, 213, 215, 216, 217, 218, 219, 220, 221, 226, 227, 228, 232, 235, 237]
239: [11, 18, 20, 22, 23, 28, 29, 32, 34, 35, 37, 42, 43, 46, 49, 50, 70, 71, 73, 75, 76, 78, 79, 82, 83, 84, 87, 88, 90, 91, 92, 95, 98, 101, 103, 106, 107, 114, 115, 120, 121, 123, 124, 126, 128, 130, 131, 132, 133, 145, 152, 153, 172, 174, 175, 212, 215, 218, 219, 221, 222, 223, 224, 225, 228, 230, 233, 234, 236, 238]
240: [7, 10, 11, 16, 18, 20, 22, 23, 28, 29, 32, 34, 35, 36, 37, 42, 43, 46, 47, 49, 50, 70, 71, 73, 75, 76, 78, 79, 80, 82, 83, 84, 87, 88, 89, 90, 91, 92, 93, 95, 97, 98, 101, 103, 106, 107, 114, 115, 120, 121, 123, 124, 126, 127, 128, 130, 131, 132, 133, 145, 152, 153, 172, 173, 174, 175, 181, 184, 204, 205, 206, 212, 215, 218, 219, 221, 222, 223, 224, 225, 227, 228, 230, 233, 234, 235, 237, 239]
241: [235, 237, 239]
242: [16, 20, 21, 23, 24, 28, 30, 32, 34, 35, 37, 38, 39, 41, 43, 45, 46, 47, 49, 50, 51, 54, 56, 80, 82, 83, 84, 87, 88, 89, 90, 91, 95, 96, 101, 103, 106, 107, 116, 117, 120, 121, 123, 125, 126, 128, 129, 130, 131, 134, 135, 139, 152, 204, 206, 207, 213, 214, 215, 216, 217, 222, 223, 224, 225, 226, 227, 228, 233, 234, 237, 238, 239, 240]
243: [20, 23, 25, 26, 33, 34, 35, 36, 37, 41, 42, 45, 46, 47, 48, 50, 51, 53, 55, 56, 81, 82, 83, 84, 85, 87, 88, 89, 90, 91, 92, 94, 96, 97, 101, 102, 103, 106, 107, 122, 125, 126, 128, 130, 131, 134, 135, 145, 149, 150, 151, 181, 182, 183, 184, 204, 206, 207, 222, 223, 224, 225, 226, 233, 234, 242]
244: [1, 12, 15, 16, 17, 20, 29, 30, 31, 39, 70, 71, 72, 73, 74, 75, 76, 77, 78, 79, 83, 109, 110, 114, 115, 121, 124, 126, 127, 128, 130, 131, 142, 143, 148, 149, 157, 158, 166, 170, 189, 190, 191, 212, 213, 214, 215, 216, 217, 218, 219, 220, 221, 231, 232, 233, 237, 238]
245: [1, 5, 17, 18, 20, 21, 28, 29, 30, 31, 60, 70, 71, 72, 74, 76, 77, 78, 79, 120, 123, 126, 127, 128, 129, 130, 131, 142, 153, 154, 159, 164, 165, 167, 169, 177, 191, 196, 197, 200, 202, 212, 213, 214, 215, 216, 217, 218, 219, 220, 221, 233, 234, 237, 238, 239, 240, 244]
246: [5, 15, 17, 18, 19, 20, 21, 24, 25, 28, 29, 30, 31, 32, 36, 37, 38, 41, 46, 48, 52, 54, 65, 70, 71, 72, 73, 74, 75, 76, 78, 79, 81, 83, 84, 87, 89, 100, 114, 115, 120, 121, 124, 127, 128, 144, 145, 146, 148, 149, 150, 153, 155, 158, 159, 165, 166, 167, 169, 171, 182, 184, 189, 190, 191, 192, 196, 199, 200, 203, 212, 214, 215, 218, 220, 221, 228, 230, 231, 232, 234, 237, 238, 239, 240, 244, 245]
247: [4, 15, 16, 17, 18, 19, 26, 28, 29, 30, 31, 32, 37, 38, 41, 48, 50, 71, 72, 73, 74, 75, 76, 77, 78, 79, 81, 83, 85, 89, 90, 109, 110, 130, 131, 144, 151, 155, 159, 163, 166, 167, 170, 171, 177, 178, 181, 183, 184, 191, 199, 200, 203, 204, 206, 212, 213, 214, 215, 216, 217, 218, 219, 220, 221, 231, 232, 233, 234, 239, 240, 243, 244, 245, 246]
248: [5, 16, 17, 18, 21, 25, 28, 30, 31, 38, 45, 70, 72, 73, 74, 75, 76, 77, 78, 79, 83, 87, 109, 111, 112, 113, 114, 115, 121, 125, 127, 129, 148, 153, 166, 167, 170, 180, 197, 198, 201, 203, 212, 213, 214, 215, 216, 217, 218, 219, 220, 221, 228, 231, 232, 233, 234, 237, 238, 239, 240, 244, 245, 246, 247]
249: [12, 16, 17, 18, 19, 20, 21, 28, 29, 31, 41, 42, 46, 49, 61, 70, 71, 72, 73, 74, 75, 76, 77, 78, 79, 84, 85, 88, 90, 112, 113, 120, 121, 122, 123, 124, 125, 126, 128, 129, 130, 131, 148, 151, 152, 153, 161, 163, 166, 167, 169, 177, 181, 182, 189, 190, 191, 192, 212, 213, 215, 216, 217, 218, 219, 220, 221, 228, 231, 232, 233, 234, 244, 245, 246, 247, 248]
250: [1, 10, 11, 12, 15, 16, 17, 18, 19, 20, 21, 28, 30, 31, 32, 33, 34, 37, 38, 39, 42, 43, 46, 47, 48, 50, 54, 70, 71, 72, 75, 76, 78, 79, 80, 81, 82, 83, 87, 89, 90, 92, 93, 97, 102, 103, 106, 107, 114, 115, 121, 125, 126, 127, 128, 129, 130, 131, 132, 133, 139, 149, 153, 155, 163, 164, 165, 169, 171, 179, 196, 199, 200, 203, 204, 205, 206, 207, 212, 213, 214, 215, 216, 218, 219, 220, 222, 223, 224, 225, 226, 227, 228, 231, 232, 237, 238, 239, 240, 244, 245, 246, 247, 248, 249]
251: [5, 18, 19, 21, 23, 27, 30, 31, 32, 34, 36, 39, 42, 43, 47, 48, 50, 70, 71, 72, 73, 74, 75, 76, 77, 79, 80, 82, 89, 91, 94, 96, 102, 103, 106, 107, 120, 125, 126, 127, 128, 129, 130, 131, 134, 135, 145, 146, 148, 149, 150, 151, 165, 167, 181, 184, 189, 191, 192, 199, 203, 205, 207, 212, 213, 215, 216, 218, 219, 221, 223, 225, 226, 227, 228, 233, 234, 239, 240, 244, 245, 246, 247, 248, 249, 250]
252: [4, 14, 17, 18, 19, 24, 25, 30, 33, 35, 36, 37, 39, 43, 45, 47, 48, 49, 50, 51, 52, 54, 71, 72, 73, 74, 75, 76, 77, 78, 80, 81, 82, 83, 87, 89, 90, 91, 93, 95, 97, 102, 103, 106, 107, 114, 115, 121, 124, 125, 126, 127, 128, 129, 144, 146, 147, 148, 149, 152, 153, 158, 164, 165, 171, 173, 174, 177, 182, 184, 205, 206, 207, 214, 215, 217, 218, 219, 220, 221, 223, 224, 226, 227, 228, 233, 234, 235, 239, 240, 244, 245, 246, 247, 248, 249, 250, 251]
253: [16, 18, 19, 20, 25, 26, 28, 29, 32, 36, 42, 43, 46, 47, 49, 50, 70, 71, 72, 73, 75, 76, 77, 78, 79, 80, 81, 83, 84, 87, 88, 90, 91, 92, 93, 94, 97, 98, 101, 102, 106, 107, 108, 109, 110, 114, 115, 118, 119, 120, 121, 122, 123, 125, 126, 128, 130, 131, 161, 166, 200, 205, 206, 213, 214, 215, 218, 219, 220, 221, 222, 223, 224, 225, 226, 227, 228, 229, 233, 234, 242, 244, 245, 246, 247, 248, 249, 250, 251, 252]
254: [4, 8, 9, 12, 15, 16, 17, 18, 19, 30, 32, 36, 47, 48, 60, 71, 72, 73, 74, 75, 76, 77, 78, 81, 83, 90, 91, 94, 95, 98, 101, 102, 103, 130, 131, 144, 148, 150, 153, 155, 163, 166, 167, 169, 170, 171, 172, 175, 177, 180, 182, 183, 184, 189, 191, 204, 206, 214, 216, 217, 219, 220, 223, 228, 231, 232, 233, 234, 243, 244, 245, 246, 247, 248, 249, 250, 251, 252, 253]
255: [1, 4, 5, 10, 11, 12, 15, 16, 17, 19, 21, 25, 27, 30, 31, 36, 42, 45, 46, 48, 49, 50, 70, 71, 72, 74, 75, 76, 77, 78, 80, 81, 83, 84, 87, 88, 89, 91, 94, 103, 147, 148, 153, 161, 164, 165, 166, 167, 169, 170, 171, 172, 173, 175, 177, 178, 180, 181, 182, 183, 190, 191, 196, 197, 200, 203, 214, 216, 233, 234, 244, 245, 246, 247, 248, 249, 250, 251, 252, 253, 254]
256: [19, 21, 23, 24, 34, 42, 45, 46, 47, 49, 51, 52, 53, 81, 82, 83, 84, 87, 88, 90, 91, 94, 95, 101, 103, 118, 119, 122, 123, 125, 126, 127, 128, 129, 132, 133, 134, 135, 148, 149, 161, 197, 201, 205, 206, 207, 222, 223, 224, 225, 226, 228, 233, 234, 239, 240, 242, 243, 253]
257: [17, 18, 19, 20, 22, 23, 26, 27, 31, 35, 37, 39, 41, 43, 46, 47, 48, 49, 50, 80, 82, 83, 84, 87, 88, 89, 91, 92, 98, 101, 103, 106, 107, 120, 121, 123, 124, 126, 127, 128, 129, 130, 131, 165, 170, 204, 206, 222, 223, 224, 225, 230, 233, 234, 235, 239, 240, 251, 253, 256]
258: [1, 11, 18, 20, 21, 25, 30, 31, 34, 35, 37, 38, 39, 41, 42, 45, 46, 47, 49, 50, 51, 52, 53, 55, 56, 80, 81, 83, 84, 87, 88, 89, 91, 92, 93, 94, 96, 97, 98, 101, 122, 125, 127, 128, 145, 147, 150, 151, 152, 153, 154, 171, 172, 175, 179, 182, 183, 204, 205, 206, 222, 223, 224, 225, 228, 237, 238, 239, 240, 242, 243, 253, 256, 257]
259: [1, 11, 19, 20, 23, 24, 26, 31, 34, 35, 37, 39, 42, 46, 47, 50, 51, 52, 53, 55, 56, 80, 81, 82, 84, 87, 88, 89, 90, 91, 92, 93, 94, 95, 96, 97, 98, 101, 103, 120, 122, 123, 125, 132, 133, 134, 135, 147, 148, 149, 150, 151, 153, 154, 171, 179, 182, 183, 197, 201, 204, 205, 206, 207, 222, 224, 225, 226, 228, 233, 234, 239, 240, 243, 253, 256, 257, 258]
260: [18, 20, 21, 22, 23, 25, 26, 27, 31, 35, 39, 41, 42, 43, 46, 47, 48, 49, 50, 51, 53, 80, 81, 82, 83, 84, 87, 88, 91, 92, 94, 97, 101, 103, 106, 107, 118, 119, 121, 124, 126, 127, 128, 129, 130, 131, 152, 161, 204, 206, 222, 223, 224, 225, 228, 230, 233, 234, 235, 239, 240, 242, 251, 253, 256, 257, 258, 259]
261: [11, 17, 18, 19, 21, 30, 31, 34, 37, 38, 42, 45, 46, 47, 48, 49, 50, 80, 81, 82, 83, 84, 87, 88, 89, 90, 92, 98, 122, 125, 126, 127, 128, 129, 145, 165, 170, 172, 175, 204, 205, 206, 222, 223, 224, 225, 228, 237, 238, 239, 240, 242, 243, 253, 256, 257, 258, 259, 260]
262: [5, 7, 12, 17, 21, 23, 34, 35, 36, 38, 39, 42, 43, 56, 94, 95, 96, 100, 101, 102, 103, 106, 107, 112, 113, 118, 119, 126, 127, 128, 129, 150, 151, 153, 178, 222, 224, 226, 227, 229, 233, 234, 237, 238, 239, 240, 242, 243, 250, 251, 253, 256, 257, 258, 259, 260, 261]
263: [19, 23, 24, 25, 34, 38, 39, 41, 45, 51, 54, 94, 95, 96, 101, 102, 103, 106, 107, 121, 134, 135, 146, 223, 226, 227, 228, 230, 233, 234, 242, 251, 252, 256, 257, 258, 259, 260, 261, 262]
264: [7, 12, 17, 21, 23, 24, 25, 34, 35, 36, 39, 41, 42, 43, 45, 51, 54, 56, 94, 95, 96, 100, 101, 102, 103, 106, 107, 118, 119, 121, 126, 127, 128, 129, 146, 153, 178, 222, 223, 224, 226, 227, 229, 230, 233, 234, 237, 238, 239, 240, 242, 243, 250, 253, 256, 257, 258, 259, 260, 261, 262, 263]
265: [5, 19, 24, 25, 34, 36, 38, 42, 43, 51, 94, 95, 96, 101, 102, 103, 106, 107, 112, 113, 118, 119, 134, 135, 150, 151, 226, 227, 228, 233, 234, 242, 251, 252, 256, 257, 258, 259, 260, 261, 262, 263, 264]
266: [6, 15, 59, 60, 61, 62, 63, 64, 65, 66, 67, 68, 69, 75, 83, 108, 109, 110, 111, 121, 122, 123, 124, 143, 144, 145, 151, 152, 154, 157, 159, 160, 161, 170, 178, 179, 180, 181, 183, 187, 189, 190, 191, 192, 197, 201, 202, 208, 209, 210, 211, 231, 232, 233, 234, 237, 238, 242, 243, 247, 255]
267: [3, 6, 58, 59, 60, 61, 63, 64, 65, 66, 68, 69, 120, 121, 122, 123, 124, 125, 143, 144, 145, 147, 151, 152, 154, 155, 158, 159, 160, 161, 178, 179, 180, 189, 191, 196, 197, 198, 199, 200, 201, 202, 203, 208, 209, 210, 211, 233, 234, 237, 238, 242, 243, 266]
268: [3, 6, 58, 59, 61, 62, 63, 65, 66, 67, 68, 69, 108, 110, 111, 116, 117, 120, 121, 124, 125, 139, 143, 144, 145, 151, 152, 153, 154, 155, 157, 158, 159, 160, 178, 179, 180, 189, 190, 191, 192, 196, 197, 198, 199, 200, 201, 202, 203, 208, 209, 210, 211, 231, 232, 237, 238, 242, 243, 266, 267]
269: [1, 3, 6, 57, 58, 59, 60, 61, 62, 63, 64, 65, 66, 67, 69, 120, 121, 122, 123, 124, 125, 141, 143, 144, 145, 151, 152, 154, 155, 160, 178, 179, 180, 186, 190, 192, 195, 196, 197, 198, 199, 200, 201, 202, 203, 209, 210, 211, 231, 232, 233, 234, 237, 238, 242, 243, 266, 267, 268]
270: [3, 6, 58, 59, 60, 61, 62, 63, 64, 65, 66, 67, 68, 109, 110, 111, 120, 121, 122, 123, 124, 143, 144, 145, 151, 153, 154, 155, 157, 158, 160, 161, 178, 180, 189, 190, 191, 192, 196, 198, 199, 200, 201, 202, 203, 208, 210, 211, 231, 232, 233, 234, 242, 243, 266, 267, 268, 269]
271: [6, 58, 59, 60, 61, 62, 63, 64, 65, 66, 68, 69, 108, 110, 120, 121, 122, 123, 124, 125, 139, 143, 144, 145, 147, 151, 152, 155, 159, 178, 179, 180, 189, 191, 192, 196, 197, 198, 199, 200, 201, 202, 203, 208, 209, 210, 211, 231, 232, 233, 234, 237, 238, 256, 257, 258, 259, 260, 261, 262, 263, 264, 265]
272: [3, 6, 57, 58, 59, 60, 61, 62, 63, 64, 65, 66, 67, 68, 69, 108, 109, 110, 111, 116, 117, 120, 121, 122, 123, 124, 125, 144, 145, 151, 152, 153, 155, 158, 160, 178, 179, 180, 186, 189, 190, 191, 192, 197, 198, 199, 201, 203, 208, 209, 211, 232, 233, 234, 237, 238, 242, 243, 266, 267, 268, 269, 270, 271]
273: [3, 6, 58, 59, 60, 61, 62, 63, 64, 66, 67, 68, 69, 109, 111, 120, 121, 122, 123, 124, 139, 143, 144, 151, 152, 154, 155, 157, 159, 178, 180, 189, 190, 191, 192, 196, 197, 198, 199, 200, 201, 202, 203, 208, 209, 210, 211, 231, 232, 233, 234, 237, 238, 242, 243, 266, 267, 268, 269, 270, 271, 272]
274: [12, 15, 58, 59, 60, 61, 62, 63, 64, 65, 67, 68, 69, 73, 83, 108, 109, 110, 120, 121, 122, 123, 125, 143, 144, 145, 147, 151, 153, 154, 155, 157, 159, 166, 170, 178, 180, 189, 190, 191, 192, 196, 197, 198, 199, 200, 201, 202, 203, 208, 209, 210, 211, 231, 232, 237, 238, 242, 243, 244, 254, 266, 267, 268, 269, 270, 271, 272, 273]
275: [3, 6, 30, 58, 59, 60, 62, 63, 64, 65, 66, 67, 68, 69, 72, 109, 110, 111, 120, 121, 122, 124, 125, 143, 144, 145, 151, 152, 154, 155, 157, 158, 159, 160, 161, 166, 178, 179, 189, 190, 191, 192, 196, 197, 198, 200, 201, 202, 208, 209, 210, 211, 231, 232, 233, 234, 237, 238, 242, 243, 246, 266, 267, 268, 269, 270, 271, 272, 273, 274]
276: [1, 3, 6, 58, 59, 60, 61, 63, 64, 65, 66, 67, 68, 69, 108, 109, 110, 111, 120, 122, 123, 124, 125, 143, 144, 145, 147, 152, 155, 158, 160, 161, 178, 179, 180, 187, 189, 190, 191, 192, 196, 197, 198, 200, 201, 202, 208, 209, 210, 211, 231, 232, 233, 234, 237, 238, 242, 243, 266, 267, 268, 269, 270, 271, 272, 273, 274, 275]
277: [6, 58, 59, 60, 62, 63, 64, 65, 66, 67, 68, 108, 109, 110, 111, 120, 121, 122, 124, 125, 139, 143, 144, 145, 151, 152, 154, 158, 159, 160, 161, 178, 179, 189, 190, 191, 192, 196, 197, 198, 199, 200, 201, 202, 203, 208, 209, 210, 211, 231, 232, 233, 234, 237, 238, 256, 257, 258, 259, 260, 261, 262, 263, 264, 265, 266, 267, 268, 269, 270, 271]
278: [1, 3, 6, 57, 58, 59, 60, 61, 62, 63, 64, 65, 66, 67, 68, 69, 108, 109, 111, 120, 121, 122, 123, 124, 125, 139, 140, 141, 144, 145, 151, 152, 154, 155, 157, 159, 160, 178, 179, 180, 186, 189, 190, 191, 192, 195, 197, 198, 199, 201, 203, 208, 209, 211, 231, 232, 233, 234, 237, 238, 266, 267, 268, 269, 270, 271, 273, 274, 275, 276, 277]
279: [3, 6, 57, 58, 59, 60, 61, 62, 63, 64, 66, 67, 68, 69, 108, 109, 111, 116, 117, 120, 121, 122, 123, 124, 139, 143, 144, 147, 151, 152, 154, 155, 157, 159, 161, 178, 180, 186, 189, 190, 191, 192, 196, 197, 198, 199, 200, 201, 202, 203, 208, 209, 210, 211, 231, 232, 233, 234, 237, 238, 266, 267, 268, 269, 270, 271, 272, 274, 275, 276, 277, 278]
280: [16, 58, 59, 60, 61, 62, 63, 64, 65, 67, 68, 69, 73, 75, 109, 110, 120, 122, 123, 125, 143, 144, 145, 147, 151, 153, 154, 155, 157, 158, 159, 160, 161, 163, 178, 179, 180, 189, 190, 191, 192, 196, 197, 198, 199, 200, 201, 202, 203, 208, 209, 210, 211, 219, 220, 231, 232, 237, 238, 254, 266, 267, 268, 269, 270, 271, 272, 273, 275, 276, 277, 278, 279]
281: [1, 3, 6, 17, 58, 59, 60, 62, 63, 64, 65, 66, 67, 68, 69, 73, 74, 77, 108, 109, 110, 111, 120, 122, 124, 125, 143, 144, 151, 152, 153, 154, 155, 160, 178, 179, 189, 190, 191, 192, 196, 197, 198, 199, 200, 201, 202, 203, 208, 209, 210, 211, 231, 232, 233, 234, 237, 238, 244, 255, 266, 267, 268, 269, 270, 271, 272, 273, 274, 276, 278, 279, 280]
282: [3, 6, 58, 59, 60, 61, 63, 64, 65, 66, 67, 68, 69, 108, 109, 110, 111, 120, 122, 123, 124, 125, 143, 144, 145, 152, 155, 158, 159, 160, 161, 178, 179, 180, 189, 190, 191, 192, 196, 197, 198, 199, 200, 201, 202, 208, 209, 210, 211, 231, 232, 233, 234, 237, 238, 266, 267, 268, 269, 270, 271, 272, 273, 274, 275, 277, 278, 279, 280, 281]
283: [3, 6, 58, 59, 60, 61, 62, 64, 65, 66, 67, 68, 69, 108, 109, 110, 120, 121, 122, 123, 124, 125, 143, 144, 145, 152, 154, 159, 160, 161, 178, 179, 180, 187, 189, 191, 196, 197, 198, 199, 200, 201, 202, 203, 208, 209, 210, 231, 232, 233, 234, 266, 267, 268, 269, 270, 271, 272, 273, 274, 275, 276, 277, 278, 279, 280, 281, 282]
284: [138]
286: [1, 6, 57, 58, 59, 60, 61, 62, 63, 64, 65, 66, 67, 68, 69, 108, 109, 110, 111, 121, 122, 123, 124, 125, 139, 140, 141, 143, 144, 145, 151, 152, 154, 158, 159, 160, 161, 178, 179, 180, 186, 189, 190, 191, 192, 195, 197, 201, 202, 208, 209, 210, 211, 231, 232, 233, 234, 237, 238, 267, 268, 269, 270, 271, 272, 273, 274, 275, 276, 277, 278, 279, 280, 281, 282, 283]
287: [3, 6, 58, 60, 61, 62, 63, 64, 65, 66, 67, 68, 69, 72, 75, 109, 111, 120, 121, 123, 124, 125, 143, 144, 145, 147, 151, 152, 154, 155, 157, 158, 159, 160, 161, 177, 178, 179, 180, 189, 190, 191, 192, 196, 197, 198, 199, 200, 201, 202, 203, 208, 209, 210, 211, 231, 232, 233, 234, 237, 238, 249, 266, 267, 268, 269, 270, 271, 272, 273, 274, 275, 276, 277, 278, 279, 280, 281, 282, 283, 286]
288: [3, 6, 58, 59, 61, 62, 63, 64, 65, 66, 67, 68, 69, 120, 121, 122, 123, 124, 125, 143, 144, 145, 147, 151, 152, 154, 155, 158, 159, 160, 161, 178, 179, 180, 189, 191, 192, 196, 197, 198, 199, 200, 201, 202, 203, 208, 209, 210, 211, 231, 232, 237, 238, 266, 267, 269, 270, 271, 272, 273, 274, 275, 276, 277, 278, 279, 280, 281, 282, 283, 286, 287]
289: [6, 58, 59, 60, 61, 62, 63, 64, 65, 66, 68, 69, 108, 109, 110, 111, 120, 121, 122, 123, 124, 143, 144, 145, 151, 152, 153, 154, 155, 158, 178, 179, 180, 189, 191, 196, 197, 198, 199, 200, 201, 202, 203, 208, 209, 210, 211, 231, 232, 233, 234, 237, 238, 266, 268, 269, 270, 272, 273, 274, 275, 276, 277, 278, 279, 280, 281, 282, 283, 286, 287, 288]
290: [3, 6, 58, 59, 60, 61, 62, 63, 64, 65, 66, 67, 69, 108, 109, 110, 111, 116, 117, 120, 121, 122, 123, 124, 125, 143, 144, 145, 151, 152, 153, 154, 155, 157, 159, 178, 179, 180, 196, 197, 198, 199, 200, 201, 202, 203, 209, 210, 211, 231, 232, 233, 234, 237, 238, 266, 267, 268, 270, 271, 272, 273, 274, 275, 276, 277, 278, 279, 280, 281, 282, 283, 286, 287, 288, 289]
291: [3, 6, 57, 59, 60, 61, 62, 63, 64, 65, 66, 67, 68, 69, 109, 110, 111, 120, 122, 123, 124, 125, 139, 141, 143, 144, 145, 151, 152, 154, 157, 159, 160, 161, 178, 179, 180, 186, 187, 189, 190, 191, 192, 195, 196, 197, 198, 199, 200, 201, 202, 203, 208, 209, 210, 211, 232, 233, 234, 237, 238, 266, 267, 268, 269, 270, 271, 272, 273, 274, 275, 276, 277, 278, 279, 280, 281, 282, 283, 286, 287, 288, 289, 290]
292: [1, 4, 5, 17, 18, 19, 21, 28, 30, 31, 37, 60, 61, 65, 70, 72, 73, 74, 75, 76, 77, 78, 120, 124, 125, 126, 148, 149, 150, 152, 157, 159, 160, 163, 165, 166, 167, 169, 177, 190, 191, 192, 196, 198, 200, 201, 213, 214, 215, 217, 219, 221, 231, 232, 233, 234, 237, 238, 244, 245, 246, 247, 249, 251, 253, 254, 255, 275, 281, 287]
293: [1, 4, 5, 17, 18, 19, 21, 28, 29, 30, 31, 37, 60, 61, 65, 70, 72, 73, 74, 75, 76, 77, 78, 120, 124, 125, 126, 148, 149, 150, 152, 157, 159, 160, 163, 165, 166, 167, 169, 177, 190, 191, 192, 196, 198, 200, 201, 212, 213, 214, 215, 217, 219, 221, 231, 232, 233, 234, 237, 238, 244, 245, 246, 247, 249, 251, 253, 254, 255, 275, 281, 287, 292]
294: [16, 17, 19, 21, 29, 30, 31, 38, 70, 71, 72, 73, 74, 75, 76, 77, 78, 79, 100, 109, 110, 112, 113, 121, 122, 123, 124, 126, 127, 128, 129, 130, 131, 144, 148, 151, 153, 155, 158, 159, 164, 212, 213, 214, 215, 216, 217, 218, 219, 220, 221, 228, 231, 232, 233, 234, 237, 238, 239, 240, 245, 246, 247, 248, 249, 250, 251, 252, 253, 254, 255, 292, 293]
295: [12, 15, 16, 17, 19, 21, 28, 29, 30, 31, 32, 39, 48, 50, 70, 71, 72, 73, 74, 75, 76, 78, 79, 81, 83, 87, 89, 114, 115, 120, 121, 123, 125, 127, 128, 129, 130, 131, 154, 157, 159, 161, 166, 167, 170, 178, 181, 183, 184, 189, 191, 198, 200, 201, 212, 214, 215, 216, 217, 218, 220, 221, 231, 232, 237, 238, 239, 240, 244, 245, 247, 248, 249, 250, 251, 252, 253, 254, 255, 266, 274, 292, 293, 294]
296: [16, 18, 20, 21, 25, 28, 29, 30, 31, 32, 41, 70, 71, 72, 73, 74, 75, 77, 78, 79, 112, 113, 114, 115, 121, 124, 125, 126, 127, 128, 129, 130, 131, 142, 143, 148, 165, 177, 196, 197, 200, 202, 203, 213, 214, 215, 216, 217, 219, 220, 221, 228, 230, 231, 232, 233, 234, 237, 238, 239, 240, 244, 245, 246, 247, 248, 249, 250, 251, 252, 253, 254, 255, 292, 293, 294, 295]
297: [5, 16, 17, 18, 20, 27, 28, 29, 31, 37, 38, 45, 70, 71, 72, 73, 74, 75, 76, 77, 78, 79, 84, 88, 109, 110, 111, 114, 115, 121, 125, 126, 129, 158, 163, 166, 167, 170, 171, 180, 191, 198, 199, 201, 202, 203, 212, 213, 215, 216, 217, 218, 219, 220, 221, 228, 231, 232, 233, 234, 244, 245, 246, 247, 248, 250, 251, 252, 253, 254, 280, 292, 293, 294, 295, 296]
298: [15, 17, 18, 19, 20, 21, 28, 29, 30, 31, 37, 38, 70, 71, 72, 73, 74, 75, 76, 77, 78, 79, 83, 114, 115, 121, 123, 125, 126, 129, 130, 131, 142, 148, 153, 155, 158, 166, 170, 178, 181, 183, 212, 213, 214, 215, 216, 217, 218, 219, 220, 221, 231, 232, 233, 234, 237, 238, 239, 240, 244, 245, 246, 247, 248, 249, 250, 251, 252, 253, 255, 266, 292, 293, 294, 295, 296, 297]
299: [16, 17, 20, 21, 27, 28, 29, 30, 31, 32, 45, 70, 71, 72, 74, 75, 76, 77, 78, 79, 84, 88, 100, 114, 115, 120, 121, 123, 124, 126, 127, 128, 129, 130, 131, 142, 148, 154, 157, 159, 167, 196, 200, 212, 213, 214, 216, 217, 218, 219, 220, 221, 228, 230, 231, 232, 233, 234, 238, 239, 240, 244, 245, 246, 247, 248, 249, 250, 251, 252, 253, 254, 292, 293, 294, 295, 296, 297, 298]
300: [5, 16, 17, 18, 19, 28, 29, 30, 31, 32, 38, 39, 48, 70, 71, 72, 73, 74, 75, 76, 77, 79, 81, 89, 109, 110, 111, 112, 113, 121, 124, 125, 126, 127, 128, 129, 130, 131, 143, 144, 148, 163, 166, 171, 191, 198, 200, 201, 213, 214, 215, 216, 218, 219, 221, 231, 232, 233, 234, 237, 238, 239, 240, 244, 245, 246, 247, 248, 249, 250, 252, 253, 254, 292, 293, 294, 295, 296, 297, 298, 299]
301: [12, 15, 16, 18, 20, 25, 28, 29, 30, 38, 41, 50, 70, 71, 72, 73, 74, 75, 76, 77, 78, 79, 83, 87, 109, 110, 112, 113, 114, 115, 121, 122, 123, 125, 127, 128, 130, 131, 151, 153, 159, 161, 163, 164, 165, 166, 167, 170, 177, 180, 181, 184, 189, 191, 197, 199, 202, 203, 212, 213, 214, 215, 216, 217, 218, 219, 220, 221, 231, 232, 233, 234, 244, 245, 247, 248, 249, 251, 252, 254, 255, 274, 280, 292, 293, 294, 295, 296, 297, 298, 299, 300]
302: [12, 14, 19, 20, 21, 30, 32, 34, 37, 38, 41, 42, 45, 46, 47, 48, 49, 80, 81, 82, 83, 84, 87, 88, 89, 90, 91, 109, 111, 121, 122, 124, 125, 126, 127, 129, 150, 153, 161, 171, 181, 182, 183, 204, 205, 206, 207, 214, 217, 222, 223, 224, 225, 228, 233, 234, 235, 237, 238, 239, 240, 242, 243, 248, 249, 252, 255, 257, 258, 259, 260, 261]
303: [12, 18, 20, 22, 23, 25, 26, 28, 30, 31, 33, 34, 35, 38, 39, 41, 42, 43, 45, 46, 47, 48, 49, 50, 81, 82, 83, 84, 87, 88, 89, 90, 91, 108, 110, 120, 122, 123, 125, 126, 127, 128, 129, 130, 131, 132, 133, 148, 153, 169, 197, 201, 205, 206, 207, 213, 215, 222, 223, 224, 225, 230, 233, 234, 239, 240, 242, 243, 250, 252, 253, 256, 257, 258, 259, 260, 261, 302]
304: [11, 16, 17, 18, 19, 20, 21, 23, 27, 31, 33, 34, 36, 37, 38, 39, 43, 45, 46, 47, 49, 50, 80, 81, 82, 83, 84, 87, 88, 89, 90, 91, 118, 119, 120, 123, 126, 128, 129, 130, 131, 132, 133, 145, 147, 148, 149, 153, 165, 170, 171, 178, 181, 183, 204, 205, 206, 207, 222, 223, 224, 225, 228, 233, 234, 240, 242, 243, 250, 251, 252, 253, 255, 256, 257, 258, 259, 260, 261, 302, 303]
305: [4, 7, 10, 11, 14, 15, 16, 18, 19, 20, 21, 24, 25, 26, 27, 29, 32, 35, 37, 38, 39, 41, 43, 45, 46, 47, 48, 49, 50, 52, 54, 71, 72, 80, 81, 82, 83, 84, 85, 87, 88, 89, 90, 127, 128, 143, 144, 146, 147, 148, 149, 150, 151, 153, 155, 159, 161, 163, 165, 166, 169, 171, 173, 174, 175, 177, 181, 182, 184, 201, 204, 205, 206, 207, 214, 215, 228, 237, 238, 240, 243, 246, 247, 251, 252, 254, 255, 258, 260, 295, 301, 302, 303, 304]
306: [4, 5, 10, 11, 12, 14, 15, 16, 18, 19, 23, 24, 27, 28, 29, 30, 32, 36, 37, 38, 41, 45, 46, 47, 48, 49, 50, 55, 56, 73, 75, 80, 81, 82, 83, 84, 85, 87, 88, 89, 90, 91, 93, 120, 121, 123, 127, 128, 143, 146, 149, 152, 153, 161, 163, 164, 167, 169, 170, 172, 173, 175, 178, 179, 180, 181, 182, 183, 184, 189, 191, 199, 200, 203, 205, 206, 207, 214, 216, 223, 224, 225, 230, 233, 234, 242, 246, 247, 249, 250, 252, 254, 255, 261, 266, 295, 298, 300, 302, 303, 304, 305]
307: [4, 5, 7, 8, 9, 10, 11, 12, 14, 15, 16, 18, 19, 20, 21, 29, 30, 32, 35, 39, 43, 45, 46, 47, 48, 49, 50, 71, 80, 81, 83, 84, 85, 87, 88, 89, 90, 91, 98, 127, 128, 143, 144, 146, 149, 153, 155, 161, 163, 165, 167, 169, 170, 171, 172, 173, 174, 175, 177, 179, 180, 181, 182, 183, 184, 189, 191, 204, 205, 206, 207, 214, 215, 223, 224, 228, 230, 237, 238, 240, 247, 249, 251, 252, 254, 255, 302, 303, 304, 305, 306]
308: [4, 10, 11, 15, 16, 18, 19, 21, 24, 25, 26, 27, 28, 32, 36, 37, 38, 41, 45, 46, 48, 49, 50, 52, 54, 72, 73, 75, 80, 81, 82, 83, 84, 85, 87, 89, 90, 91, 120, 123, 127, 128, 143, 146, 147, 148, 149, 150, 151, 152, 153, 159, 161, 164, 166, 167, 169, 170, 171, 173, 175, 178, 180, 181, 182, 183, 184, 199, 200, 203, 204, 205, 206, 207, 214, 216, 233, 234, 242, 243, 246, 247, 250, 251, 252, 255, 258, 260, 266, 295, 298, 300, 301, 302, 303, 304, 305, 306, 307]
309: [302, 303, 304, 305, 306, 307]
310: [11, 12, 16, 18, 19, 20, 21, 22, 23, 26, 27, 28, 30, 31, 33, 34, 35, 37, 38, 39, 42, 43, 46, 47, 48, 50, 80, 81, 82, 83, 84, 87, 88, 89, 90, 91, 108, 110, 120, 121, 122, 123, 124, 125, 126, 129, 130, 131, 132, 133, 145, 149, 153, 165, 169, 170, 178, 182, 204, 205, 206, 207, 213, 215, 222, 223, 224, 225, 228, 230, 233, 234, 235, 239, 240, 242, 243, 249, 250, 251, 252, 253, 255, 257, 258, 260, 261, 302, 303, 304, 305, 306, 307, 308, 309]
311: [12, 14, 16, 18, 19, 20, 21, 24, 25, 27, 28, 32, 34, 37, 38, 39, 41, 42, 43, 45, 47, 48, 49, 50, 52, 54, 55, 56, 80, 81, 82, 83, 84, 87, 88, 90, 91, 93, 98, 109, 111, 118, 119, 121, 122, 125, 126, 127, 128, 147, 148, 150, 153, 161, 170, 171, 181, 183, 205, 207, 212, 214, 217, 222, 223, 224, 225, 228, 230, 233, 234, 237, 238, 239, 240, 242, 243, 248, 250, 253, 255, 256, 257, 258, 259, 260, 261, 297, 299, 302, 303, 304, 305, 306, 307, 308, 309]
312: [17, 18, 19, 20, 21, 23, 25, 26, 30, 31, 32, 33, 34, 36, 37, 38, 41, 45, 46, 47, 48, 49, 50, 80, 81, 82, 83, 84, 87, 88, 89, 91, 96, 103, 120, 122, 123, 126, 127, 128, 129, 132, 133, 148, 149, 150, 165, 170, 197, 200, 201, 204, 205, 206, 222, 223, 224, 225, 228, 233, 234, 237, 238, 239, 240, 242, 243, 252, 253, 256, 257, 258, 259, 261, 302, 303, 304, 305, 306, 307, 308, 309, 311]
313: [40, 48, 83, 87, 223, 225, 261, 306]
314: [40, 313]
315: [137]
316: [285]
317: [4, 5, 7, 8, 9, 10, 12, 18, 19, 23, 26, 32, 33, 35, 36, 38, 52, 54, 92, 93, 97, 98, 139, 144, 147, 148, 150, 152, 154, 164, 167, 168, 172, 173, 174, 175, 180, 182, 183, 233, 234, 240, 252, 253, 254, 257, 259, 307]
318: [1, 4, 5, 7, 8, 9, 10, 11, 17, 18, 19, 23, 24, 25, 26, 27, 32, 35, 36, 38, 39, 41, 42, 50, 51, 52, 53, 54, 55, 56, 89, 93, 94, 95, 96, 97, 98, 101, 102, 103, 106, 107, 130, 131, 134, 135, 145, 146, 147, 149, 153, 154, 156, 161, 164, 173, 174, 177, 179, 204, 205, 206, 207, 223, 225, 226, 227, 228, 233, 234, 235, 237, 238, 240, 242, 243, 250, 252, 253, 254, 256, 257, 258, 259, 260, 262, 263, 264, 265, 312, 317]
319: [4, 5, 7, 9, 10, 12, 16, 17, 18, 20, 21, 23, 24, 33, 34, 35, 36, 37, 38, 41, 42, 43, 44, 51, 53, 54, 55, 56, 92, 94, 95, 96, 98, 101, 102, 103, 106, 107, 112, 113, 118, 119, 121, 125, 126, 129, 130, 131, 143, 145, 147, 148, 149, 150, 151, 153, 163, 164, 165, 169, 171, 172, 174, 175, 177, 178, 180, 182, 183, 223, 225, 226, 227, 228, 233, 234, 240, 242, 243, 250, 251, 254, 255, 256, 257, 258, 259, 260, 262, 264, 265, 317, 318]
320: [1, 11, 14, 19, 23, 24, 26, 27, 32, 33, 34, 35, 36, 37, 38, 39, 43, 51, 52, 53, 54, 55, 56, 92, 93, 94, 96, 97, 98, 100, 101, 102, 103, 122, 125, 127, 134, 135, 139, 145, 147, 149, 150, 152, 153, 155, 164, 172, 173, 175, 177, 179, 204, 206, 222, 224, 226, 227, 228, 233, 234, 239, 240, 243, 250, 251, 253, 258, 261, 262, 263, 264, 265, 311, 317, 318, 319]
321: [5, 8, 9, 11, 14, 15, 19, 20, 21, 24, 25, 26, 27, 34, 35, 37, 39, 41, 42, 43, 51, 52, 53, 54, 55, 56, 92, 93, 95, 96, 97, 98, 101, 102, 103, 106, 107, 116, 117, 118, 119, 126, 127, 128, 129, 130, 131, 134, 135, 139, 145, 146, 149, 150, 152, 154, 155, 164, 169, 172, 173, 174, 176, 177, 179, 226, 227, 228, 229, 230, 233, 234, 239, 240, 242, 250, 251, 252, 253, 258, 259, 260, 262, 263, 264, 265, 317, 318, 319, 320]
322: [4, 5, 7, 8, 9, 10, 12, 18, 19, 23, 26, 32, 33, 35, 36, 38, 52, 54, 92, 93, 97, 98, 139, 144, 147, 148, 150, 152, 154, 164, 167, 168, 172, 173, 174, 175, 180, 182, 183, 233, 234, 240, 252, 254, 307, 317, 318, 319, 320, 321]
323: [11, 15, 19, 21, 23, 24, 25, 26, 27, 32, 34, 36, 37, 39, 41, 42, 43, 51, 52, 53, 54, 55, 56, 92, 93, 95, 96, 97, 98, 101, 102, 103, 122, 125, 126, 127, 128, 129, 134, 135, 139, 145, 147, 149, 150, 152, 154, 155, 164, 172, 174, 175, 179, 204, 206, 226, 227, 228, 230, 233, 234, 239, 240, 242, 250, 251, 252, 253, 257, 258, 259, 260, 261, 262, 263, 264, 265, 311, 317, 318, 319, 320, 321, 322]
324: [1, 5, 8, 9, 11, 14, 20, 33, 34, 35, 37, 38, 39, 41, 42, 43, 51, 53, 54, 55, 56, 92, 93, 94, 95, 96, 97, 98, 100, 102, 103, 106, 107, 116, 117, 118, 119, 126, 127, 128, 129, 130, 131, 139, 145, 146, 149, 152, 153, 155, 164, 169, 172, 173, 174, 175, 176, 177, 179, 222, 224, 226, 227, 229, 230, 233, 234, 239, 240, 242, 243, 250, 251, 253, 262, 263, 264, 317, 318, 319, 320, 321, 322, 323]
325: [7, 10, 12, 16, 17, 18, 20, 21, 23, 25, 26, 33, 34, 35, 36, 39, 42, 44, 45, 51, 52, 53, 54, 55, 56, 92, 94, 95, 96, 98, 101, 102, 103, 106, 107, 121, 125, 126, 129, 130, 131, 134, 135, 143, 145, 148, 149, 150, 151, 153, 161, 163, 165, 172, 175, 178, 182, 183, 205, 207, 223, 225, 226, 227, 230, 233, 234, 237, 238, 240, 242, 243, 250, 252, 253, 254, 256, 257, 258, 259, 260, 262, 263, 264, 265, 312, 317, 318, 319, 320, 321, 322, 323, 324]
326: [1, 4, 5, 7, 8, 9, 10, 11, 12, 16, 17, 18, 19, 21, 23, 24, 25, 27, 32, 33, 34, 35, 36, 37, 38, 39, 41, 42, 43, 50, 51, 52, 53, 54, 55, 56, 89, 92, 93, 94, 95, 97, 98, 101, 102, 103, 106, 107, 112, 113, 118, 119, 130, 131, 145, 146, 147, 148, 149, 150, 151, 153, 154, 156, 163, 164, 169, 171, 172, 173, 174, 177, 179, 180, 204, 206, 223, 225, 226, 227, 228, 235, 240, 242, 251, 252, 254, 255, 256, 257, 258, 259, 260, 262, 263, 264, 265, 317, 318, 319, 320, 321, 322, 323, 324, 325]
327: [19, 24, 25, 45, 49, 83, 84, 87, 88, 94, 102, 170, 173, 175, 181, 183, 205, 207, 226, 227, 233, 234, 255, 263, 265, 304, 306, 308, 311, 318, 326]
328: [7, 43, 95, 103, 163, 171, 177, 223, 225, 319, 326, 327]
329: [11, 12, 14, 16, 18, 28, 29, 30, 31, 32, 36, 39, 42, 43, 46, 47, 48, 70, 71, 73, 75, 76, 79, 81, 82, 85, 89, 90, 92, 93, 97, 98, 102, 103, 106, 107, 120, 123, 130, 131, 153, 155, 161, 164, 173, 174, 175, 176, 177, 179, 181, 198, 200, 201, 204, 206, 212, 213, 214, 215, 216, 217, 219, 220, 226, 228, 237, 238, 239, 240, 242, 243, 244, 247, 248, 249, 251, 252, 262, 264, 294, 295, 296, 297, 298, 299, 300, 301, 304, 306, 307, 308, 310, 319, 320, 321, 324, 325]
330: [16, 17, 20, 21, 23, 27, 28, 29, 30, 31, 38, 39, 41, 45, 55, 56, 71, 72, 73, 74, 75, 76, 77, 78, 79, 91, 93, 95, 100, 102, 112, 113, 120, 121, 123, 124, 125, 127, 128, 129, 142, 144, 146, 148, 151, 153, 154, 158, 159, 163, 166, 167, 180, 191, 212, 213, 214, 215, 216, 217, 218, 219, 220, 221, 223, 230, 231, 232, 233, 234, 237, 238, 244, 245, 246, 248, 249, 250, 252, 253, 254, 255, 263, 264, 292, 293, 294, 295, 296, 297, 298, 299, 300, 301, 306, 325, 327, 328, 329]
331: [1, 4, 5, 11, 14, 16, 17, 20, 21, 23, 25, 26, 33, 34, 36, 37, 38, 39, 42, 43, 45, 47, 48, 49, 54, 71, 74, 75, 79, 80, 82, 83, 84, 85, 87, 88, 89, 90, 91, 92, 94, 95, 96, 97, 98, 102, 103, 112, 113, 130, 131, 139, 143, 145, 147, 149, 150, 151, 153, 159, 163, 165, 169, 170, 171, 172, 173, 174, 180, 181, 184, 191, 202, 204, 205, 206, 207, 212, 217, 222, 225, 228, 230, 233, 234, 239, 240, 243, 245, 247, 250, 252, 253, 254, 257, 258, 261, 262, 265, 292, 293, 297, 301, 304, 305, 306, 307, 308, 310, 311, 312, 318, 319, 320, 321, 324, 325, 326, 329]
332: [1, 4, 16, 17, 19, 28, 29, 30, 31, 38, 65, 71, 72, 73, 74, 75, 76, 77, 78, 79, 100, 120, 121, 125, 157, 159, 163, 166, 167, 180, 190, 191, 192, 199, 203, 213, 214, 215, 216, 217, 218, 219, 220, 221, 233, 234, 237, 238, 244, 246, 247, 248, 249, 251, 252, 253, 255, 275, 281, 292, 293, 294, 295, 296, 297, 299, 300, 301, 327, 328, 329, 330, 331]
333: [1, 5, 16, 17, 18, 21, 29, 30, 37, 38, 39, 70, 71, 73, 74, 75, 77, 78, 79, 109, 110, 114, 115, 121, 125, 126, 128, 129, 153, 158, 160, 163, 164, 165, 166, 167, 169, 192, 212, 213, 214, 215, 216, 217, 218, 219, 220, 221, 233, 244, 245, 247, 248, 249, 250, 251, 252, 253, 254, 255, 280, 292, 293, 294, 295, 296, 297, 298, 299, 300, 301, 327, 328, 329, 330, 332]
334: [5, 16, 17, 18, 19, 28, 30, 31, 37, 38, 60, 61, 70, 71, 72, 74, 75, 76, 77, 78, 79, 109, 111, 120, 121, 123, 124, 127, 128, 155, 157, 158, 159, 163, 165, 166, 167, 169, 170, 171, 177, 190, 191, 192, 196, 197, 198, 200, 201, 202, 212, 214, 216, 217, 218, 219, 220, 221, 231, 233, 234, 237, 238, 244, 245, 246, 247, 248, 249, 250, 251, 253, 254, 287, 292, 293, 294, 295, 296, 297, 298, 300, 301, 327, 328, 329, 330, 332, 333]
335: [18, 19, 20, 21, 28, 29, 30, 31, 70, 71, 72, 73, 74, 75, 76, 77, 78, 79, 120, 121, 122, 123, 124, 126, 127, 129, 130, 131, 142, 144, 148, 151, 152, 192, 212, 213, 214, 215, 216, 218, 219, 220, 221, 228, 230, 231, 232, 234, 237, 238, 239, 240, 244, 245, 246, 247, 248, 249, 250, 251, 252, 253, 274, 281, 292, 293, 294, 295, 296, 297, 299, 300, 301, 329, 330, 331]
336: [5, 18, 20, 21, 25, 28, 29, 30, 31, 32, 70, 71, 73, 74, 75, 76, 77, 78, 79, 114, 115, 121, 124, 126, 127, 128, 129, 130, 131, 148, 150, 154, 192, 196, 197, 200, 203, 212, 213, 214, 215, 216, 217, 218, 219, 220, 221, 228, 231, 237, 238, 239, 240, 244, 245, 246, 247, 248, 249, 250, 251, 252, 253, 255, 292, 293, 294, 295, 296, 297, 298, 299, 300, 301, 329, 330, 331, 335]
337: [1, 5, 18, 20, 21, 28, 29, 30, 31, 41, 70, 71, 72, 74, 75, 76, 77, 78, 79, 112, 113, 114, 115, 121, 124, 126, 127, 128, 130, 131, 142, 143, 144, 148, 149, 198, 201, 202, 212, 213, 214, 216, 217, 218, 219, 220, 221, 231, 232, 233, 234, 237, 238, 244, 245, 246, 247, 248, 249, 250, 253, 254, 292, 293, 294, 295, 296, 297, 298, 300, 301, 329, 330, 331, 335, 336]
338: [7, 8, 9, 10, 11, 12, 15, 18, 23, 27, 30, 34, 35, 42, 45, 47, 49, 55, 56, 80, 81, 83, 85, 87, 89, 90, 91, 92, 93, 97, 109, 111, 121, 123, 146, 152, 153, 155, 164, 167, 169, 172, 173, 174, 175, 179, 182, 183, 184, 189, 191, 214, 215, 228, 233, 234, 237, 238, 240, 248, 249, 250, 254, 302, 305, 306, 307, 308, 311, 317, 321, 322, 323, 324, 327, 328, 330, 332, 333, 334]
339: [4, 10, 12, 16, 19, 20, 25, 30, 31, 33, 34, 37, 38, 39, 42, 44, 45, 46, 48, 51, 54, 60, 65, 70, 72, 74, 75, 76, 77, 78, 79, 81, 82, 83, 88, 89, 90, 93, 95, 96, 97, 101, 102, 103, 121, 125, 126, 129, 145, 149, 152, 157, 161, 166, 169, 172, 173, 175, 182, 183, 190, 192, 197, 203, 204, 205, 206, 207, 212, 213, 214, 215, 216, 217, 223, 224, 230, 233, 234, 237, 238, 240, 243, 245, 246, 247, 248, 249, 250, 251, 252, 253, 254, 255, 263, 264, 275, 292, 293, 295, 296, 297, 298, 299, 301, 303, 304, 306, 308, 310, 317, 319, 322, 325, 328, 330, 332, 333, 334, 335, 336, 338]
340: [11, 12, 14, 15, 18, 19, 21, 26, 27, 28, 35, 36, 38, 39, 41, 43, 45, 46, 47, 48, 50, 70, 74, 76, 79, 80, 81, 82, 84, 87, 88, 89, 90, 91, 92, 94, 95, 98, 100, 101, 102, 103, 106, 107, 112, 113, 127, 134, 135, 143, 145, 146, 150, 151, 155, 158, 161, 163, 164, 165, 166, 170, 172, 173, 174, 175, 178, 181, 182, 184, 190, 192, 205, 207, 218, 221, 222, 223, 225, 226, 227, 233, 234, 239, 240, 242, 246, 250, 253, 255, 256, 257, 258, 259, 260, 262, 263, 264, 265, 292, 293, 294, 298, 304, 305, 306, 307, 308, 310, 311, 317, 319, 320, 321, 323, 324, 326, 327, 329, 330, 331, 332, 333, 334, 338, 339]
341: [3, 6, 59, 60, 61, 62, 63, 64, 65, 66, 67, 68, 69, 108, 109, 110, 111, 122, 124, 143, 144, 145, 153, 154, 155, 157, 158, 159, 160, 161, 178, 179, 180, 189, 190, 191, 192, 196, 197, 198, 199, 200, 201, 202, 203, 208, 209, 210, 211, 233, 234, 237, 238, 266, 267, 268, 269, 270, 271, 272, 273, 274, 275, 276, 277, 278, 279, 280, 281, 282, 283, 286, 287, 288, 289, 290, 327, 328, 330, 332, 333, 334, 338, 339, 340]
342: [3, 6, 57, 58, 60, 61, 62, 63, 64, 65, 66, 67, 68, 69, 109, 110, 111, 120, 121, 124, 125, 141, 143, 144, 145, 147, 151, 154, 155, 158, 159, 160, 161, 178, 179, 180, 186, 189, 190, 191, 192, 195, 197, 198, 199, 201, 202, 203, 208, 209, 210, 211, 233, 234, 237, 238, 266, 267, 268, 269, 270, 271, 272, 273, 274, 275, 276, 277, 278, 279, 280, 281, 282, 283, 286, 288, 290, 291, 327, 328, 330, 332, 333, 334, 338, 339, 340, 341]
343: [3, 6, 58, 59, 61, 62, 63, 64, 65, 66, 67, 68, 69, 108, 111, 121, 122, 123, 124, 125, 144, 145, 153, 154, 155, 157, 158, 159, 160, 161, 178, 179, 187, 189, 190, 191, 192, 196, 197, 198, 199, 200, 202, 203, 209, 210, 211, 234, 237, 238, 266, 267, 269, 270, 271, 272, 273, 274, 275, 276, 277, 278, 279, 280, 281, 282, 283, 286, 287, 289, 290, 291, 327, 328, 330, 332, 333, 334, 338, 339, 340, 341, 342]
344: [59, 60, 61, 62, 63, 64, 65, 66, 67, 68, 69, 108, 109, 110, 111, 116, 117, 120, 122, 123, 124, 125, 139, 143, 144, 145, 151, 152, 154, 155, 178, 179, 180, 189, 191, 196, 197, 198, 199, 200, 201, 202, 203, 208, 209, 210, 211, 233, 234, 237, 238, 266, 267, 268, 269, 270, 271, 272, 273, 274, 275, 276, 277, 278, 279, 280, 281, 282, 283, 286, 287, 288, 289, 290, 329, 331, 335, 336, 337]
345: [1, 6, 57, 58, 60, 61, 62, 63, 64, 65, 66, 67, 68, 69, 109, 111, 120, 121, 123, 124, 125, 139, 140, 141, 143, 144, 145, 151, 152, 154, 155, 186, 189, 190, 191, 192, 195, 196, 197, 198, 199, 200, 201, 202, 203, 208, 209, 210, 231, 232, 237, 238, 266, 267, 268, 269, 270, 271, 272, 273, 274, 275, 276, 277, 278, 279, 280, 281, 282, 283, 286, 288, 289, 290, 291, 329, 331, 335, 336, 337, 344]
346: [3, 6, 58, 59, 61, 62, 63, 64, 65, 66, 67, 68, 69, 108, 110, 120, 121, 122, 123, 124, 125, 143, 144, 145, 147, 151, 152, 154, 155, 189, 190, 191, 192, 196, 197, 198, 199, 200, 201, 202, 203, 208, 209, 210, 211, 231, 232, 237, 238, 266, 267, 269, 270, 271, 272, 273, 274, 275, 276, 277, 278, 279, 280, 281, 282, 283, 286, 287, 289, 290, 291, 329, 331, 335, 336, 337, 344, 345]
347: [5, 16, 19, 20, 21, 29, 30, 31, 37, 38, 41, 70, 71, 72, 73, 74, 75, 76, 77, 78, 79, 112, 113, 114, 115, 121, 125, 126, 127, 128, 129, 130, 131, 142, 148, 150, 154, 163, 166, 171, 191, 192, 212, 213, 214, 215, 216, 217, 218, 219, 220, 221, 228, 230, 231, 232, 233, 234, 239, 240, 245, 246, 247, 248, 249, 250, 251, 252, 253, 254, 280, 292, 293, 295, 296, 297, 298, 299, 300, 301, 329, 330, 332, 333, 334, 335, 336, 337]
348: [1, 5, 16, 17, 18, 20, 21, 25, 28, 30, 31, 32, 38, 48, 70, 71, 72, 73, 74, 76, 77, 78, 79, 81, 89, 109, 110, 114, 115, 126, 128, 130, 131, 144, 148, 153, 155, 157, 158, 167, 170, 191, 196, 197, 198, 200, 201, 203, 212, 213, 214, 215, 216, 217, 218, 219, 220, 221, 233, 234, 237, 238, 244, 246, 247, 248, 249, 250, 251, 252, 253, 254, 255, 292, 293, 294, 295, 296, 297, 298, 299, 300, 301, 306, 308, 329, 330, 332, 333, 334, 335, 336, 337, 339, 340, 347]
349: [1, 4, 5, 17, 18, 19, 20, 21, 28, 29, 30, 31, 37, 38, 39, 70, 71, 72, 73, 74, 75, 77, 78, 79, 109, 111, 120, 124, 125, 126, 129, 130, 131, 144, 148, 152, 159, 160, 165, 166, 167, 169, 190, 191, 192, 196, 198, 199, 200, 201, 203, 213, 214, 215, 216, 217, 219, 221, 228, 231, 232, 233, 234, 237, 238, 244, 245, 246, 247, 248, 249, 250, 251, 253, 254, 255, 281, 292, 293, 294, 295, 297, 298, 299, 300, 301, 329, 330, 331, 332, 333, 334, 335, 336, 337, 339, 347, 348]
350: [18, 20, 21, 28, 29, 30, 32, 36, 61, 70, 71, 72, 73, 74, 75, 76, 77, 78, 79, 109, 110, 112, 113, 121, 124, 126, 129, 145, 146, 149, 153, 164, 165, 166, 167, 177, 189, 190, 191, 192, 212, 213, 214, 215, 216, 217, 219, 221, 231, 232, 233, 234, 239, 240, 244, 245, 246, 247, 248, 249, 251, 253, 255, 287, 292, 293, 294, 295, 296, 297, 299, 300, 301, 330, 333, 334, 336, 337, 339, 347, 348, 349]
351: [12, 17, 18, 20, 28, 29, 30, 31, 49, 60, 65, 70, 71, 72, 73, 75, 76, 77, 78, 79, 85, 90, 100, 120, 121, 125, 127, 128, 129, 142, 148, 149, 151, 153, 158, 159, 163, 166, 169, 189, 190, 191, 192, 212, 213, 214, 215, 216, 217, 218, 219, 220, 231, 232, 239, 240, 244, 245, 246, 247, 248, 249, 251, 252, 254, 275, 292, 293, 294, 295, 296, 297, 298, 299, 300, 301, 306, 307, 330, 332, 333, 334, 335, 336, 337, 338, 339, 347, 348, 349, 350]
352: [19, 28, 29, 70, 71, 73, 74, 75, 76, 77, 78, 79, 120, 121, 122, 123, 124, 127, 128, 130, 131, 143, 157, 166, 169, 177, 180, 190, 192, 197, 202, 212, 213, 215, 217, 218, 219, 220, 221, 231, 233, 234, 237, 238, 239, 240, 244, 245, 246, 248, 249, 253, 274, 281, 292, 293, 294, 295, 296, 297, 298, 299, 300, 301, 330, 331, 332, 334, 335, 337, 339, 340, 347, 348, 349, 350, 351]